JAM PACKED
 2
 3
 5
-2
-2
-2
-2
-2
-2
-2
-2
-2
-2
-2
-2
-2
-2
-2
-2
-2
 24
 24
 24
 24
 24
 24
 24
 24
 24
 24
 24
 24
 24
 24
 24
 24
 24
 24
 2
 10
 3
 6
 1
 0
 7
 12
 7
 10
 9
 14
 4
 2
 12
 24
 24
 6
 11
 13
 8
 0
 2
 6
 15
 14
 11
 14
 6
 4
 15
 1
 24
 24
 1
 12
 9
 3
 13
 6
 9
 14
 9
 3
 14
 8
 13
 8
 13
 24
 24
 8
 5
 5
 1
 12
 15
 15
 3
 0
 1
 7
 15
 7
 14
 4
 24
 24
 16
 16
 16
 16
 16
 16
 16
 16
 16
 16
 16
 16
 16
 16
 16
 24
 24
-1
-1
-1
-1
-1
-1
-1
-1
-1
-1
-1
-1
-1
-1
-1
 24
 24
 24
 24
 24
 24
 24
 24
 24
 24
 24
 24
 24
 24
 24
 24
 24
 24
-2
-2
-2
-2
-2
-2
-2
-2
-2
-2
-2
-2
-2
-2
-2
-2
-2
-2
-2
-2
-2
-2
-2
-2
-2
-2
-2
-2
-2
-2
-2
-2
-2
-2
-2
