GOOGLEY EYES
 2
 5
 0
-2
-2
-2
-2
-2
-2
-2
-2
-2
-2
-2
-2
-2
-2
-2
-2
-2
-2
-2
-2
-2
-2
-2
-2
-2
-2
-2
-2
-2
-2
-2
-2
-2
-2
-2
-2
 24
 24
 24
 24
-2
-2
-2
-2
-2
 24
 24
 24
 24
-2
-2
 24
 24
-1
 15
-1
-1
 24
 24
 24
 24
 24
-1
 11
 13
 5
 24
 24
 24
-1
 6
 24
 13
-1
-1
-1
-1
 14
-1
-1
 3
 24
 11
-1
 24
 24
-1
 24
-2
 24
 4
-1
 24
 24
 24
 5
 15
 24
-2
 24
 7
 24
 24
 14
 2
 24
 14
 10
 24
-2
-2
-2
 24
 13
-1
 24
-1
 6
 24
-2
 24
 7
-1
 7
 24
-2
-2
-2
-2
-2
 24
-1
-1
-1
 24
-2
-2
-2
 24
 24
 24
-2
-2
-2
-2
-2
-2
-2
 24
 24
 24
-2
-2
-2
-2
-2
-2
-2
-2
-2
-2
-2
-2
-2
-2
-2
-2
-2
-2
-2
-2
-2
-2
-2
-2
-2
-2
-2
-2
-2
-2
-2
-2
-2
-2
-2
-2
-2
