DIAMOND
 2
 2
 5
-2
-2
-2
-2
-2
-2
-2
-2
-2
-2
-2
-2
-2
-2
-2
-2
-2
-2
-2
-2
-2
-2
-2
-2
-2
 24
-2
-2
-2
-2
-2
-2
-2
-2
-2
-2
-2
-2
-2
-2
-2
 24
-1
 24
-2
-2
-2
-2
-2
-2
-2
-2
-2
-2
-2
-2
-2
 24
 7
-1
 3
 24
-2
-2
-2
-2
-2
-2
-2
-2
-2
-2
-2
 24
 14
 6
-1
 13
 4
 24
-2
-2
-2
-2
-2
-2
-2
-2
-2
 24
 12
 3
 14
-1
 7
 12
 14
 24
-2
-2
-2
-2
-2
-2
-2
-2
-2
 24
 14
 4
 14
 9
 3
 24
-2
-2
-2
-2
-2
-2
-2
-2
-2
-2
-2
 24
 11
 0
 15
 24
-2
-2
-2
-2
-2
-2
-2
-2
-2
-2
-2
-2
-2
 24
 10
 24
-2
-2
-2
-2
-2
-2
-2
-2
-2
-2
-2
-2
-2
-2
-2
 24
-2
-2
-2
-2
-2
-2
-2
-2
-2
-2
-2
-2
-2
-2
-2
-2
-2
-2
-2
-2
-2
-2
-2
-2
-2
-2
