CHEEZY SMILE
 1
 3
 5
-2
-2
-2
-2
-2
-2
 24
 24
 24
 24
-2
-2
-2
-2
-2
-2
-2
-2
-2
-2
-2
-2
 24
-1
-1
-1
-1
 24
-2
-2
-2
-2
-2
-2
-2
-2
-2
-2
 24
-1
 1
-1
-1
 0
-1
 24
-2
-2
-2
-2
-2
-2
-2
-2
 24
-1
-1
 24
-1
-1
 24
-1
-1
 24
-2
-2
-2
-2
-2
-2
 24
-1
-1
-1
-1
-1
-1
-1
-1
-1
-1
 24
-2
-2
-2
-2
-2
 24
-1
-1
 12
-1
-1
-1
-1
 7
-1
-1
 24
-2
-2
-2
-2
-2
 24
 6
-1
 24
 13
-1
-1
 2
 24
-1
 12
 24
-2
-2
-2
-2
-2
-2
 24
 9
 12
 24
 24
 24
 24
 7
 4
 24
-2
-2
-2
-2
-2
-2
-2
-2
 24
 3
-1
-1
-1
-1
 13
 24
-2
-2
-2
-2
-2
-2
-2
-2
-2
-2
 24
-1
 4
 4
-1
 24
-2
-2
-2
-2
-2
-2
-2
-2
-2
-2
-2
-2
 24
 24
 24
 24
-2
-2
-2
-2
-2
-2
-2
-2
