DOG LEG
 3
 0
 0
-2
-2
-2
-2
 24
 24
 24
 24
 24
 24
 24
 24
 24
 24
-2
-2
-2
-2
-2
-2
-2
 24
-1
 7
 24
 8
-1
 14
-1
-1
 24
-2
-2
-2
-2
-2
-2
-2
 24
-1
 24
-2
 24
-1
 15
 24
-1
 24
-2
-2
-2
-2
-2
-2
-2
 24
-1
 24
 24
 24
 24
 24
 24
-1
 24
-2
-2
-2
-2
-2
-2
-2
 24
 1
-1
-1
-1
-1
-1
-1
-1
 24
-2
-2
-2
-2
-2
-2
-2
 24
 24
-1
 24
 3
-1
-1
 6
 24
 24
-2
-2
-2
-2
-2
-2
-2
 24
 9
-1
 24
 24
 24
 24
 24
 24
-2
-2
-2
-2
-2
-2
-2
 24
 15
 14
-1
-1
 24
-2
-2
-2
-2
-2
-2
-2
-2
-2
-2
 24
 0
 14
 13
-1
-1
 24
-2
-2
-2
-2
-2
-2
-2
-2
-2
-2
 24
 24
 24
 24
 16
 24
 24
-2
-2
-2
-2
-2
-2
-2
-2
-2
-2
-2
-2
-2
 24
 24
 24
-2
-2
-2
-2
-2
-2
-2
-2
-2
-2
