IT SEEMS SO SIMPLE
 2
 3
 0
 24
 24
 24
 24
 24
 24
 24
 24
 24
 24
 24
 24
 24
 24
 24
 24
 24
 24
 1
-1
 24
-1
-1
-1
-1
-1
 3
-1
-1
-1
-1
-1
-1
 24
 24
 24
-1
 24
-1
 24
 24
-1
-1
 24
 24
 24
-1
-1
 24
 24
 24
 24
-1
-1
-1
-1
 24
-1
-1
-1
-1
-1
 24
 24
-1
 24
-1
 24
 24
-1
 24
 24
 24
 24
-1
 24
-1
 24
-1
-1
-1
-1
-1
-1
 24
 24
-1
-1
-1
 6
-1
 24
 24
-1
 24
 24
-1
-1
-1
-1
-1
 24
 24
 24
 24
 24
 24
-1
-1
-1
-1
-1
-1
-1
 24
-1
 24
 24
 24
 24
-1
 24
-1
-1
 24
 24
 24
 16
-1
-1
-1
 24
 24
 24
-1
 24
 24
-1
 24
-1
-1
-1
-1
 14
-1
-1
 24
 24
 24
-1
-1
-1
 24
 24
-1
-1
-1
-1
 24
-1
 24
-1
-1
-1
-1
-1
-1
-1
-1
 24
 24
 24
 24
 24
 24
 24
 24
 24
 24
 24
 24
 24
 24
 24
 24
 24
 24
-2
