FIRSTCLASS
 2
 0
 0
 24
 24
 24
 24
 24
 24
 24
 24
 24
 24
 24
 24
 24
 24
 24
 24
 24
 24
-1
-1
-1
-1
-1
-1
-1
-1
-1
-1
-1
-1
 10
-1
-1
 24
 24
-1
-1
-1
-1
-1
-1
-1
-1
-1
-1
-1
-1
 24
 24
-1
 24
 24
-1
-1
 4
-1
-1
-1
-1
-1
-1
-1
-1
-1
 24
 24
-1
 24
 24
-1
-1
 24
 24
 24
 24
 24
 24
-1
-1
-1
-1
-1
-1
-1
 24
 24
-1
-1
 10
-1
-1
-1
-1
-1
-1
-1
-1
-1
-1
-1
-1
 24
 24
-1
-1
 24
 24
 24
 24
 24
 24
 24
 24
-1
-1
-1
-1
-1
 24
 24
-1
-1
 6
-1
-1
-1
-1
-1
-1
-1
-1
-1
-1
-1
-1
 24
 24
-1
-1
 24
 24
 24
 24
 24
 24
 24
 24
-1
-1
-1
-1
-1
 24
 24
-1
-1
-1
-1
-1
-1
-1
-1
-1
-1
 13
 3
 0
 1
 0
 24
 24
 24
 24
 24
 24
 24
 24
 24
 24
 24
 24
 24
 24
 24
 24
 24
 24
-2
