SUGAR CUBE
 2
 0
 0
-2
-2
-2
-2
-2
-2
-2
-2
-2
-2
-2
-2
-2
-2
-2
-2
-2
-2
-2
-2
-2
-2
-2
-2
-2
-2
-2
-2
-2
-2
-2
-2
-2
-2
-2
-2
-2
-2
-2
 24
 24
 24
 24
 24
 24
 24
-2
-2
-2
-2
-2
-2
-2
-2
-2
-2
 24
 4
 24
 4
 24
 6
 24
-2
-2
-2
-2
-2
-2
-2
-2
-2
-2
 24
 3
-1
 13
 24
 14
 24
-2
-2
-2
-2
-2
-2
-2
-2
-2
-2
 24
 24
-1
 24
-1
 6
 24
-2
-2
-2
-2
-2
-2
-2
-2
-2
-2
 24
 24
 0
-1
 0
 17
 24
-2
-2
-2
-2
-2
-2
-2
-2
-2
-2
 24
 24
 24
 24
 24
 24
 24
-2
-2
-2
-2
-2
-2
-2
-2
-2
-2
-2
-2
-2
-2
-2
-2
-2
-2
-2
-2
-2
-2
-2
-2
-2
-2
-2
-2
-2
-2
-2
-2
-2
-2
-2
-2
-2
-2
-2
-2
-2
-2
-2
-2
-2
-2
-2
-2
-2
-2
-2
-2
-2
-2
-2
-2
-2
