SWEET
 2
 3
 0
-2
-2
-2
-2
-2
-2
-2
-2
-2
-2
-2
-2
-2
-2
-2
-2
-2
-2
-2
-2
-2
-2
-2
-2
-2
-2
-2
-2
-2
-2
-2
-2
-2
-2
-2
-2
 24
 24
-2
-2
-2
 24
 24
 24
-2
-2
-2
 24
 24
-2
-2
-2
-2
 24
-1
 24
-2
 24
-1
 7
-1
 24
-2
 24
-1
 24
-2
-2
-2
-2
 24
-1
-1
 24
-1
-1
 3
 5
-1
 24
-1
-1
 24
-2
-2
-2
-2
 24
-1
 5
 17
-1
-1
 12
 13
-1
 17
-1
 2
 24
-2
-2
-2
-2
 24
-1
 12
 24
-1
-1
 15
 12
-1
 24
 0
 14
 24
-2
-2
-2
-2
 24
 15
 24
-2
 24
 4
 7
 15
 24
-2
 24
 4
 24
-2
-2
-2
-2
 24
 24
-2
-2
-2
 24
 24
 24
-2
-2
-2
 24
 24
-2
-2
-2
-2
-2
-2
-2
-2
-2
-2
-2
-2
-2
-2
-2
-2
-2
-2
-2
-2
-2
-2
-2
-2
-2
-2
-2
-2
-2
-2
-2
-2
-2
-2
-2
-2
-2
