THE END
 1
 4
 5
-2
-2
-2
 24
 24
 24
-2
 24
-2
 24
-2
 24
 24
 24
-2
-2
-2
-2
-2
-2
-2
 24
-2
-2
 24
 24
 24
-2
 24
 24
-2
-2
-2
-2
-2
-2
-2
-2
 24
-2
-2
 24
-2
 24
-2
 24
 24
 24
-2
-2
-2
-2
-2
-2
-2
-2
-2
-2
-2
-2
-2
-2
-2
-2
-2
-2
-2
-2
 24
 24
 24
 24
 24
 24
 24
 24
 24
 24
 24
 24
 24
 24
 24
 24
 24
 24
-1
 9
 3
 24
 24
-1
 24
 24
-1
 24
 24
-1
 14
 12
 24
 24
 24
-1
 24
 24
 24
 24
-1
 7
 24
-1
 24
 24
-1
 24
 12
-1
 24
 24
-1
 4
 24
 24
 24
-1
 13
-1
 10
 24
 24
-1
 24
 24
-1
 24
 24
 12
 24
 24
 24
 24
-1
 24
-1
 3
 24
 24
-1
 24
-1
 3
 24
 24
 15
-1
 5
 24
 24
-1
 24
 24
 6
 24
 24
 10
 4
 15
 24
 24
 24
 24
 24
 24
 24
 24
 24
 24
 24
 24
 24
 24
 24
 24
 24
 24
 24
-2
