1:11 "Sönke Tesch"
13 02  02 02
 0 0n0 0 0 0 0 0u3 0 0 0 0 0 0 0
 0 0s0 0 0 0 0 0s0 0 0 0 0o2 0 0
n0s0a1s0n0 0 0 0n0 0 0 0l2e1r2 0
 0 0s0 0 0 0 0 0 0 0u1 0 0u2 0 0
 0 0n0 0u5n0 0 0 0 0s0 0 0 0 0 0
 0 0 0 0 0z0 0 0 0 0n0 0 0 0 0 0
 0 0 0 0 0 0 0 0 0 0 0 0r4s0n0 0
 0 0 0 0o4 0 0 0r2s0n0 0 0 0 0 0
 0 0 0 0s0 0 0 0 0 0 0 0 0 0 0 0
 0 0 0 0 0 0 0n0n0 0 0 0 0 0 0 0
 0 0 0 0 0 0 0 0 0 0 0 0 0 0 0 0
00 00  16 11
 0 0s1n0 0 0 0 0 0 0 0 0 0 0 0 0
 0 0r5 0 0 0 0 0u3 0 0 0 0 0 0 0
s1u2 0r1s1n0 0 0s1 0 0 0 0 0 0 0
n0 0u1 0 0 0 0 0n0 0 0 0 0 0 0 0
 0 0s1 0 0 0 0 0 0 0r4 0 0 0 0 0
 0 0n0 0 0 0 0 0 0 0s1n0 0 0 0 0
 0 0 0 0 0 0 0 0 0 0 0 0 0 0 0 0
 0 0 0 0 0 0 0 0 0r2s1z0 0 0 0 0
 0 0 0 0 0 0 0 0 0 0 0 0 0 0 0 0
 0 0 0 0 0 0 0 0n0n0 0 0 0 0 0 0
 0 0 0 0 0 0 0 0 0 0 0 0 0 0 0 0
00 00  13 11
 0 0r5s2n0 0 0 0 0 0 0 0 0
 0 0 0 0 0 0 0 0 0 0 0 0 0
u1 0 0 0r1s2n0 0u4 0 0 0 0
s2 0 0 0 0 0 0 0s2 0 0 0 0
n0 0u3 0 0 0 0 0n0 0 0 0 0
 0 0s2 0 0 0 0 0 0 0r5s2n0
 0 0n0 0 0 0 0 0 0 0 0 0 0
 0 0 0 0 0 0 0 0 0 0 0 0 0
 0 0 0 0u2 0 0 0 0 0 0 0 0
 0 0 0 0s2 0 0 0 0n0 0 0 0
 0 0 0 0 0 0 0 0 0n0 0 0 0
00 00  14 11
 0 0 0r3s3n0 0 0 0 0 0 0 0 0
 0 0 0 0 0 0 0 0 0 0 0 0 0 0
 0 0 0 0 0u1s3 0 0 0 0 0 0 0
u1 0 0 0 0 0n0 0r5 0 0 0 0 0
s3 0 0 0 0 0 0 0s3n0 0 0 0 0
n0 0u2 0 0 0 0 0 0 0 0r3s3n0
 0 0s3 0 0 0 0 0 0 0 0 0 0 0
 0 0n0 0 0 0 0 0 0 0 0 0 0 0
 0 0 0 0 0 0 0 0 0 0 0 0 0 0
 0 0 0 0n0 0 0 0 0 0 0 0 0 0
 0 0 0 0s3 0 0 0 0n0 0 0 0 0
00 00  15 11
 0 0 0 0u1s4 0 0 0 0 0 0 0 0 0
 0 0 0 0 0n0 0 0 0 0 0 0 0 0 0
 0 0 0 0 0 0u5 0 0 0 0 0 0 0 0
 0 0 0 0 0 0s4 0 0 0 0 0 0 0 0
s4 0 0 0 0 0n0 0r3s4n0 0 0 0 0
n0 0 0 0 0 0 0 0 0 0 0 0r2s4n0
 0 0r2 0 0 0 0 0 0 0 0 0 0 0 0
 0 0s4n0 0 0 0 0 0 0 0 0 0 0 0
 0 0 0 0 0 0 0 0 0 0 0 0 0 0 0
 0 0 0 0 0 0 0 0 0 0 0 0 0 0 0
 0 0 0 0 0 0 0 0 0 0 0n0 0 0 0
00 00  16 11
 0 0 0 0 0r2 0 0 0 0 0 0 0 0 0 0
 0 0 0 0 0s5n0 0 0 0 0 0 0 0 0 0
 0 0 0 0 0 0 0 0 0 0 0 0 0 0 0 0
 0 0 0 0 0 0u5 0 0 0n0 0 0 0 0 0
r1 0 0 0 0 0s5 0 0o1s5 0 0 0 0 0
s5n0 0 0 0 0n0 0 0 0 0 0 0r5s5n0
 0 0 0 0 0 0 0 0 0 0 0 0 0 0 0 0
 0 0r1s5n0 0 0 0 0 0 0 0 0 0 0 0
 0 0 0 0 0 0 0 0 0 0 0 0 0 0 0 0
 0 0 0 0 0 0 0 0 0 0 0n0 0 0 0 0
 0 0 0 0 0 0 0 0 0 0 0s5 0 0 0 0
00 00  16 11
 0 0 0 0 0 0 0 0 0 0 0 0 0 0 0 0
 0 0 0 0 0r1s6n0 0 0 0 0 0 0 0 0
 0 0 0 0 0 0 0 0 0 0n0 0 0 0 0 0
 0 0 0 0 0 0 0 0 0 0s6 0 0 0 0 0
 0 0 0 0 0 0u4 0 0 0o2 0 0 0 0 0
r4s6n0 0 0 0s6 0 0 0 0 0 0 0u2s6
 0 0 0 0 0 0n0 0 0 0 0 0 0 0 0n0
 0 0 0u1s6 0 0 0 0 0 0 0 0 0 0 0
 0 0 0 0n0 0 0 0 0 0 0n0 0 0 0 0
 0 0 0 0 0 0 0 0 0 0 0s6 0 0 0 0
 0 0 0 0 0 0 0 0 0 0 0o3 0 0 0 0
00 00  16 11
 0 0 0 0 0 0 0n0 0 0 0 0 0 0 0 0
 0 0 0 0 0 0o1s7 0 0 0 0 0 0 0 0
 0 0 0 0 0 0 0 0 0 0s7n0 0 0 0 0
 0 0 0 0 0 0 0 0 0 0r5 0 0 0 0 0
 0 0 0 0 0 0 0 0 0 0 0 0 0 0 0 0
 0r3s7n0 0 0u1 0 0 0 0 0 0 0 0u4
 0 0 0 0 0 0s7 0 0 0 0 0 0 0 0s7
 0 0 0 0u1 0n0 0 0 0 0n0 0 0 0n0
 0 0 0 0s7 0 0 0 0 0 0s7 0 0 0 0
 0 0 0 0n0 0 0 0 0 0 0o1 0 0 0 0
 0 0 0 0 0 0 0 0 0 0 0 0 0 0 0 0
01 00  15 11
 0 0 0 0 0 0n0 0 0 0 0 0 0 0 0
 0 0 0 0 0 0s8 0 0 0 0 0 0 0 0
 0 0 0 0 0 0 0 0 0r2s8n0 0 0 0
 0 0 0 0 0 0 0 0 0 0 0 0 0 0 0
 0 0n0 0 0 0 0 0 0 0 0 0 0 0 0
 0o1s8 0 0 0 0 0 0 0 0 0 0 0 0
 0 0 0 0 0r5 0 0 0 0n0 0 0 0 0
 0 0 0s8 0s8n0 0 0 0s8 0 0 0l4
 0 0 0r1 0 0 0 0 0 0o3 0 0n0s8
 0 0 0k1k1 0 0 0 0 0 0 0 0 0 0
 0 0 0 0 0 0 0 0 0 0 0 0 0 0 0
02 00  14 10
 0 0 0 0 0z0 0 0 0 0 0 0 0 0
 0 0 0 0 0 0 0 0 0 0 0 0 0 0
 0 0 0 0 0 0 0 0 0u5s9 0 0 0
 0 0 0 0 0 0 0 0 0 0n0 0 0 0
 0s9n0 0 0 0 0 0 0 0 0 0 0 0
 0r3 0 0 0 0 0 0 0 0 0 0 0 0
 0 0 0 0 0 0 0 0 0s9n0 0 0 0
 0 0r5 0r1s9n0 0 0r1 0 0 0 0
 0 0s9 0 0 0 0 0 0 0 0n0s9l2
 0 0 0n0n0 0 0 0 0 0 0 0 0 0
03 00  13 10
 0 0 0 0 0 0 0 0 0 0 0 0 0
 0 0 0 0 0 0 0 0 0 0 0 0 0
 0 0 0 0 0 0 0 0 0u4 0 0 0
 0 0 0 0 0 0 0 0 0s0 0 0 0
r2s0n0 0 0 0 0 0 0n0 0 0 0
 0 0 0 0 0 0 0 0 0 0 0 0 0
 0 0 0 0 0 0 0 0r3s0n0 0 0
 0r1 0 0r1s0n0 0 0 0 0 0 0
 0s0 0 0 0 0 0 0 0 0s0u4 0
 0 0 0n0n0 0 0 0 0 0n0 0 0
