2,0,1,1,2,1,1,128,208,256,208,1,2,2
16,144,240,208,3,4,4,7
3,32,16,64,96,96,48,5,6,7,1
-1,-1,-1,-1,-1
2,48,160,80,160,9,10,0,1,1,1
32,176,288,128,10,13,11,12
-1,-1,-1,-1,-1,-1,-1,-1,-1,-1,-1,-1,-1,-1,-1
-1,-1,-1,-1,-1,-1,-1,-1
2,176,208,176,160,13,14,0,1,27,29,1
192,32,16,208,15,16,21,24
2,240,112,144,160,144,112,96,224,17,18,19,20,2,1
176,96,144,48
4,112,96,208,32,160,144,192,144,96,144,272,128,21,22,23,24,25,26,87,94,101,80
336,138,1,29,8
27,29,144,224,191
30,50
16,224,303,230,304,96,319,223,272,144,303,159,144,160,175,175,192,160,223,175
16,160,127,175,112,176,127,207,32,192,79,207,0,96,15,223,96,112,255,116,104,116,255,127
64,64,79,143,16,112,31,127,32,112,47,143,0,48,31,63,32,0,47,63
64,32,111,47,96,64,159,79,160,80,207,95,192,64,207,79,192,48,239,63
