RIVET
 2
 0
 0
-2
-2
-2
 24
 24
 24
 24
 24
 24
 24
 24
 24
-2
-2
-2
-2
-2
-2
-2
-2
-2
-2
 24
 6
-1
 7
 24
-2
-2
-2
-2
-2
-2
-2
-2
-2
-2
-2
-2
 24
 0
-1
 6
 24
-2
-2
-2
-2
-2
-2
-2
-2
-2
-2
-2
-2
 24
 15
-1
 7
 24
-2
-2
-2
-2
-2
-2
-2
-2
-2
-2
-2
-2
 24
 11
-1
 14
 24
-2
-2
-2
-2
-2
-2
-2
-2
-2
-2
-2
-2
 24
 24
 16
 24
 24
-2
-2
-2
-2
-2
-2
-2
-2
-2
-2
-2
-2
 24
 10
-1
 3
 24
-2
-2
-2
-2
-2
-2
-2
-2
-2
-2
-2
-2
 24
 2
-1
 14
 24
-2
-2
-2
-2
-2
-2
-2
-2
-2
-2
-2
-2
 24
 1
-1
 5
 24
-2
-2
-2
-2
-2
-2
-2
-2
-2
-2
-2
-2
 24
 9
-1
 15
 24
-2
-2
-2
-2
-2
-2
-2
-2
-2
-2
 24
 24
 24
 24
 24
 24
 24
 24
 24
-2
-2
-2
-2
-2
-2
