RAM CHIP
 2
 3
 0
-2
-2
-2
-2
-2
-2
-2
-2
-2
-2
-2
-2
-2
-2
-2
-2
-2
-2
-2
-2
 24
 24
 24
 24
 24
 24
 24
 24
 24
 24
 24
-2
-2
-2
-2
-2
-2
 24
-1
 14
-1
-1
-1
 8
-1
-1
 14
 24
-2
-2
-2
-2
-2
-2
 24
 24
 5
-1
-1
-1
 13
 2
 5
 5
 24
-2
-2
-2
-2
-2
-2
 24
-1
 24
-1
 24
 24
 24
 24
 24
 24
 24
-2
-2
-2
-2
-2
-2
 24
-1
 2
 17
-1
-1
 11
 14
-1
-1
 24
-2
-2
-2
-2
-2
-2
 24
 24
 1
 24
 24
-1
 24
 24
 24
-1
 24
-2
-2
-2
-2
-2
-2
 24
 12
 24
 24
 12
-1
-1
-1
 24
-1
 24
-2
-2
-2
-2
-2
-2
 24
 2
-1
 24
 10
 3
-1
 24
 14
-1
 24
-2
-2
-2
-2
-2
-2
 24
 24
 24
 24
 24
 24
 24
 24
 24
 24
 24
-2
-2
-2
-2
-2
-2
-2
-2
-2
-2
-2
-2
-2
-2
-2
-2
-2
-2
-2
-2
-2
