HOUR-GLASS
 2
 1
 0
-2
-2
-2
-2
-2
-2
-2
-2
-2
-2
-2
-2
-2
-2
-2
-2
-2
-2
-2
-2
-2
 24
 24
 24
 24
 24
 24
 24
 24
 24
-2
-2
-2
-2
-2
-2
-2
-2
 24
-1
-1
-1
-1
-1
-1
-1
 24
-2
-2
-2
-2
-2
-2
-2
-2
 24
 24
 6
 13
 7
 3
 6
 24
 24
-2
-2
-2
-2
-2
-2
-2
-2
 24
-2
 24
 6
 12
 3
 24
-2
 24
-2
-2
-2
-2
-2
-2
-2
-2
 24
-2
-2
 24
 15
 24
-2
-2
 24
-2
-2
-2
-2
-2
-2
-2
-2
 24
-2
 24
-1
 12
-1
 24
-2
 24
-2
-2
-2
-2
-2
-2
-2
-2
 24
 24
-1
 13
 5
 3
-1
 24
 24
-2
-2
-2
-2
-2
-2
-2
-2
 24
-1
 12
 7
 2
 6
 13
-1
 24
-2
-2
-2
-2
-2
-2
-2
-2
 24
 24
 24
 24
 24
 24
 24
 24
 24
-2
-2
-2
-2
-2
-2
-2
-2
-2
-2
-2
-2
-2
-2
-2
-2
-2
-2
-2
-2
-2
-2
