AVAILABLE ON CD & CASSETTE
 2
 2
 0
 24
 24
 24
 24
 24
 24
 24
 24
 24
-2
-2
-2
-2
-2
-2
-2
-2
 24
-1
 8
-1
-1
-1
 2
-1
 24
-2
-2
-2
-2
-2
-2
-2
-2
 24
-1
 24
-1
-1
-1
 24
-1
 24
-2
-2
 24
 24
 24
-2
-2
-2
 24
 5
-1
-1
 12
-1
-1
 15
 24
-2
 24
-1
-1
-1
 24
-2
-2
 24
 5
 13
 4
 24
-1
 15
 9
 24
 24
-1
-1
-1
-1
-1
 24
-2
 24
 24
 24
 24
 24
 24
 24
 24
 24
-1
-1
-1
 15
-1
-1
-1
 24
-2
-2
-2
-2
-2
-2
-2
-2
 24
-1
-1
-1
 24
-1
-1
-1
 24
-2
-2
-2
-2
-2
-2
-2
-2
 24
 4
 2
 12
-1
 7
 15
 14
 24
-2
-2
-2
-2
-2
-2
-2
-2
-2
 24
 6
 13
 5
 1
 11
 24
-2
-2
-2
-2
-2
-2
-2
-2
-2
-2
-2
 24
 10
 2
 4
 24
-2
-2
-2
-2
-2
-2
-2
-2
-2
-2
-2
-2
-2
 24
 24
 24
-2
-2
-2
-2
