MESSY
 2
 5
 0
-2
-2
-2
-2
-2
-2
-2
-2
-2
-2
-2
-2
-2
-2
-2
-2
-2
-2
-2
-2
 24
 24
 24
 24
 24
 24
 24
 24
 24
 24
-2
-2
-2
-2
-2
-2
-2
 24
 14
-1
 24
-1
-1
 3
 14
-1
 24
-2
-2
-2
-2
-2
-2
-2
 24
 13
-1
 6
-1
-1
 24
 24
-1
 24
-2
-2
-2
-2
-2
-2
-2
 24
 6
-1
 24
-1
-1
 13
 24
-1
 24
-2
-2
-2
-2
-2
-2
-2
 24
 17
 15
 24
-1
-1
 8
-1
 3
 24
-2
-2
-2
-2
-2
-2
-2
 24
 2
 24
 24
-1
 17
 24
 5
 24
 24
-2
-2
-2
-2
-2
-2
-2
 24
 14
-1
-1
 1
 24
 6
 12
-1
 24
-2
-2
-2
-2
-2
-2
-2
 24
 24
 24
 24
 24
 24
 24
 24
 24
 24
-2
-2
-2
-2
-2
-2
-2
-2
-2
-2
-2
-2
-2
-2
-2
-2
-2
-2
-2
-2
-2
-2
-2
-2
-2
-2
-2
-2
-2
-2
-2
-2
-2
-2
-2
-2
-2
-2
-2
