SUBMARINE
 3
 0
 0
-2
-2
-2
-2
-2
-2
 24
 24
-2
-2
-2
-2
-2
-2
-2
-2
-2
-2
-2
-2
-2
-2
-2
-2
 24
-2
-2
-2
-2
-2
-2
-2
-2
-2
-2
-2
-2
-2
-2
 24
 24
 24
 24
 24
 24
-2
-2
-2
-2
-2
-2
-2
-2
-2
-2
-2
 24
 6
 15
 2
 12
 24
-2
-2
-2
-2
-2
-2
-2
-2
 24
 24
 24
 24
 16
 24
 24
 24
 24
 24
 24
 24
-2
-2
-2
-2
-2
 24
-1
-1
 4
-1
 2
 5
-1
 3
 7
-1
 24
-2
-2
-2
-2
-2
 24
-1
-1
 24
-1
 24
 1
-1
 24
 24
-1
 24
-2
-2
-2
-2
-2
 24
 3
 3
 24
-1
-1
 24
-1
 4
 24
-1
 24
-2
-2
-2
-2
-2
 24
 24
 5
 24
 13
 0
 24
 10
 24
 3
-1
 24
-2
 24
-2
-2
-2
-2
 24
 24
 24
 24
 24
 24
 24
 24
 24
-1
-1
 24
 24
-2
-2
-2
-2
-2
-2
-2
-2
-2
-2
-2
-2
 24
 24
 24
-2
 24
-2
-2
