EXPERIMENT
 2
 4
 5
-2
-2
-2
-2
-2
-2
-2
-2
-2
-2
 24
 24
 24
 24
 24
 24
 24
-2
-2
-2
-2
-2
-2
-2
 24
 24
-2
 24
 2
 0
 3
 7
 14
 24
-2
-2
-2
-2
-2
-2
 24
 14
-1
 24
-2
 24
 2
 1
 3
 24
-2
 24
 24
 24
-2
-2
 24
-2
 24
-1
 24
 24
 24
 24
 9
 24
-2
-2
 24
-1
 24
 24
 24
 12
 24
-1
-1
-1
 4
-1
-1
 6
 24
-2
-2
 24
-1
-1
 8
-1
 11
-1
 4
 24
 24
 24
-1
 24
 24
-2
-2
-2
 24
-1
 24
 24
-1
 24
-1
 24
-2
 24
 17
-1
 24
-2
-2
-2
-2
 24
 12
 24
-2
 24
-2
 24
-2
-2
-2
 24
-1
 24
-2
-2
-2
-2
 24
 4
 24
-2
-2
-2
-2
-2
-2
 24
-1
-1
-1
 24
-2
-2
-2
 24
 5
 24
-2
-2
-2
-2
-2
-2
 24
 9
 15
 10
 24
-2
-2
-2
-2
 24
-2
-2
-2
-2
-2
-2
-2
-2
 24
 24
 24
-2
-2
-2
-2
-2
