WAREHOUSE
 2
 4
 0
-2
-2
-2
-2
-2
-2
-2
-2
-2
-2
-2
-2
-2
-2
-2
-2
-2
-2
-2
-2
-2
-2
-2
 24
 24
 24
 24
 24
-2
-2
-2
-2
-2
-2
-2
-2
-2
-2
-2
-2
 24
 6
 0
 15
 24
-2
-2
-2
-2
-2
-2
-2
-2
-2
-2
-2
-2
 24
 7
 15
 9
 24
-2
-2
-2
-2
-2
-2
-2
-2
-2
 24
 24
 24
 24
 6
 0
 14
 24
 24
 24
 24
-2
-2
-2
-2
-2
-2
 24
-1
-1
-1
 14
 1
 3
-1
-1
-1
 24
-2
-2
-2
-2
-2
-2
 24
-1
 12
-1
 24
 24
 24
-1
-1
 12
 24
-2
-2
-2
-2
-2
-2
 24
 8
 13
-1
 10
 24
-1
 12
-1
 3
 24
-2
-2
-2
-2
-2
-2
 24
 15
 9
 14
 4
 24
 6
 11
 12
 0
 24
-2
-2
-2
-2
-2
-2
 24
 24
 24
 24
 24
 24
 24
 24
 24
 24
 24
-2
-2
-2
-2
-2
-2
-2
-2
-2
-2
-2
-2
-2
-2
-2
-2
-2
-2
-2
-2
-2
