MILK BOTTLES
 4
 1
 5
 24
 24
 24
 24
 24
 24
 24
 24
 24
 24
 24
 24
 24
 24
 24
 24
 24
 24
-1
-1
-1
 16
-1
-1
-1
 7
-1
-1
-1
 16
-1
-1
-1
 24
 24
-1
-1
-1
-1
-1
-1
-1
 9
-1
-1
-1
-1
-1
-1
-1
 24
 24
-1
-1
 24
-1
 24
-1
-1
 17
-1
-1
 24
-1
 24
-1
-1
 24
 24
-1
-1
 24
-1
 24
-1
-1
 10
-1
-1
 24
-1
 24
-1
-1
 24
 24
-1
 24
-1
-1
-1
 24
-1
 13
-1
 24
-1
-1
-1
 24
-1
 24
 24
-1
 24
-1
-1
-1
 24
-1
 6
-1
 24
 12
 7
 7
 24
-1
 24
 24
-1
 24
 2
 13
 4
 24
-1
 14
-1
 24
 5
 3
 1
 24
-1
 24
 24
-1
 24
 12
 15
 12
 24
-1
 3
-1
 24
 2
 11
 7
 24
-1
 24
 24
 0
-1
 24
 24
 24
-1
-1
 16
-1
-1
 24
 24
 24
-1
-1
 24
 24
 24
 24
 24
 24
 24
 24
 24
 24
 24
 24
 24
 24
 24
 24
 24
 24
-2
