TELEPHONE
 3
 2
 0
-2
-2
-2
 24
 24
 24
 24
 24
 24
 24
 24
 24
 24
 24
-2
-2
-2
-2
-2
 24
-1
-1
-1
-1
-1
-1
-1
-1
-1
-1
-1
 24
-2
-2
-2
 24
-1
-1
 10
 24
 24
 24
 16
 24
 24
 24
 5
-1
 12
 24
-2
-2
 24
-1
 14
 5
 24
-2
 24
-1
 24
-2
 24
 15
-1
 15
 24
-2
-2
-2
 24
 24
 24
-2
-2
 24
-1
 24
-2
-2
 24
 24
 24
-2
-2
-2
-2
-2
-2
-2
-2
 24
-1
-1
-1
 24
-2
-2
-2
-2
-2
-2
-2
-2
-2
-2
 24
 24
-1
 6
-1
 7
-1
 24
 24
-2
-2
-2
-2
-2
-2
-2
 24
-1
-1
-1
 24
-1
 24
-1
-1
-1
 24
-2
-2
-2
-2
-2
 24
-1
-1
-1
 6
 8
-1
 14
 12
-1
-1
-1
 24
-2
-2
-2
-2
 24
-1
-1
-1
 24
 24
-1
 24
 24
-1
-1
-1
 24
-2
-2
-2
-2
-2
 24
 24
 24
 24
 24
 24
 24
 24
 24
 24
 24
-2
-2
-2
-2
