 21
 38
 20
 23
 23
 23
 23
 23
 23
 23
 23
 23
 23
 23
 23
 23
 23
 23
 23
 23
 23
 23
 23
 23
 23
 23
 23
 23
 23
 23
 23
 23
 23
 23
 23
 23
 23
 23
 24
 54
 54
 54
 54
 20
 20
 20
 21
 54
 54
 54
 31
 31
 20
 25
 54
 54
 54
 54
 54
 54
 54
 31
 31
 31
 54
 54
 54
 21
 54
 20
 20
 20
 20
 21
 54
 54
 7
 21
 54
 54
 54
 38
 20
 20
 20
 21
 54
 54
 54
 54
 54
 36
 21
 54
 54
 54
 54
 54
 54
 54
 54
 31
 31
 31
 54
 29
 21
 54
 20
 20
 20
 20
 21
 3
 22
 54
 21
 54
 54
 54
 54
 21
 54
 47
 21
 54
 54
 54
 54
 54
 36
 21
 54
 54
 54
 22
 39
 22
 54
 54
 54
 31
 31
 31
 54
 21
 54
 22
 54
 54
 46
 21
 54
 54
 54
 21
 54
 54
 54
 31
 21
 54
 48
 20
 20
 20
 20
 22
 54
 20
 25
 54
 54
 54
 54
 54
 54
 54
 22
 54
 54
 31
 31
 31
 21
 54
 54
 54
 54
 48
 21
 54
 54
 30
 21
 54
 54
 54
 31
 21
 54
 54
 20
 20
 20
 20
 21
 54
 22
 54
 54
 54
 54
 54
 54
 54
 54
 54
 54
 54
 54
 31
 31
 21
 54
 54
 54
 54
 54
 21
 54
 54
 54
 21
 54
 54
 54
 31
 21
 54
 38
 20
 20
 20
 20
 22
 54
 54
 54
 54
 54
 22
 54
 22
 54
 22
 54
 54
 54
 54
 54
 54
 21
 54
 22
 54
 20
 23
 24
 54
 54
 54
 21
 54
 54
 54
 54
 21
 54
 54
 54
 54
 54
 54
 54
 54
 41
 22
 54
 54
 20
 23
 23
 23
 23
 23
 24
 54
 54
 54
 41
 21
 54
 54
 54
 38
 20
 21
 54
 20
 23
 24
 54
 54
 54
 30
 22
 54
 54
 54
 54
 54
 54
 54
 54
 42
 21
 54
 54
 21
 54
 54
 54
 54
 54
 54
 54
 54
 54
 42
 21
 54
 54
 54
 54
 54
 54
 54
 54
 36
 21
 54
 54
 54
 54
 54
 54
 54
 54
 54
 50
 54
 54
 54
 43
 21
 54
 45
 21
 54
 54
 54
 54
 54
 54
 54
 54
 54
 43
 21
 54
 22
 54
 54
 54
 54
 54
 54
 36
 21
 54
 54
 54
 54
 54
 54
 49
 22
 54
 52
 54
 54
 54
 44
 22
 54
 46
 21
 54
 54
 20
 23
 23
 23
 23
 23
 23
 23
 24
 54
 21
 54
 54
 54
 54
 20
 23
 23
 24
 54
 54
 50
 54
 54
 54
 54
 21
 54
 52
 54
 54
 54
 54
 54
 54
 47
 21
 54
 54
 54
 20
 21
 54
 54
 54
 54
 54
 21
 54
 20
 23
 23
 23
 23
 25
 54
 42
 21
 54
 54
 52
 54
 54
 54
 49
 22
 54
 53
 54
 54
 54
 54
 54
 54
 48
 20
 23
 23
 25
 54
 21
 54
 54
 54
 54
 54
 22
 54
 54
 48
 21
 54
 54
 54
 22
 43
 21
 54
 54
 51
 54
 54
 54
 54
 54
 54
 54
 54
 54
 54
 54
 54
 54
 54
 54
 54
 54
 54
 54
 21
 54
 54
 37
 22
 54
 54
 54
 54
 54
 22
 54
 54
 29
 21
 44
 21
 54
 54
 51
 54
 54
 54
 54
 54
 54
 54
 54
 54
 54
 54
 22
 54
 54
 54
 54
 20
 23
 23
 24
 54
 54
 54
 54
 54
 54
 54
 54
 54
 54
 54
 54
 54
 21
 54
 21
 54
 54
 53
 54
 54
 54
 20
 23
 23
 23
 25
 54
 54
 31
 21
 54
 38
 22
 54
 22
 54
 22
 54
 54
 54
 22
 54
 22
 54
 20
 23
 23
 23
 23
 23
 23
 24
 54
 21
 54
 54
 54
 54
 54
 37
 21
 54
 54
 28
 21
 54
 31
 31
 21
 54
 54
 54
 54
 54
 54
 54
 30
 31
 31
 21
 41
 21
 54
 54
 22
 54
 22
 44
 22
 54
 22
 38
 21
 54
 54
 54
 54
 54
 54
 22
 54
 54
 54
 22
 54
 54
 54
 21
 54
 54
 54
 54
 54
 22
 54
 54
 54
 54
 22
 42
 21
 54
 54
 54
 54
 54
 54
 54
 54
 54
 54
 21
 54
 54
 54
 54
 54
 54
 54
 54
 54
 54
 54
 54
 54
 54
 20
 20
 20
 22
 54
 54
 54
 54
 20
 21
 54
 54
 42
 21
 54
 54
 40
 22
 54
 22
 54
 22
 54
 20
 21
 54
 54
 20
 23
 23
 23
 23
 23
 23
 23
 23
 23
 23
 23
 23
 23
 23
 23
 23
 23
 23
 23
 23
 23
 23
 23
 23
 23
 23
 23
 23
 23
 23
 23
 23
 23
 23
 23
 24
 54
 54
 54
 54
 54
 54
 54
 54
 54
 54
 54
 54
 54
 54
 54
 54
 54
 54
 54
 54
 54
 54
 54
 54
 54
 54
 54
 54
 54
 54
 54
 54
 54
 54
 54
 54
 54
 54
 54
 54
 54
 54
 54
 54
 54
 54
 54
 54
 54
 54
 54
 54
 54
 54
 54
 54
 54
 54
 54
 54
 54
 54
 54
 54
 54
 54
 54
 54
 54
 54
 54
 54
 54
 54
 54
 54
 54
 54
 54
 54
