 25
 31
 20
 23
 23
 23
 23
 23
 23
 23
 23
 23
 23
 23
 23
 23
 23
 23
 23
 23
 23
 23
 23
 23
 23
 23
 23
 23
 23
 23
 23
 24
 54
 54
 49
 54
 54
 54
 54
 54
 54
 54
 54
 54
 54
 54
 21
 49
 54
 54
 21
 54
 54
 54
 54
 54
 49
 54
 54
 54
 21
 54
 54
 21
 54
 54
 20
 23
 23
 23
 23
 23
 23
 23
 23
 24
 54
 54
 54
 54
 54
 54
 22
 54
 22
 38
 22
 54
 22
 54
 54
 39
 21
 54
 54
 21
 54
 54
 54
 54
 54
 54
 48
 20
 23
 20
 23
 20
 23
 21
 54
 21
 54
 54
 54
 54
 54
 54
 54
 54
 54
 54
 54
 54
 22
 54
 20
 21
 54
 54
 54
 54
 54
 54
 54
 54
 54
 54
 54
 54
 54
 54
 38
 21
 54
 54
 54
 54
 54
 54
 54
 54
 54
 54
 54
 54
 54
 54
 20
 21
 54
 54
 54
 50
 54
 54
 54
 54
 54
 54
 54
 54
 54
 54
 54
 54
 54
 54
 54
 22
 41
 22
 54
 22
 7
 20
 23
 23
 23
 23
 23
 21
 54
 54
 54
 51
 54
 54
 20
 23
 20
 23
 20
 23
 20
 23
 20
 23
 23
 23
 23
 23
 23
 23
 23
 25
 54
 21
 54
 54
 54
 54
 47
 21
 54
 54
 54
 51
 54
 37
 20
 23
 23
 23
 23
 23
 23
 23
 24
 54
 54
 54
 54
 54
 54
 54
 54
 54
 54
 21
 54
 54
 54
 54
 48
 21
 54
 54
 54
 52
 54
 54
 54
 54
 54
 54
 54
 54
 54
 54
 54
 54
 54
 50
 54
 54
 54
 54
 54
 54
 20
 26
 54
 54
 54
 54
 54
 21
 54
 54
 54
 53
 54
 54
 54
 54
 54
 22
 54
 54
 54
 54
 54
 54
 54
 52
 54
 54
 54
 54
 40
 20
 26
 54
 54
 54
 54
 54
 38
 21
 54
 54
 54
 54
 54
 54
 54
 54
 41
 21
 54
 54
 54
 54
 50
 54
 54
 51
 54
 54
 54
 54
 20
 26
 54
 54
 54
 54
 54
 54
 3
 21
 54
 54
 54
 54
 54
 54
 54
 54
 42
 21
 54
 54
 54
 54
 51
 54
 54
 53
 54
 54
 54
 20
 24
 54
 54
 54
 54
 54
 54
 54
 54
 21
 54
 54
 54
 54
 54
 50
 54
 54
 43
 21
 54
 54
 54
 54
 52
 54
 54
 54
 54
 54
 49
 20
 20
 20
 20
 20
 20
 20
 20
 20
 20
 21
 54
 54
 54
 54
 54
 52
 54
 54
 44
 20
 23
 25
 54
 54
 53
 54
 54
 54
 54
 54
 54
 54
 54
 54
 54
 54
 54
 54
 54
 54
 54
 21
 54
 54
 54
 54
 54
 52
 54
 54
 54
 54
 46
 22
 54
 54
 54
 54
 54
 54
 54
 54
 54
 50
 54
 54
 54
 54
 54
 54
 54
 54
 41
 21
 54
 54
 54
 54
 54
 53
 54
 54
 54
 54
 47
 22
 54
 54
 54
 54
 54
 54
 54
 54
 54
 51
 54
 54
 54
 50
 54
 54
 54
 54
 42
 21
 54
 54
 54
 54
 54
 54
 54
 54
 54
 54
 48
 22
 54
 54
 54
 54
 54
 54
 22
 54
 54
 51
 54
 54
 54
 51
 54
 54
 54
 54
 42
 21
 54
 54
 20
 23
 23
 23
 23
 23
 25
 54
 54
 22
 54
 54
 54
 54
 54
 41
 21
 54
 54
 53
 54
 54
 54
 52
 54
 54
 54
 54
 43
 21
 54
 54
 54
 54
 54
 54
 54
 54
 22
 54
 54
 22
 54
 54
 50
 54
 54
 42
 21
 54
 54
 54
 54
 54
 54
 53
 54
 54
 54
 54
 44
 21
 54
 54
 54
 54
 54
 54
 54
 38
 22
 54
 54
 20
 25
 54
 52
 54
 54
 43
 21
 54
 54
 54
 54
 54
 54
 54
 54
 54
 54
 54
 54
 21
 54
 54
 54
 30
 30
 22
 54
 54
 22
 54
 54
 54
 22
 54
 53
 54
 54
 43
 21
 54
 29
 20
 20
 20
 20
 20
 20
 20
 20
 20
 20
 21
 54
 54
 54
 54
 54
 22
 54
 54
 54
 54
 54
 20
 25
 54
 54
 54
 54
 44
 21
 54
 54
 54
 54
 54
 54
 54
 54
 54
 54
 54
 54
 21
 54
 54
 49
 54
 54
 22
 54
 54
 54
 54
 54
 22
 54
 54
 54
 49
 54
 54
 21
 54
 54
 54
 54
 54
 54
 54
 54
 49
 54
 54
 54
 21
 54
 54
 20
 23
 23
 23
 23
 23
 23
 23
 23
 23
 23
 23
 23
 23
 23
 23
 23
 23
 23
 23
 23
 23
 23
 23
 23
 23
 23
 23
 23
 24
 54
 54
 54
 54
 54
 54
 54
 54
 54
 54
 54
 54
 54
 54
 54
 54
 54
 54
 54
 54
 54
 54
 54
 54
 54
 54
 54
 54
 54
 54
 54
 54
 54
 54
 54
 54
 54
 54
 54
 54
 54
 54
 54
 54
 54
 54
 54
 54
 54
 54
 54
 54
 54
 54
 54
 54
 54
 54
 54
 54
 54
 54
 54
 54
 54
 54
