 21
 40
 20
 23
 23
 23
 23
 23
 23
 23
 23
 23
 23
 23
 23
 23
 23
 23
 23
 23
 23
 23
 23
 23
 23
 23
 23
 23
 23
 23
 23
 23
 23
 23
 23
 23
 23
 23
 23
 23
 24
 54
 54
 54
 49
 54
 54
 54
 54
 54
 54
 54
 36
 21
 54
 54
 54
 54
 54
 20
 20
 20
 20
 20
 20
 20
 21
 54
 54
 54
 31
 21
 54
 49
 20
 27
 49
 20
 27
 54
 7
 21
 54
 54
 54
 54
 54
 54
 54
 54
 54
 54
 54
 54
 21
 54
 50
 54
 54
 49
 20
 20
 20
 20
 20
 20
 20
 21
 54
 54
 54
 31
 21
 54
 20
 26
 20
 27
 54
 21
 54
 54
 21
 54
 54
 20
 23
 23
 23
 27
 54
 54
 54
 54
 54
 21
 54
 51
 54
 54
 45
 20
 20
 20
 20
 20
 20
 20
 21
 54
 54
 21
 54
 21
 54
 20
 27
 54
 20
 27
 54
 37
 20
 24
 54
 54
 54
 54
 54
 49
 20
 23
 23
 27
 54
 39
 21
 54
 53
 54
 54
 47
 20
 23
 23
 23
 23
 23
 23
 21
 54
 37
 21
 54
 21
 54
 54
 21
 54
 54
 20
 27
 20
 26
 21
 54
 54
 54
 54
 54
 54
 54
 54
 54
 20
 27
 54
 21
 54
 54
 54
 54
 48
 21
 54
 54
 54
 54
 54
 54
 21
 54
 54
 21
 54
 21
 54
 34
 21
 54
 54
 54
 21
 54
 54
 21
 54
 54
 54
 54
 54
 54
 54
 54
 54
 38
 21
 54
 21
 54
 54
 54
 54
 30
 22
 54
 54
 54
 54
 54
 54
 21
 54
 30
 21
 54
 20
 27
 54
 20
 27
 54
 40
 21
 54
 54
 21
 54
 54
 54
 50
 54
 54
 54
 54
 54
 54
 54
 20
 24
 54
 54
 54
 54
 54
 54
 54
 54
 54
 54
 54
 40
 20
 27
 54
 20
 27
 54
 20
 27
 54
 20
 27
 54
 21
 54
 31
 21
 54
 54
 54
 52
 54
 54
 54
 54
 54
 54
 54
 54
 20
 23
 23
 23
 23
 23
 24
 31
 20
 24
 54
 54
 54
 54
 20
 27
 54
 20
 27
 54
 20
 27
 54
 20
 27
 21
 54
 41
 21
 54
 54
 54
 51
 54
 54
 54
 54
 54
 54
 54
 54
 21
 54
 54
 54
 54
 54
 49
 54
 54
 21
 54
 54
 54
 54
 54
 20
 27
 54
 20
 27
 54
 20
 27
 54
 20
 21
 54
 20
 24
 54
 54
 54
 53
 54
 54
 54
 54
 54
 54
 54
 54
 21
 54
 54
 49
 22
 54
 54
 31
 20
 24
 54
 54
 54
 22
 54
 54
 21
 54
 54
 20
 27
 54
 20
 27
 54
 20
 23
 20
 24
 54
 54
 54
 54
 54
 49
 22
 54
 54
 54
 54
 41
 21
 54
 54
 30
 20
 24
 54
 54
 21
 54
 54
 37
 22
 54
 22
 54
 21
 54
 20
 23
 24
 54
 38
 20
 27
 54
 20
 20
 24
 54
 54
 50
 54
 54
 54
 54
 49
 22
 54
 54
 42
 21
 54
 54
 54
 36
 21
 54
 54
 21
 54
 54
 54
 54
 22
 54
 41
 21
 54
 54
 36
 21
 54
 54
 54
 21
 54
 54
 54
 21
 54
 54
 52
 54
 54
 54
 54
 54
 54
 49
 22
 42
 21
 54
 54
 54
 36
 21
 54
 38
 21
 54
 54
 54
 22
 54
 22
 43
 21
 54
 54
 36
 21
 54
 45
 20
 26
 54
 54
 20
 24
 54
 54
 52
 54
 54
 54
 54
 54
 54
 54
 54
 44
 21
 54
 54
 54
 36
 21
 54
 54
 22
 54
 54
 54
 54
 22
 54
 42
 21
 54
 20
 23
 24
 54
 20
 24
 54
 39
 20
 26
 21
 54
 54
 53
 54
 54
 54
 54
 54
 54
 54
 54
 54
 21
 54
 54
 30
 20
 24
 54
 54
 54
 54
 54
 54
 22
 54
 22
 43
 21
 54
 54
 36
 21
 54
 54
 21
 54
 20
 26
 49
 21
 54
 54
 54
 54
 54
 54
 54
 54
 54
 54
 54
 37
 21
 54
 54
 54
 21
 54
 54
 45
 22
 54
 54
 54
 39
 22
 54
 44
 20
 20
 20
 23
 24
 54
 54
 54
 20
 21
 54
 20
 24
 54
 54
 54
 54
 54
 54
 54
 54
 54
 54
 54
 54
 21
 54
 54
 20
 24
 54
 54
 47
 21
 54
 54
 54
 22
 54
 22
 1
 21
 54
 54
 36
 21
 54
 54
 20
 20
 21
 54
 20
 24
 54
 54
 54
 54
 54
 49
 21
 49
 21
 49
 21
 54
 54
 54
 54
 21
 54
 54
 54
 46
 21
 54
 54
 54
 54
 22
 54
 54
 21
 54
 54
 36
 21
 29
 20
 23
 23
 21
 54
 20
 24
 54
 54
 20
 23
 23
 23
 23
 23
 23
 23
 23
 23
 23
 23
 23
 23
 23
 23
 23
 23
 23
 23
 23
 23
 23
 23
 23
 23
 23
 23
 23
 23
 23
 23
 23
 23
 23
 23
 23
 23
 24
 54
 54
 54
 54
 54
 54
 54
 54
 54
 54
 54
 54
 54
 54
 54
 54
 54
 54
 54
 54
 54
 54
 54
 54
 54
 54
 54
 54
 54
 54
 54
 54
 54
 54
 54
 54
 54
 54
 54
 54
 54
 54
 54
 54
 54
 54
 54
 54
 54
 54
 54
 54
 54
 54
 54
 54
 54
 54
 54
 54
 54
 54
 54
 54
 54
 54
 54
 54
 54
 54
 54
 54
 54
 54
 54
 54
 54
 54
 54
 54
 54
 54
 54
 54
