 21
 9
 20
 23
 23
 23
 23
 23
 23
 24
 54
 54
 54
 3
 21
 7
 21
 54
 49
 21
 54
 54
 54
 54
 21
 54
 21
 54
 54
 21
 54
 54
 50
 54
 20
 27
 21
 54
 38
 21
 54
 54
 51
 54
 54
 20
 21
 54
 54
 21
 54
 54
 51
 54
 54
 20
 20
 24
 54
 21
 54
 54
 53
 54
 49
 21
 48
 21
 45
 21
 54
 54
 54
 54
 20
 24
 54
 22
 47
 21
 54
 54
 31
 31
 21
 54
 54
 54
 20
 24
 54
 54
 31
 31
 21
 54
 54
 54
 20
 24
 54
 54
 54
 54
 21
 54
 54
 54
 40
 21
 54
 54
 54
 54
 20
 27
 54
 54
 41
 21
 54
 54
 54
 54
 54
 20
 27
 54
 42
 21
 54
 54
 54
 54
 54
 39
 21
 54
 43
 21
 54
 54
 20
 23
 24
 54
 21
 54
 44
 21
 54
 54
 54
 49
 21
 54
 22
 54
 20
 26
 54
 54
 54
 54
 54
 54
 54
 20
 26
 54
 54
 54
 54
 54
 37
 22
 20
 26
 54
 54
 54
 54
 54
 54
 54
 20
 21
 54
 54
 54
 54
 54
 20
 23
 23
 23
 24
 54
 54
 54
 54
 54
 54
 54
 54
 54
 54
 54
 54
 54
 54
 54
 54
 54
 54
 54
 54
 54
 54
 54
 54
 54
