 26
 19
 20
 23
 23
 23
 23
 23
 23
 23
 23
 23
 23
 23
 23
 23
 23
 23
 23
 23
 54
 54
 54
 54
 54
 54
 54
 54
 54
 54
 54
 54
 54
 54
 54
 54
 54
 54
 54
 21
 54
 54
 54
 50
 54
 54
 54
 3
 22
 54
 54
 54
 54
 54
 54
 54
 54
 54
 54
 21
 54
 54
 54
 51
 54
 54
 54
 54
 54
 54
 54
 54
 54
 54
 54
 54
 54
 54
 20
 21
 54
 54
 54
 52
 54
 54
 54
 54
 22
 22
 22
 22
 22
 22
 22
 22
 40
 20
 26
 21
 54
 54
 54
 53
 54
 54
 54
 54
 54
 54
 54
 54
 54
 54
 54
 54
 20
 26
 45
 21
 54
 54
 54
 54
 54
 54
 54
 54
 54
 54
 54
 54
 54
 54
 41
 20
 21
 54
 46
 21
 54
 54
 49
 54
 54
 54
 54
 54
 54
 54
 54
 54
 54
 54
 20
 26
 21
 54
 46
 21
 54
 54
 54
 54
 54
 54
 54
 54
 21
 54
 54
 54
 37
 20
 26
 54
 54
 54
 47
 21
 54
 54
 54
 54
 54
 31
 31
 31
 21
 54
 54
 54
 54
 21
 54
 54
 54
 21
 48
 21
 54
 54
 54
 54
 54
 31
 31
 31
 21
 54
 54
 54
 54
 21
 54
 54
 54
 21
 54
 21
 54
 54
 50
 54
 54
 31
 31
 31
 21
 54
 54
 54
 54
 21
 54
 54
 54
 54
 54
 21
 54
 54
 51
 54
 54
 31
 31
 31
 21
 54
 54
 54
 39
 21
 54
 54
 54
 54
 20
 21
 54
 54
 51
 54
 54
 31
 31
 31
 21
 54
 54
 54
 54
 21
 54
 54
 54
 20
 23
 21
 54
 54
 53
 54
 54
 31
 31
 31
 21
 54
 54
 31
 31
 21
 54
 54
 38
 21
 43
 21
 54
 54
 54
 54
 54
 31
 31
 31
 21
 54
 54
 31
 31
 21
 54
 54
 54
 21
 44
 21
 54
 54
 54
 54
 54
 31
 31
 31
 21
 54
 54
 31
 49
 21
 54
 54
 54
 21
 54
 21
 54
 54
 54
 54
 54
 31
 31
 31
 21
 54
 54
 31
 31
 21
 54
 54
 20
 21
 54
 21
 54
 54
 54
 50
 54
 31
 31
 31
 21
 54
 54
 31
 31
 21
 54
 20
 20
 21
 49
 21
 54
 54
 54
 52
 54
 31
 31
 31
 21
 54
 54
 54
 54
 20
 20
 20
 20
 21
 54
 21
 54
 54
 54
 52
 54
 31
 31
 31
 21
 54
 54
 54
 41
 20
 20
 20
 20
 21
 54
 21
 54
 54
 54
 53
 54
 31
 31
 30
 21
 54
 54
 54
 43
 20
 20
 20
 20
 21
 54
 21
 54
 54
 54
 54
 54
 31
 31
 54
 54
 54
 54
 54
 42
 21
 54
 20
 20
 21
 5
 21
 54
 54
 54
 54
 54
 31
 31
 31
 20
 27
 28
 20
 23
 24
 54
 54
 20
 21
 54
 21
 54
 54
 20
 23
 23
 23
 23
 23
 23
 23
 23
 23
 23
 23
 23
 23
 23
 23
 23
 23
 54
 54
 54
 54
 54
 54
 54
 54
 54
 54
 54
 54
 54
 54
 54
 54
 54
 54
 54
 54
 54
 54
 54
 54
 54
 54
 54
 54
 54
 54
 54
 54
 54
 54
 54
 54
 54
 54
 54
 54
 54
 54
