 21
 8
 20
 23
 23
 23
 23
 23
 23
 24
 54
 54
 49
 21
 54
 49
 21
 36
 21
 54
 54
 39
 21
 54
 38
 21
 36
 21
 54
 50
 54
 54
 54
 54
 54
 36
 21
 54
 52
 54
 54
 21
 54
 21
 36
 21
 54
 51
 54
 54
 54
 54
 54
 36
 21
 54
 53
 54
 54
 40
 21
 54
 36
 21
 54
 54
 54
 54
 54
 54
 54
 36
 21
 54
 54
 54
 54
 54
 21
 54
 36
 21
 54
 54
 54
 54
 54
 54
 54
 36
 21
 54
 30
 31
 31
 31
 21
 54
 36
 21
 54
 30
 31
 31
 31
 20
 27
 36
 21
 54
 50
 54
 54
 54
 36
 21
 36
 21
 54
 51
 54
 54
 54
 36
 21
 36
 21
 54
 53
 54
 54
 54
 36
 21
 36
 21
 54
 54
 30
 21
 37
 20
 26
 36
 21
 54
 54
 54
 21
 54
 21
 54
 36
 21
 54
 54
 1
 21
 5
 21
 49
 36
 21
 54
 54
 54
 21
 45
 21
 54
 36
 21
 54
 20
 23
 23
 23
 23
 23
 23
 24
 54
 54
 54
 54
 54
 54
 54
 54
 54
 54
 54
 54
 54
 54
 54
 54
 54
 54
 54
