 44
 33
 20
 23
 23
 23
 23
 23
 23
 23
 23
 23
 23
 23
 23
 23
 23
 23
 23
 23
 23
 23
 23
 23
 23
 23
 23
 23
 23
 23
 23
 23
 23
 24
 54
 54
 54
 49
 21
 54
 54
 36
 21
 54
 54
 54
 54
 54
 54
 54
 54
 54
 54
 54
 49
 54
 54
 54
 21
 49
 54
 54
 54
 21
 54
 54
 49
 21
 54
 54
 54
 54
 22
 54
 54
 36
 21
 54
 54
 50
 54
 54
 54
 54
 54
 54
 54
 54
 54
 54
 54
 54
 21
 54
 54
 54
 54
 21
 54
 54
 54
 21
 54
 54
 54
 54
 54
 54
 54
 36
 21
 54
 54
 52
 54
 54
 54
 54
 54
 54
 54
 54
 54
 54
 54
 41
 21
 54
 54
 54
 54
 21
 54
 31
 31
 21
 54
 54
 54
 41
 22
 54
 54
 36
 21
 54
 54
 53
 54
 54
 54
 54
 54
 54
 54
 54
 54
 54
 54
 43
 21
 54
 54
 54
 54
 21
 54
 54
 54
 21
 54
 54
 54
 42
 21
 54
 54
 36
 21
 54
 54
 54
 54
 54
 54
 54
 54
 54
 54
 54
 54
 54
 54
 42
 21
 54
 54
 54
 45
 21
 54
 54
 7
 21
 54
 54
 54
 43
 20
 23
 23
 23
 23
 23
 23
 23
 23
 23
 23
 23
 23
 23
 23
 23
 24
 54
 54
 43
 21
 54
 54
 54
 47
 20
 23
 23
 23
 24
 54
 54
 54
 44
 21
 54
 54
 54
 21
 54
 54
 54
 21
 54
 54
 54
 21
 54
 54
 54
 21
 54
 54
 44
 21
 54
 54
 54
 46
 21
 54
 54
 1
 21
 54
 54
 54
 54
 20
 27
 54
 20
 20
 27
 54
 20
 20
 27
 54
 20
 20
 27
 54
 20
 20
 27
 54
 20
 26
 54
 54
 54
 47
 21
 54
 54
 54
 21
 54
 54
 54
 54
 54
 20
 20
 26
 54
 20
 20
 26
 54
 20
 20
 26
 54
 20
 20
 26
 54
 20
 20
 26
 54
 54
 54
 54
 48
 21
 54
 31
 31
 21
 54
 54
 54
 54
 54
 54
 21
 54
 54
 54
 21
 54
 54
 54
 21
 54
 54
 54
 21
 54
 54
 54
 21
 54
 54
 50
 54
 54
 54
 21
 54
 54
 54
 21
 54
 54
 50
 54
 54
 54
 20
 23
 23
 23
 23
 23
 23
 23
 23
 23
 23
 23
 23
 23
 23
 23
 24
 54
 54
 51
 54
 54
 54
 21
 54
 54
 49
 21
 54
 54
 51
 54
 54
 54
 21
 54
 54
 36
 21
 49
 54
 54
 21
 54
 54
 36
 21
 54
 54
 54
 54
 54
 54
 51
 54
 54
 54
 20
 23
 23
 23
 24
 54
 54
 51
 54
 54
 54
 22
 54
 54
 36
 21
 54
 54
 54
 21
 54
 54
 36
 21
 54
 54
 54
 54
 54
 54
 53
 54
 54
 54
 21
 54
 54
 36
 21
 54
 54
 53
 54
 54
 54
 54
 54
 54
 36
 21
 54
 54
 54
 22
 54
 54
 36
 21
 54
 54
 54
 54
 54
 54
 54
 54
 54
 54
 22
 54
 54
 36
 21
 54
 54
 54
 54
 54
 54
 22
 54
 54
 36
 21
 54
 54
 54
 54
 54
 54
 36
 21
 54
 54
 54
 54
 54
 54
 54
 54
 54
 54
 54
 54
 54
 36
 21
 54
 54
 54
 54
 54
 54
 54
 54
 54
 36
 21
 54
 54
 54
 22
 54
 54
 36
 21
 54
 54
 50
 54
 54
 54
 54
 54
 54
 54
 22
 54
 54
 36
 21
 54
 54
 54
 54
 54
 54
 22
 54
 54
 36
 21
 54
 54
 54
 54
 54
 54
 36
 21
 54
 54
 52
 54
 54
 54
 54
 54
 54
 54
 54
 54
 54
 36
 21
 54
 54
 54
 54
 54
 54
 54
 54
 54
 36
 21
 54
 54
 38
 22
 54
 54
 36
 21
 54
 54
 51
 54
 54
 54
 54
 54
 54
 54
 22
 54
 54
 36
 21
 54
 54
 54
 54
 54
 54
 22
 54
 54
 36
 21
 54
 54
 54
 54
 54
 54
 36
 21
 54
 54
 51
 54
 54
 54
 54
 54
 54
 54
 54
 54
 54
 36
 21
 54
 54
 54
 54
 54
 54
 54
 54
 54
 36
 21
 54
 54
 54
 22
 54
 54
 36
 21
 54
 54
 53
 54
 54
 54
 54
 54
 54
 40
 22
 54
 54
 36
 21
 54
 54
 54
 50
 54
 54
 22
 54
 54
 36
 21
 54
 54
 54
 54
 54
 54
 36
 21
 54
 54
 54
 54
 54
 54
 54
 54
 54
 54
 54
 54
 54
 36
 21
 54
 54
 54
 51
 54
 54
 54
 54
 54
 36
 21
 54
 54
 54
 22
 54
 54
 36
 21
 54
 54
 54
 54
 54
 54
 54
 54
 54
 54
 22
 54
 54
 36
 21
 54
 54
 54
 52
 54
 54
 22
 54
 54
 36
 21
 54
 54
 54
 54
 54
 54
 36
 21
 54
 54
 54
 54
 54
 54
 54
 22
 54
 54
 54
 54
 54
 36
 21
 54
 54
 54
 51
 54
 54
 54
 54
 54
 36
 21
 54
 54
 54
 22
 54
 54
 36
 21
 54
 54
 54
 54
 54
 22
 54
 54
 54
 54
 22
 54
 54
 36
 21
 54
 54
 54
 53
 54
 54
 22
 54
 54
 36
 21
 54
 54
 54
 54
 54
 54
 36
 21
 54
 54
 54
 22
 54
 54
 54
 22
 54
 54
 54
 54
 54
 36
 21
 54
 54
 54
 54
 54
 54
 54
 54
 54
 36
 21
 54
 54
 54
 20
 23
 23
 23
 24
 54
 54
 54
 54
 54
 22
 54
 54
 54
 54
 22
 54
 54
 36
 21
 54
 54
 54
 54
 54
 54
 22
 54
 54
 36
 21
 54
 54
 54
 54
 54
 54
 54
 54
 54
 54
 54
 22
 54
 54
 54
 22
 54
 54
 54
 54
 54
 36
 21
 54
 54
 54
 54
 54
 54
 54
 54
 54
 36
 21
 54
 54
 54
 20
 23
 23
 23
 24
 54
 54
 54
 54
 54
 22
 54
 54
 54
 54
 22
 54
 54
 36
 21
 54
 54
 54
 54
 54
 54
 22
 54
 54
 36
 21
 54
 54
 54
 54
 54
 54
 36
 21
 54
 54
 54
 22
 54
 54
 37
 22
 54
 54
 54
 54
 54
 36
 21
 54
 54
 54
 54
 54
 54
 54
 54
 54
 36
 21
 54
 54
 54
 22
 54
 54
 36
 21
 54
 54
 54
 54
 54
 22
 54
 54
 54
 54
 22
 54
 54
 36
 21
 54
 54
 54
 54
 54
 54
 22
 54
 54
 36
 21
 54
 54
 54
 54
 54
 54
 36
 21
 54
 54
 54
 54
 54
 54
 54
 22
 54
 54
 54
 54
 54
 36
 21
 54
 54
 54
 54
 54
 54
 54
 54
 54
 36
 21
 54
 54
 54
 22
 54
 54
 36
 20
 23
 23
 23
 24
 54
 54
 54
 54
 54
 54
 22
 54
 54
 36
 21
 54
 54
 54
 54
 54
 54
 22
 54
 54
 36
 21
 54
 54
 54
 54
 54
 54
 36
 21
 49
 54
 54
 21
 54
 54
 54
 54
 54
 54
 54
 54
 54
 36
 21
 54
 54
 50
 54
 54
 54
 54
 54
 54
 36
 21
 54
 54
 39
 22
 54
 54
 36
 21
 54
 54
 54
 21
 54
 54
 54
 54
 54
 39
 22
 54
 54
 36
 21
 54
 54
 51
 54
 54
 54
 22
 54
 54
 36
 21
 54
 54
 54
 54
 54
 54
 36
 21
 30
 30
 30
 20
 24
 54
 54
 54
 54
 54
 54
 54
 54
 36
 21
 54
 54
 52
 54
 54
 54
 54
 54
 54
 36
 21
 54
 54
 54
 22
 54
 54
 36
 21
 54
 54
 54
 36
 21
 54
 54
 54
 54
 54
 22
 54
 54
 36
 21
 54
 54
 52
 54
 54
 54
 22
 54
 54
 36
 21
 54
 54
 54
 54
 54
 54
 36
 21
 54
 54
 54
 36
 21
 54
 54
 54
 54
 54
 54
 54
 54
 36
 21
 54
 54
 53
 54
 54
 54
 54
 54
 54
 36
 21
 54
 54
 54
 22
 54
 54
 36
 21
 54
 50
 54
 36
 21
 54
 54
 54
 54
 54
 22
 54
 54
 36
 21
 54
 54
 54
 54
 54
 54
 22
 54
 54
 36
 21
 54
 54
 54
 54
 54
 54
 36
 21
 54
 51
 54
 36
 21
 54
 54
 54
 54
 54
 54
 54
 54
 36
 21
 54
 54
 54
 54
 54
 54
 54
 54
 54
 36
 21
 54
 54
 54
 22
 54
 54
 36
 21
 54
 53
 54
 54
 21
 54
 54
 54
 54
 54
 22
 54
 54
 36
 21
 54
 54
 54
 54
 54
 49
 22
 54
 54
 36
 21
 49
 54
 54
 21
 54
 54
 36
 21
 54
 54
 54
 49
 21
 54
 54
 54
 54
 49
 21
 54
 54
 36
 21
 54
 54
 20
 23
 23
 23
 23
 23
 23
 23
 23
 23
 23
 23
 23
 23
 23
 23
 23
 23
 23
 23
 23
 23
 23
 23
 23
 23
 23
 23
 23
 23
 23
 24
 54
 54
 54
 54
 54
 54
 54
 54
 54
 54
 54
 54
 54
 54
 54
 54
 54
 54
 54
 54
 54
 54
 54
 54
 54
 54
 54
 54
 54
 54
 54
 54
 54
 54
 54
 54
 54
 54
 54
 54
 54
 54
 54
 54
 54
 54
 54
 54
 54
 54
 54
 54
 54
 54
 54
 54
 54
 54
 54
 54
 54
 54
 54
 54
 54
 54
 54
 54
 54
 54
