 31
 16
 20
 23
 23
 23
 23
 23
 23
 23
 23
 23
 23
 23
 23
 23
 24
 54
 54
 54
 54
 49
 20
 20
 20
 20
 20
 20
 21
 54
 54
 20
 20
 21
 54
 54
 54
 54
 54
 20
 20
 20
 20
 20
 20
 21
 41
 20
 26
 54
 21
 54
 54
 50
 54
 29
 21
 54
 21
 54
 21
 54
 54
 20
 26
 54
 20
 21
 54
 54
 51
 54
 54
 21
 54
 21
 54
 21
 54
 20
 26
 54
 20
 26
 21
 54
 54
 51
 54
 54
 21
 38
 21
 54
 54
 20
 26
 54
 20
 26
 54
 21
 54
 54
 53
 31
 31
 21
 54
 21
 54
 20
 26
 54
 20
 26
 54
 20
 21
 54
 54
 54
 31
 31
 21
 54
 54
 20
 26
 54
 20
 26
 54
 20
 26
 21
 54
 54
 54
 54
 54
 21
 45
 20
 26
 39
 20
 26
 54
 20
 26
 54
 21
 54
 54
 54
 54
 54
 54
 20
 26
 54
 20
 26
 41
 20
 26
 54
 20
 21
 54
 54
 54
 54
 37
 20
 26
 54
 20
 26
 54
 20
 26
 54
 20
 26
 21
 54
 54
 54
 54
 54
 21
 54
 20
 26
 54
 20
 26
 37
 20
 26
 49
 21
 54
 54
 31
 31
 31
 21
 41
 21
 54
 20
 26
 54
 20
 26
 54
 20
 21
 54
 54
 31
 31
 31
 21
 42
 21
 40
 21
 45
 20
 26
 54
 20
 26
 21
 54
 54
 31
 31
 31
 21
 42
 21
 54
 21
 46
 21
 54
 20
 26
 1
 21
 54
 54
 31
 31
 31
 21
 43
 21
 54
 21
 47
 21
 54
 20
 27
 7
 21
 54
 54
 31
 31
 31
 21
 44
 21
 54
 21
 48
 20
 27
 44
 20
 27
 21
 54
 54
 31
 31
 31
 21
 54
 21
 54
 20
 27
 54
 20
 27
 54
 20
 21
 54
 54
 54
 54
 54
 21
 54
 20
 27
 54
 20
 27
 54
 20
 27
 49
 21
 54
 54
 54
 54
 54
 20
 27
 54
 20
 27
 54
 20
 27
 44
 20
 27
 21
 54
 54
 50
 54
 54
 54
 20
 27
 54
 20
 27
 54
 20
 27
 54
 20
 21
 54
 54
 51
 54
 54
 21
 39
 20
 27
 54
 20
 27
 54
 20
 27
 54
 21
 54
 54
 52
 54
 41
 21
 54
 54
 20
 27
 48
 20
 27
 38
 20
 27
 21
 54
 54
 52
 54
 42
 21
 54
 21
 54
 20
 27
 54
 20
 27
 54
 20
 21
 54
 54
 53
 54
 44
 21
 54
 21
 54
 54
 20
 27
 54
 20
 27
 54
 21
 54
 54
 54
 54
 40
 21
 54
 21
 37
 21
 54
 20
 27
 54
 20
 27
 21
 54
 54
 54
 54
 54
 21
 54
 21
 54
 21
 54
 54
 20
 27
 54
 20
 21
 54
 54
 54
 54
 54
 20
 20
 20
 20
 20
 20
 21
 54
 20
 27
 54
 21
 54
 54
 54
 54
 49
 20
 20
 20
 20
 20
 20
 21
 54
 54
 20
 20
 21
 54
 54
 20
 23
 23
 23
 23
 23
 23
 23
 23
 23
 23
 23
 23
 23
 24
 54
 54
 54
 54
 54
 54
 54
 54
 54
 54
 54
 54
 54
 54
 54
 54
 54
 54
 54
 54
 54
 54
 54
 54
 54
 54
 54
 54
 54
 54
 54
 54
 54
 54
 54
 54
