 22
 23
 20
 23
 23
 23
 23
 23
 23
 23
 23
 23
 23
 23
 23
 23
 23
 23
 23
 23
 23
 23
 23
 24
 54
 54
 54
 4
 22
 22
 22
 22
 22
 22
 22
 22
 22
 22
 22
 22
 22
 22
 22
 22
 22
 22
 22
 21
 54
 54
 54
 54
 21
 54
 54
 54
 54
 54
 54
 21
 54
 54
 54
 54
 54
 21
 54
 54
 54
 21
 54
 21
 54
 54
 54
 30
 21
 54
 54
 54
 54
 21
 41
 21
 54
 54
 54
 54
 39
 21
 54
 54
 54
 21
 54
 21
 54
 54
 50
 54
 21
 54
 54
 54
 37
 21
 42
 21
 54
 54
 20
 24
 54
 21
 54
 21
 54
 21
 54
 21
 54
 54
 51
 54
 21
 54
 54
 54
 21
 54
 44
 21
 54
 54
 54
 21
 54
 21
 31
 21
 31
 21
 54
 21
 54
 54
 51
 54
 54
 54
 21
 54
 21
 54
 54
 21
 54
 54
 20
 24
 54
 21
 54
 21
 54
 21
 54
 21
 54
 54
 52
 54
 54
 54
 21
 54
 54
 54
 31
 54
 54
 54
 20
 24
 54
 21
 54
 21
 54
 54
 40
 21
 54
 54
 53
 54
 54
 30
 21
 54
 54
 54
 54
 54
 54
 38
 20
 24
 54
 54
 45
 21
 54
 54
 54
 21
 54
 54
 54
 54
 54
 45
 21
 54
 54
 54
 54
 54
 54
 54
 20
 24
 54
 54
 46
 21
 54
 54
 54
 21
 54
 54
 20
 23
 23
 23
 23
 23
 23
 23
 23
 23
 23
 23
 23
 23
 23
 23
 23
 24
 28
 20
 23
 24
 54
 54
 54
 54
 54
 54
 21
 54
 54
 54
 54
 54
 54
 46
 20
 24
 54
 54
 54
 21
 54
 54
 42
 21
 54
 54
 50
 54
 54
 30
 21
 54
 54
 54
 54
 54
 54
 47
 20
 24
 54
 54
 37
 21
 54
 54
 43
 21
 54
 54
 52
 54
 54
 54
 21
 54
 54
 54
 31
 54
 54
 48
 20
 24
 54
 21
 54
 21
 54
 54
 44
 21
 54
 54
 53
 54
 54
 38
 21
 54
 21
 54
 54
 21
 54
 54
 20
 24
 54
 21
 54
 21
 54
 21
 54
 21
 54
 54
 54
 40
 21
 54
 54
 54
 21
 54
 54
 21
 54
 54
 54
 21
 41
 21
 31
 21
 31
 21
 54
 21
 54
 54
 54
 54
 21
 54
 54
 54
 54
 21
 54
 21
 54
 40
 20
 24
 42
 21
 54
 21
 54
 21
 54
 21
 54
 54
 54
 30
 21
 54
 54
 54
 39
 21
 54
 21
 54
 54
 54
 54
 43
 21
 54
 54
 54
 21
 54
 21
 54
 54
 54
 54
 21
 54
 54
 54
 54
 54
 54
 21
 54
 54
 54
 54
 44
 21
 54
 54
 54
 21
 54
 21
 54
 54
 54
 6
 22
 22
 22
 22
 22
 22
 22
 22
 22
 22
 22
 22
 22
 22
 22
 22
 22
 22
 22
 21
 54
 54
 20
 23
 23
 23
 23
 23
 23
 23
 23
 23
 23
 23
 23
 23
 23
 23
 23
 23
 23
 23
 23
 24
 54
 54
 54
 54
 54
 54
 54
 54
 54
 54
 54
 54
 54
 54
 54
 54
 54
 54
 54
 54
 54
 54
 54
 54
 54
 54
 54
 54
 54
 54
 54
 54
 54
 54
 54
 54
 54
 54
 54
 54
 54
 54
 54
 54
 54
 54
 54
 54
 54
 54
