 64
 16
 20
 23
 23
 23
 23
 23
 23
 23
 23
 23
 23
 23
 23
 23
 24
 54
 54
 54
 54
 54
 54
 54
 54
 54
 49
 21
 49
 54
 54
 54
 38
 21
 54
 54
 50
 54
 54
 54
 54
 54
 54
 36
 21
 54
 54
 54
 54
 54
 21
 54
 54
 51
 54
 54
 54
 54
 54
 54
 36
 21
 54
 54
 54
 54
 31
 21
 54
 54
 53
 54
 54
 54
 54
 30
 30
 30
 21
 54
 54
 54
 54
 20
 24
 54
 54
 54
 54
 49
 54
 54
 54
 54
 20
 26
 54
 54
 31
 20
 24
 54
 54
 54
 54
 54
 20
 23
 23
 23
 23
 26
 54
 54
 37
 20
 24
 54
 54
 54
 54
 54
 54
 54
 54
 54
 54
 54
 54
 54
 31
 20
 24
 54
 54
 54
 54
 54
 54
 54
 54
 54
 54
 54
 54
 54
 54
 20
 24
 54
 54
 54
 54
 54
 54
 54
 54
 54
 54
 54
 54
 54
 31
 20
 23
 23
 23
 23
 23
 24
 54
 54
 54
 50
 54
 54
 54
 54
 40
 20
 24
 48
 21
 22
 22
 22
 21
 54
 54
 54
 52
 54
 54
 54
 31
 20
 24
 54
 54
 21
 54
 54
 54
 21
 54
 54
 54
 52
 54
 54
 54
 20
 24
 54
 54
 30
 22
 30
 22
 54
 21
 54
 54
 54
 53
 54
 54
 41
 20
 54
 54
 54
 54
 54
 54
 54
 30
 21
 54
 54
 54
 54
 54
 54
 42
 21
 54
 54
 54
 54
 54
 54
 54
 54
 21
 54
 54
 54
 54
 54
 54
 43
 21
 54
 54
 54
 54
 54
 54
 54
 37
 21
 54
 54
 54
 54
 54
 54
 44
 20
 27
 54
 54
 54
 49
 54
 54
 54
 21
 54
 54
 50
 54
 54
 54
 20
 23
 23
 23
 23
 23
 23
 23
 23
 23
 24
 54
 54
 52
 54
 54
 39
 21
 54
 54
 54
 54
 54
 54
 54
 54
 36
 21
 54
 54
 51
 54
 54
 54
 22
 54
 54
 54
 54
 54
 54
 54
 54
 28
 21
 54
 54
 51
 54
 54
 54
 54
 54
 54
 54
 54
 54
 54
 54
 54
 36
 21
 54
 54
 52
 54
 54
 54
 22
 54
 54
 54
 54
 54
 54
 54
 54
 28
 21
 54
 54
 53
 54
 54
 54
 54
 54
 54
 54
 54
 54
 54
 54
 54
 36
 21
 54
 54
 54
 54
 54
 37
 22
 54
 54
 54
 54
 54
 54
 54
 54
 28
 21
 54
 54
 54
 54
 54
 54
 54
 54
 54
 54
 54
 54
 54
 54
 54
 36
 21
 54
 54
 54
 54
 54
 54
 22
 54
 54
 54
 54
 54
 54
 54
 54
 28
 21
 54
 54
 54
 54
 54
 54
 54
 54
 54
 54
 54
 54
 54
 54
 54
 36
 21
 54
 54
 54
 54
 54
 20
 23
 23
 23
 23
 23
 23
 23
 23
 23
 23
 24
 54
 54
 54
 54
 54
 54
 54
 54
 54
 54
 54
 54
 54
 54
 54
 49
 21
 54
 54
 49
 54
 54
 54
 54
 54
 54
 54
 50
 54
 54
 54
 54
 45
 21
 54
 54
 54
 54
 54
 54
 54
 54
 54
 7
 51
 54
 54
 54
 54
 48
 21
 54
 54
 54
 54
 54
 54
 50
 54
 54
 54
 51
 54
 54
 54
 54
 49
 21
 54
 54
 49
 54
 54
 54
 51
 54
 54
 54
 53
 54
 54
 54
 54
 38
 21
 54
 54
 54
 54
 54
 54
 52
 54
 54
 54
 54
 54
 54
 54
 54
 54
 21
 54
 54
 54
 54
 54
 54
 52
 54
 54
 54
 54
 54
 54
 54
 54
 49
 21
 54
 54
 49
 54
 54
 54
 53
 54
 54
 54
 54
 54
 54
 54
 54
 54
 21
 54
 54
 54
 54
 54
 54
 54
 54
 54
 54
 54
 54
 54
 54
 54
 39
 21
 54
 54
 54
 54
 54
 54
 54
 54
 54
 50
 54
 54
 54
 54
 54
 49
 21
 54
 54
 49
 54
 54
 54
 54
 54
 54
 51
 54
 54
 54
 54
 54
 54
 21
 54
 54
 54
 54
 54
 54
 54
 54
 54
 51
 54
 54
 54
 54
 54
 54
 21
 54
 54
 54
 54
 54
 54
 54
 54
 54
 52
 54
 54
 54
 54
 54
 49
 21
 54
 54
 49
 54
 54
 54
 54
 54
 54
 53
 54
 54
 54
 54
 54
 54
 21
 54
 54
 54
 54
 54
 54
 54
 54
 54
 54
 54
 54
 54
 54
 54
 37
 21
 54
 54
 54
 54
 54
 54
 50
 54
 54
 54
 54
 54
 54
 54
 54
 49
 21
 54
 54
 49
 54
 54
 54
 52
 54
 54
 54
 54
 54
 54
 54
 54
 54
 21
 54
 54
 54
 54
 54
 54
 51
 54
 54
 54
 54
 54
 54
 54
 54
 54
 21
 54
 54
 54
 54
 54
 54
 53
 54
 54
 54
 54
 54
 54
 54
 54
 49
 21
 54
 54
 49
 54
 54
 54
 54
 54
 54
 54
 50
 54
 54
 54
 54
 29
 21
 54
 54
 54
 54
 54
 54
 54
 54
 54
 54
 51
 54
 54
 54
 54
 54
 21
 54
 54
 54
 54
 54
 54
 54
 54
 54
 54
 51
 54
 54
 54
 54
 49
 21
 54
 54
 49
 54
 54
 54
 54
 54
 54
 54
 53
 54
 54
 54
 54
 38
 21
 54
 54
 54
 54
 54
 54
 54
 54
 54
 54
 54
 54
 54
 54
 54
 54
 21
 54
 54
 54
 54
 54
 54
 54
 54
 54
 54
 54
 54
 54
 54
 54
 49
 21
 54
 54
 49
 54
 54
 54
 54
 54
 54
 54
 54
 54
 54
 54
 54
 41
 21
 54
 54
 54
 54
 54
 54
 54
 50
 54
 54
 54
 54
 54
 54
 54
 44
 21
 54
 54
 54
 54
 54
 54
 54
 51
 54
 54
 54
 54
 54
 54
 54
 49
 21
 54
 54
 49
 54
 54
 54
 1
 52
 54
 54
 54
 54
 54
 54
 54
 54
 21
 54
 54
 54
 54
 54
 54
 54
 52
 54
 54
 54
 54
 54
 54
 54
 37
 21
 54
 54
 54
 54
 54
 54
 54
 52
 54
 54
 54
 54
 54
 54
 54
 49
 21
 54
 54
 49
 54
 54
 54
 54
 53
 54
 54
 54
 54
 54
 54
 54
 54
 21
 54
 54
 54
 54
 54
 54
 54
 54
 54
 54
 54
 54
 54
 54
 54
 54
 21
 54
 54
 54
 54
 54
 54
 54
 54
 54
 54
 54
 54
 54
 54
 54
 49
 21
 54
 54
 20
 23
 23
 23
 23
 23
 23
 23
 23
 23
 23
 23
 23
 23
 24
 54
 54
 54
 54
 54
 54
 54
 54
 54
 54
 54
 54
 54
 54
 54
 54
 54
 54
 54
 54
 54
 54
 54
 54
 54
 54
 54
 54
 54
 54
 54
 54
 54
 54
 54
 54
