 30
 18
 20
 23
 23
 23
 23
 23
 23
 23
 23
 23
 23
 23
 23
 23
 23
 23
 24
 54
 54
 54
 54
 54
 21
 54
 54
 54
 21
 54
 54
 54
 21
 54
 54
 54
 42
 21
 54
 54
 54
 54
 49
 21
 54
 54
 3
 21
 54
 54
 7
 21
 49
 54
 54
 44
 21
 54
 54
 54
 54
 54
 21
 54
 54
 54
 21
 54
 54
 54
 21
 54
 54
 54
 54
 21
 54
 54
 54
 54
 54
 21
 54
 54
 54
 21
 54
 54
 37
 21
 54
 54
 54
 20
 24
 54
 54
 54
 54
 54
 31
 31
 32
 33
 31
 31
 33
 32
 31
 54
 54
 54
 54
 21
 54
 54
 54
 54
 54
 31
 31
 33
 32
 31
 31
 32
 33
 31
 54
 54
 54
 20
 24
 54
 54
 50
 54
 54
 31
 31
 32
 33
 31
 31
 33
 32
 31
 54
 54
 54
 54
 21
 54
 54
 51
 54
 54
 31
 31
 33
 32
 31
 31
 32
 33
 31
 54
 54
 39
 20
 24
 54
 54
 51
 54
 54
 31
 31
 32
 33
 31
 31
 33
 32
 31
 54
 54
 54
 54
 21
 54
 54
 53
 54
 54
 21
 54
 54
 54
 21
 54
 54
 54
 21
 54
 54
 54
 20
 24
 54
 54
 54
 54
 37
 21
 54
 54
 54
 21
 54
 54
 54
 21
 54
 54
 54
 54
 21
 54
 54
 54
 54
 54
 21
 54
 54
 54
 22
 54
 54
 54
 21
 54
 54
 54
 20
 24
 54
 54
 54
 54
 54
 21
 54
 54
 54
 54
 54
 54
 54
 21
 54
 54
 54
 54
 21
 54
 54
 54
 54
 45
 21
 54
 54
 54
 22
 54
 54
 41
 21
 54
 54
 49
 20
 24
 54
 54
 54
 54
 47
 21
 54
 54
 54
 54
 54
 54
 43
 21
 54
 54
 54
 54
 21
 54
 54
 54
 54
 46
 21
 54
 50
 54
 22
 54
 54
 42
 21
 54
 54
 54
 20
 24
 54
 54
 54
 54
 48
 22
 54
 52
 54
 54
 54
 54
 42
 21
 54
 54
 54
 54
 21
 54
 54
 54
 54
 54
 54
 54
 51
 54
 22
 54
 54
 43
 21
 54
 54
 54
 20
 24
 54
 54
 54
 54
 54
 22
 54
 51
 54
 54
 54
 54
 42
 21
 54
 54
 54
 54
 21
 54
 54
 54
 54
 54
 21
 54
 53
 54
 22
 54
 54
 43
 21
 54
 54
 54
 20
 24
 54
 54
 54
 54
 54
 20
 27
 54
 54
 54
 54
 54
 44
 21
 54
 54
 54
 54
 21
 54
 54
 54
 50
 54
 54
 20
 27
 54
 22
 54
 54
 54
 21
 54
 54
 54
 20
 24
 54
 54
 54
 52
 54
 54
 54
 20
 27
 54
 54
 54
 39
 21
 54
 54
 54
 54
 21
 54
 54
 54
 53
 54
 54
 54
 54
 20
 22
 54
 54
 54
 21
 54
 54
 54
 20
 24
 54
 54
 54
 54
 54
 54
 54
 54
 21
 54
 54
 54
 54
 21
 54
 54
 54
 54
 21
 54
 54
 54
 54
 54
 54
 54
 49
 21
 54
 54
 54
 49
 21
 49
 54
 54
 38
 21
 54
 54
 54
 54
 54
 54
 54
 54
 21
 54
 54
 54
 54
 21
 54
 54
 54
 54
 21
 54
 54
 20
 23
 23
 23
 23
 23
 23
 23
 23
 23
 23
 23
 23
 23
 23
 23
 24
 54
 54
 54
 54
 54
 54
 54
 54
 54
 54
 54
 54
 54
 54
 54
 54
 54
 54
 54
 54
 54
 54
 54
 54
 54
 54
 54
 54
 54
 54
 54
 54
 54
 54
 54
 54
 54
 54
 54
 54
