 26
 17
 20
 23
 23
 23
 23
 23
 23
 23
 23
 23
 23
 23
 23
 23
 23
 24
 54
 54
 21
 49
 20
 23
 23
 24
 49
 20
 23
 23
 24
 49
 20
 23
 23
 24
 54
 54
 54
 54
 54
 54
 54
 54
 54
 54
 54
 54
 54
 54
 54
 54
 54
 21
 54
 54
 54
 54
 54
 54
 54
 54
 54
 54
 54
 20
 27
 54
 54
 39
 20
 21
 54
 54
 54
 50
 54
 54
 20
 27
 54
 54
 38
 20
 26
 54
 54
 20
 26
 21
 54
 54
 54
 51
 54
 37
 20
 26
 54
 54
 54
 54
 54
 45
 20
 26
 36
 21
 54
 54
 54
 52
 54
 54
 54
 54
 54
 54
 54
 20
 27
 48
 21
 54
 36
 21
 54
 54
 54
 53
 54
 54
 20
 27
 54
 54
 54
 20
 26
 54
 54
 54
 36
 21
 54
 54
 54
 54
 54
 1
 20
 26
 54
 54
 54
 54
 54
 54
 20
 27
 54
 21
 54
 54
 54
 54
 54
 54
 54
 54
 54
 54
 45
 20
 27
 54
 20
 26
 38
 21
 54
 54
 54
 54
 54
 40
 20
 27
 54
 54
 48
 20
 26
 54
 54
 31
 31
 21
 54
 54
 54
 54
 54
 54
 20
 26
 54
 54
 54
 54
 54
 41
 20
 27
 54
 21
 54
 54
 50
 54
 54
 54
 54
 54
 54
 54
 54
 20
 27
 44
 20
 26
 49
 21
 54
 54
 52
 54
 54
 54
 20
 27
 54
 54
 39
 20
 26
 54
 54
 31
 31
 21
 54
 54
 51
 54
 54
 54
 20
 26
 54
 54
 54
 54
 54
 37
 20
 27
 54
 21
 54
 54
 53
 54
 54
 54
 54
 54
 54
 54
 54
 20
 27
 54
 20
 26
 54
 21
 54
 54
 54
 54
 54
 30
 20
 27
 54
 54
 54
 20
 26
 54
 54
 54
 36
 21
 54
 54
 54
 54
 54
 54
 20
 26
 54
 54
 54
 54
 54
 54
 20
 27
 36
 21
 54
 54
 54
 54
 54
 54
 54
 54
 54
 54
 37
 20
 27
 54
 20
 26
 36
 21
 54
 54
 54
 54
 54
 7
 20
 27
 54
 54
 54
 20
 26
 54
 54
 22
 40
 21
 54
 54
 54
 54
 54
 38
 20
 26
 54
 54
 54
 54
 54
 54
 54
 20
 27
 21
 54
 54
 54
 54
 54
 54
 54
 54
 54
 54
 54
 54
 54
 54
 54
 54
 20
 21
 54
 54
 54
 54
 54
 54
 54
 54
 54
 54
 54
 54
 54
 54
 54
 54
 54
 21
 54
 54
 21
 49
 20
 23
 23
 24
 49
 20
 23
 23
 24
 49
 20
 23
 23
 24
 54
 54
 20
 23
 23
 23
 23
 23
 23
 23
 23
 23
 23
 23
 23
 23
 23
 24
 54
 54
 54
 54
 54
 54
 54
 54
 54
 54
 54
 54
 54
 54
 54
 54
 54
 54
 54
 54
 54
 54
 54
 54
 54
 54
 54
 54
 54
 54
 54
 54
 54
 54
 54
 54
 54
 54
