 29
 8
 20
 23
 23
 23
 23
 23
 23
 24
 54
 54
 54
 54
 54
 54
 54
 7
 21
 54
 54
 50
 54
 54
 54
 54
 41
 21
 54
 54
 51
 54
 54
 54
 54
 20
 24
 54
 54
 52
 54
 54
 31
 20
 23
 24
 54
 54
 53
 54
 54
 54
 21
 54
 21
 54
 54
 54
 54
 31
 20
 24
 37
 21
 54
 54
 54
 54
 40
 21
 54
 54
 21
 54
 54
 54
 54
 54
 21
 54
 31
 21
 54
 50
 54
 31
 20
 24
 54
 30
 21
 54
 52
 54
 41
 21
 54
 54
 45
 21
 54
 53
 54
 42
 21
 54
 54
 47
 21
 54
 54
 54
 43
 21
 54
 54
 46
 21
 54
 54
 49
 20
 24
 49
 20
 23
 24
 54
 54
 49
 20
 24
 49
 20
 23
 24
 54
 54
 54
 54
 21
 54
 54
 43
 21
 54
 54
 54
 38
 21
 54
 54
 44
 21
 54
 54
 54
 54
 21
 54
 54
 54
 21
 54
 54
 54
 31
 20
 24
 54
 30
 21
 54
 54
 54
 54
 47
 21
 54
 31
 21
 54
 50
 54
 54
 48
 21
 54
 54
 21
 54
 51
 54
 54
 31
 20
 24
 45
 21
 21
 51
 54
 54
 54
 54
 21
 46
 21
 54
 52
 54
 54
 54
 31
 20
 23
 24
 54
 53
 54
 54
 54
 54
 39
 20
 24
 54
 54
 54
 54
 54
 54
 54
 54
 21
 54
 54
 54
 54
 54
 54
 54
 2
 21
 54
 20
 23
 23
 23
 23
 23
 23
 24
 54
 54
 54
 54
 54
 54
 54
 54
 54
 54
 54
 54
 54
 54
 54
 54
 54
 54
 54
