 64
 17
 20
 23
 23
 23
 23
 23
 23
 23
 23
 23
 23
 23
 23
 23
 23
 24
 54
 54
 54
 3
 21
 54
 54
 54
 54
 21
 54
 54
 54
 54
 54
 54
 54
 21
 54
 54
 54
 54
 21
 54
 54
 54
 40
 21
 54
 54
 54
 54
 54
 54
 49
 21
 54
 54
 54
 54
 21
 54
 54
 54
 54
 21
 54
 54
 50
 54
 54
 54
 54
 21
 54
 54
 54
 54
 21
 54
 54
 54
 41
 21
 54
 54
 52
 54
 54
 54
 45
 21
 54
 54
 54
 54
 21
 54
 54
 54
 42
 21
 54
 54
 51
 54
 54
 54
 46
 21
 54
 54
 54
 30
 21
 54
 54
 54
 43
 21
 54
 54
 53
 54
 54
 54
 47
 21
 54
 54
 54
 54
 22
 54
 54
 54
 43
 20
 23
 24
 54
 54
 54
 54
 48
 21
 54
 54
 54
 54
 54
 54
 54
 54
 44
 20
 20
 21
 54
 54
 54
 54
 54
 21
 54
 54
 54
 54
 54
 54
 54
 54
 54
 20
 20
 21
 54
 54
 54
 54
 20
 24
 54
 54
 54
 54
 54
 54
 54
 54
 54
 20
 23
 21
 54
 54
 54
 54
 20
 24
 54
 54
 54
 54
 54
 54
 54
 54
 31
 21
 54
 20
 23
 23
 23
 23
 20
 24
 54
 54
 54
 54
 54
 54
 54
 31
 54
 21
 54
 20
 20
 20
 20
 20
 20
 24
 54
 54
 54
 54
 54
 54
 31
 54
 31
 21
 54
 20
 20
 20
 20
 20
 20
 24
 54
 54
 50
 54
 54
 31
 54
 31
 54
 20
 23
 23
 23
 23
 23
 23
 23
 24
 54
 54
 51
 54
 54
 54
 31
 54
 31
 22
 54
 54
 49
 21
 54
 54
 54
 21
 54
 54
 53
 54
 54
 54
 54
 31
 54
 22
 54
 54
 54
 21
 54
 54
 54
 21
 54
 54
 54
 54
 54
 54
 54
 54
 31
 22
 54
 54
 30
 22
 54
 54
 54
 21
 54
 54
 54
 54
 54
 54
 54
 54
 54
 22
 54
 54
 54
 54
 54
 54
 49
 21
 54
 54
 54
 54
 54
 54
 54
 54
 54
 22
 54
 54
 54
 54
 54
 54
 54
 21
 54
 54
 54
 54
 54
 54
 54
 54
 45
 22
 54
 54
 54
 54
 54
 54
 54
 21
 54
 54
 54
 54
 54
 54
 54
 54
 47
 22
 54
 54
 54
 54
 54
 54
 54
 21
 54
 54
 54
 30
 22
 54
 54
 54
 48
 22
 54
 54
 54
 54
 54
 54
 37
 21
 54
 54
 54
 54
 21
 54
 54
 54
 54
 22
 54
 54
 54
 54
 54
 54
 54
 21
 54
 54
 54
 54
 21
 54
 54
 54
 5
 20
 23
 23
 23
 23
 23
 23
 23
 24
 54
 54
 54
 54
 21
 54
 54
 54
 54
 54
 54
 54
 54
 54
 54
 54
 36
 21
 54
 54
 54
 41
 21
 54
 54
 54
 54
 54
 54
 54
 54
 54
 54
 54
 36
 21
 54
 54
 54
 42
 21
 54
 54
 54
 50
 54
 54
 54
 54
 54
 54
 54
 36
 21
 54
 54
 54
 44
 21
 54
 54
 54
 51
 54
 54
 54
 54
 54
 54
 54
 54
 21
 54
 54
 54
 54
 21
 54
 54
 54
 52
 54
 54
 54
 54
 54
 54
 54
 54
 21
 54
 54
 54
 54
 21
 54
 54
 54
 52
 54
 54
 54
 54
 54
 54
 54
 54
 21
 54
 54
 54
 54
 20
 27
 54
 54
 53
 54
 54
 54
 54
 54
 54
 54
 54
 21
 54
 54
 54
 54
 54
 20
 27
 54
 54
 54
 54
 54
 54
 54
 54
 54
 49
 21
 54
 54
 54
 54
 54
 54
 20
 27
 54
 54
 54
 54
 54
 54
 54
 54
 54
 21
 54
 54
 54
 54
 54
 54
 54
 20
 27
 54
 54
 54
 54
 54
 54
 54
 20
 26
 54
 54
 54
 54
 54
 54
 54
 54
 20
 27
 54
 54
 54
 54
 54
 20
 26
 54
 54
 54
 54
 54
 50
 54
 54
 54
 54
 20
 27
 54
 54
 54
 20
 26
 54
 54
 54
 54
 54
 54
 52
 54
 54
 54
 54
 54
 20
 27
 54
 20
 26
 54
 54
 54
 54
 54
 54
 54
 51
 54
 54
 54
 54
 54
 54
 20
 20
 26
 54
 54
 54
 54
 54
 54
 54
 54
 53
 54
 54
 54
 54
 54
 54
 54
 21
 54
 54
 54
 54
 54
 54
 54
 54
 54
 54
 54
 54
 54
 54
 54
 54
 41
 21
 54
 54
 54
 54
 54
 54
 54
 54
 54
 54
 54
 54
 54
 54
 54
 54
 42
 21
 54
 54
 54
 54
 54
 54
 54
 54
 54
 54
 54
 54
 20
 23
 23
 23
 23
 24
 54
 54
 54
 54
 54
 54
 54
 54
 54
 54
 54
 54
 49
 54
 54
 54
 54
 21
 54
 54
 54
 54
 54
 54
 54
 54
 54
 54
 54
 54
 54
 54
 54
 54
 54
 20
 27
 54
 54
 54
 54
 54
 54
 54
 54
 54
 54
 54
 54
 54
 54
 54
 54
 54
 20
 27
 54
 54
 54
 54
 54
 54
 54
 54
 54
 54
 54
 54
 54
 54
 54
 54
 20
 20
 27
 54
 54
 54
 54
 54
 54
 50
 54
 54
 54
 54
 54
 54
 54
 20
 26
 54
 20
 27
 54
 54
 54
 54
 54
 51
 54
 54
 54
 20
 23
 23
 23
 21
 54
 54
 54
 20
 27
 54
 54
 54
 54
 53
 54
 54
 39
 20
 20
 20
 20
 22
 54
 54
 54
 54
 21
 54
 54
 54
 54
 54
 54
 54
 54
 20
 20
 20
 20
 22
 54
 54
 54
 30
 21
 54
 54
 54
 54
 54
 54
 54
 54
 20
 23
 23
 23
 22
 54
 54
 54
 54
 21
 54
 54
 54
 54
 54
 54
 54
 54
 21
 54
 54
 54
 22
 54
 54
 54
 54
 21
 54
 54
 54
 54
 54
 54
 54
 38
 22
 54
 30
 30
 22
 54
 54
 54
 54
 21
 54
 54
 54
 54
 54
 54
 54
 54
 54
 54
 54
 54
 54
 54
 30
 30
 30
 21
 54
 54
 54
 54
 54
 54
 54
 54
 54
 54
 54
 54
 54
 54
 54
 54
 54
 21
 54
 54
 54
 54
 54
 54
 54
 54
 54
 54
 54
 54
 54
 54
 54
 54
 54
 21
 54
 54
 54
 54
 54
 54
 54
 54
 54
 54
 54
 54
 54
 54
 54
 54
 54
 21
 54
 54
 54
 54
 54
 54
 54
 54
 54
 54
 54
 54
 54
 54
 54
 54
 54
 21
 54
 54
 54
 54
 54
 54
 54
 54
 54
 54
 54
 54
 54
 31
 31
 31
 31
 21
 54
 54
 54
 54
 54
 54
 54
 54
 54
 54
 54
 54
 30
 30
 30
 30
 30
 21
 54
 54
 54
 54
 54
 54
 54
 54
 54
 54
 28
 31
 54
 54
 54
 54
 54
 21
 54
 54
 20
 23
 23
 23
 23
 23
 23
 23
 23
 23
 23
 23
 23
 23
 23
 24
 54
 54
 54
 54
 54
 54
 54
 54
 54
 54
 54
 54
 54
 54
 54
 54
 54
 54
 54
 54
 54
 54
 54
 54
 54
 54
 54
 54
 54
 54
 54
 54
 54
 54
 54
 54
 54
 54
