 21
 16
 20
 23
 23
 23
 23
 23
 23
 23
 23
 23
 23
 23
 23
 23
 25
 54
 54
 54
 49
 54
 54
 54
 20
 24
 54
 21
 54
 49
 22
 54
 7
 21
 54
 54
 54
 54
 54
 22
 54
 36
 21
 38
 20
 27
 54
 54
 22
 54
 21
 54
 54
 54
 49
 54
 21
 54
 36
 21
 54
 49
 21
 54
 54
 21
 54
 21
 54
 54
 54
 54
 37
 21
 54
 20
 24
 54
 20
 26
 54
 54
 21
 54
 21
 54
 54
 50
 54
 20
 24
 54
 36
 21
 41
 21
 54
 54
 20
 26
 54
 21
 54
 54
 51
 54
 54
 21
 54
 36
 21
 42
 21
 31
 31
 21
 54
 30
 21
 54
 54
 51
 54
 54
 22
 54
 20
 24
 42
 21
 31
 31
 20
 27
 54
 21
 54
 54
 53
 54
 54
 54
 54
 36
 21
 44
 21
 54
 54
 36
 21
 54
 21
 54
 54
 54
 54
 20
 27
 54
 36
 21
 39
 21
 54
 54
 36
 21
 54
 21
 54
 54
 54
 54
 36
 21
 54
 20
 24
 54
 21
 54
 54
 20
 26
 54
 21
 54
 54
 54
 1
 20
 24
 54
 36
 21
 54
 21
 54
 54
 21
 54
 54
 21
 54
 54
 50
 54
 47
 21
 54
 36
 21
 54
 21
 54
 40
 21
 54
 37
 21
 54
 54
 52
 54
 48
 21
 54
 20
 24
 54
 21
 54
 54
 20
 25
 54
 21
 54
 54
 53
 54
 54
 21
 54
 36
 21
 54
 20
 27
 54
 54
 22
 54
 21
 54
 54
 54
 40
 20
 24
 54
 36
 21
 54
 38
 20
 27
 54
 54
 54
 21
 54
 54
 54
 54
 54
 21
 54
 20
 26
 54
 54
 36
 21
 54
 54
 45
 21
 54
 54
 54
 54
 54
 21
 54
 21
 54
 54
 54
 36
 21
 54
 54
 46
 21
 54
 54
 54
 54
 49
 21
 49
 21
 54
 49
 54
 20
 25
 54
 54
 20
 25
 54
 54
 20
 23
 23
 23
 23
 23
 23
 23
 23
 23
 23
 23
 23
 25
 54
 54
 54
 54
 54
 54
 54
 54
 54
 54
 54
 54
 54
 54
 54
 54
 54
 54
 54
 54
 54
 54
 54
 54
 54
 54
 54
 54
 54
 54
 54
 54
 54
 54
 54
 54
 54
