 21
 16
 20
 23
 23
 23
 23
 23
 23
 23
 23
 23
 23
 23
 23
 23
 24
 54
 54
 54
 54
 21
 49
 22
 54
 49
 20
 26
 54
 20
 26
 54
 3
 21
 54
 54
 54
 38
 20
 23
 22
 54
 54
 21
 54
 49
 21
 54
 54
 41
 21
 54
 54
 50
 54
 54
 54
 22
 54
 36
 21
 54
 20
 26
 54
 54
 20
 24
 54
 54
 51
 54
 54
 20
 25
 33
 20
 26
 54
 21
 54
 54
 31
 20
 24
 54
 54
 51
 54
 20
 23
 25
 35
 21
 54
 20
 26
 54
 22
 54
 20
 24
 54
 54
 53
 54
 20
 23
 25
 35
 21
 54
 21
 54
 54
 21
 31
 20
 24
 54
 54
 54
 54
 20
 23
 25
 33
 21
 54
 21
 54
 39
 21
 54
 20
 24
 54
 54
 54
 54
 40
 20
 25
 35
 21
 54
 21
 54
 54
 21
 31
 20
 24
 54
 54
 54
 54
 54
 54
 22
 35
 21
 31
 20
 23
 23
 24
 49
 20
 24
 54
 54
 54
 54
 20
 23
 25
 33
 21
 31
 20
 23
 23
 24
 49
 20
 24
 54
 54
 54
 54
 54
 20
 25
 35
 21
 54
 21
 54
 48
 21
 31
 20
 24
 54
 54
 50
 54
 54
 39
 22
 35
 21
 45
 21
 54
 54
 21
 54
 20
 24
 54
 54
 51
 54
 54
 20
 25
 33
 21
 46
 21
 54
 54
 21
 31
 20
 24
 54
 54
 52
 54
 54
 20
 25
 35
 21
 47
 21
 54
 38
 22
 54
 20
 24
 54
 54
 53
 54
 20
 23
 25
 35
 21
 48
 21
 54
 54
 54
 31
 20
 24
 54
 54
 54
 54
 20
 23
 25
 33
 21
 54
 20
 27
 54
 54
 40
 20
 24
 54
 54
 54
 54
 54
 20
 25
 54
 21
 54
 54
 21
 54
 54
 54
 54
 21
 54
 54
 54
 49
 54
 21
 49
 54
 21
 49
 54
 21
 54
 54
 54
 5
 21
 54
 54
 20
 23
 23
 23
 23
 23
 23
 23
 23
 23
 23
 23
 23
 23
 24
 54
 54
 54
 54
 54
 54
 54
 54
 54
 54
 54
 54
 54
 54
 54
 54
 54
 54
 54
 54
 54
 54
 54
 54
 54
 54
 54
 54
 54
 54
 54
 54
 54
 54
 54
 54
