 21
 8
 54
 50
 54
 29
 20
 23
 23
 24
 54
 54
 51
 54
 54
 54
 54
 3
 21
 54
 54
 51
 54
 54
 54
 54
 45
 21
 54
 54
 53
 54
 50
 54
 54
 47
 21
 54
 54
 54
 54
 52
 54
 54
 46
 21
 54
 54
 54
 54
 51
 54
 54
 48
 21
 54
 54
 54
 54
 51
 54
 54
 54
 21
 54
 50
 54
 54
 53
 54
 54
 37
 21
 54
 51
 54
 54
 54
 54
 54
 54
 21
 54
 52
 54
 54
 54
 54
 31
 41
 21
 54
 52
 54
 54
 54
 54
 31
 42
 21
 54
 53
 54
 54
 54
 54
 54
 43
 21
 54
 54
 54
 54
 54
 54
 54
 43
 21
 54
 54
 54
 50
 54
 54
 54
 44
 21
 54
 54
 54
 52
 54
 54
 54
 54
 21
 54
 54
 54
 51
 54
 54
 54
 40
 21
 54
 54
 54
 53
 54
 54
 54
 54
 21
 54
 54
 54
 54
 54
 54
 54
 54
 21
 54
 54
 54
 54
 54
 54
 54
 5
 21
 54
 54
 54
 54
 38
 20
 23
 23
 24
 54
 54
 54
 54
 54
 54
 54
 54
 54
 54
 54
 54
 54
 54
 54
 54
 54
 54
 54
