 21
 16
 20
 23
 23
 23
 23
 23
 23
 23
 23
 23
 23
 23
 23
 23
 24
 54
 54
 54
 28
 21
 54
 54
 49
 20
 23
 26
 20
 27
 49
 3
 20
 24
 54
 54
 54
 20
 24
 54
 45
 20
 23
 26
 54
 54
 20
 27
 54
 36
 21
 54
 54
 54
 54
 54
 54
 20
 23
 26
 54
 21
 54
 36
 21
 54
 36
 21
 54
 54
 50
 54
 54
 20
 23
 26
 54
 54
 54
 54
 20
 24
 54
 20
 24
 54
 54
 51
 54
 54
 20
 24
 54
 39
 21
 54
 45
 20
 24
 54
 36
 21
 54
 54
 52
 54
 54
 38
 20
 27
 54
 54
 54
 47
 20
 26
 54
 36
 21
 54
 54
 53
 54
 54
 54
 54
 20
 27
 21
 54
 20
 24
 54
 38
 20
 24
 54
 54
 54
 54
 54
 54
 54
 54
 20
 26
 54
 20
 24
 54
 54
 36
 21
 54
 54
 54
 54
 54
 54
 54
 54
 54
 54
 54
 36
 21
 54
 54
 36
 21
 54
 54
 20
 23
 23
 23
 23
 24
 54
 54
 20
 23
 24
 54
 54
 20
 24
 54
 54
 49
 7
 20
 23
 23
 24
 54
 54
 54
 36
 21
 54
 54
 36
 21
 54
 54
 54
 54
 54
 54
 36
 21
 54
 30
 30
 20
 26
 54
 20
 27
 21
 54
 54
 54
 37
 20
 23
 23
 24
 54
 54
 54
 21
 54
 54
 37
 20
 24
 54
 54
 50
 54
 54
 54
 36
 21
 54
 54
 37
 21
 29
 21
 54
 36
 21
 54
 54
 52
 54
 20
 23
 23
 24
 54
 54
 20
 26
 54
 54
 54
 36
 21
 54
 54
 53
 30
 20
 23
 23
 24
 41
 20
 20
 20
 20
 21
 54
 20
 24
 54
 54
 54
 54
 54
 54
 36
 21
 42
 21
 54
 54
 21
 54
 54
 36
 21
 54
 54
 54
 54
 54
 54
 49
 21
 43
 21
 54
 40
 20
 27
 54
 36
 21
 54
 54
 20
 23
 23
 23
 23
 23
 23
 23
 23
 23
 23
 23
 23
 23
 24
 54
 54
 54
 54
 54
 54
 54
 54
 54
 54
 54
 54
 54
 54
 54
 54
 54
 54
 54
 54
 54
 54
 54
 54
 54
 54
 54
 54
 54
 54
 54
 54
 54
 54
 54
 54
