 21
 16
 20
 23
 23
 23
 23
 23
 23
 23
 23
 23
 23
 23
 23
 23
 24
 54
 54
 54
 54
 54
 54
 54
 54
 21
 54
 54
 54
 54
 54
 54
 3
 21
 54
 54
 50
 54
 54
 54
 54
 20
 26
 54
 54
 54
 54
 54
 45
 20
 24
 54
 54
 51
 54
 54
 39
 20
 24
 54
 54
 54
 54
 54
 54
 20
 26
 21
 54
 54
 53
 54
 54
 20
 23
 23
 27
 54
 54
 54
 54
 20
 26
 36
 21
 54
 54
 54
 41
 20
 26
 54
 48
 20
 27
 54
 49
 20
 26
 54
 36
 21
 54
 54
 54
 42
 21
 54
 54
 54
 54
 20
 27
 20
 26
 54
 54
 36
 21
 54
 54
 54
 44
 20
 27
 54
 54
 54
 49
 20
 26
 54
 54
 54
 36
 21
 54
 54
 54
 54
 54
 20
 27
 54
 37
 20
 26
 54
 54
 54
 54
 36
 21
 54
 54
 54
 54
 54
 54
 20
 27
 20
 24
 54
 54
 54
 54
 54
 20
 24
 54
 54
 50
 54
 54
 54
 49
 20
 23
 24
 54
 54
 54
 54
 20
 26
 21
 54
 54
 51
 54
 54
 54
 20
 26
 31
 20
 27
 54
 49
 20
 26
 38
 21
 54
 54
 52
 54
 54
 20
 26
 54
 54
 49
 20
 27
 20
 26
 54
 54
 21
 54
 54
 52
 54
 20
 26
 54
 54
 41
 20
 26
 20
 24
 54
 54
 49
 21
 54
 54
 53
 54
 21
 54
 54
 54
 20
 26
 54
 49
 20
 27
 54
 54
 21
 54
 54
 54
 39
 20
 27
 54
 20
 26
 54
 54
 54
 54
 20
 27
 31
 21
 54
 54
 54
 54
 54
 20
 23
 24
 54
 54
 54
 54
 54
 40
 20
 27
 21
 54
 54
 54
 54
 54
 44
 20
 24
 54
 54
 54
 54
 54
 54
 31
 20
 24
 54
 54
 54
 54
 54
 54
 54
 21
 54
 54
 54
 54
 54
 54
 54
 5
 21
 54
 54
 20
 23
 23
 23
 23
 23
 23
 23
 23
 23
 23
 23
 23
 23
 24
 54
 54
 54
 54
 54
 54
 54
 54
 54
 54
 54
 54
 54
 54
 54
 54
 54
 54
 54
 54
 54
 54
 54
 54
 54
 54
 54
 54
 54
 54
 54
 54
 54
 54
 54
 54
