 21
 8
 20
 23
 23
 23
 23
 23
 23
 24
 54
 54
 54
 28
 21
 54
 7
 20
 24
 54
 54
 54
 54
 54
 54
 54
 36
 21
 54
 50
 54
 54
 54
 54
 54
 36
 21
 54
 51
 54
 54
 54
 54
 54
 36
 21
 54
 51
 54
 29
 21
 54
 40
 20
 24
 54
 52
 54
 54
 54
 54
 54
 36
 21
 54
 53
 54
 54
 54
 54
 54
 36
 21
 54
 54
 54
 54
 54
 54
 54
 36
 21
 54
 54
 54
 41
 20
 20
 20
 20
 24
 54
 54
 54
 44
 20
 20
 20
 20
 24
 54
 54
 54
 54
 54
 54
 54
 36
 21
 54
 50
 54
 54
 54
 54
 54
 36
 21
 54
 52
 54
 54
 54
 54
 54
 36
 21
 54
 52
 54
 39
 21
 54
 37
 20
 24
 54
 53
 54
 54
 54
 54
 54
 36
 21
 54
 54
 54
 54
 54
 54
 54
 36
 21
 54
 54
 54
 54
 54
 54
 54
 36
 21
 54
 54
 54
 28
 21
 54
 1
 20
 24
 54
 20
 23
 23
 23
 23
 23
 23
 24
 54
 54
 54
 54
 54
 54
 54
 54
 54
 54
 54
 54
 54
 54
 54
 54
 54
 54
 54
