 21
 64
 20
 23
 23
 23
 23
 23
 23
 23
 23
 23
 23
 23
 23
 23
 23
 23
 23
 23
 23
 23
 23
 23
 23
 23
 23
 23
 23
 23
 23
 23
 23
 23
 23
 23
 23
 23
 23
 23
 23
 23
 23
 23
 23
 23
 23
 23
 23
 23
 23
 23
 23
 23
 23
 23
 23
 23
 23
 23
 23
 23
 23
 24
 54
 54
 54
 54
 3
 21
 54
 7
 21
 54
 21
 54
 21
 54
 20
 20
 20
 20
 20
 20
 21
 54
 21
 54
 21
 54
 21
 54
 21
 54
 21
 49
 21
 54
 54
 54
 54
 54
 54
 36
 21
 54
 21
 54
 21
 54
 21
 54
 21
 54
 21
 54
 21
 54
 21
 54
 21
 54
 21
 54
 21
 54
 21
 54
 21
 54
 54
 54
 54
 54
 21
 54
 54
 20
 20
 20
 20
 20
 20
 23
 20
 20
 20
 20
 20
 20
 20
 20
 20
 20
 20
 20
 20
 20
 20
 20
 20
 26
 54
 54
 50
 54
 54
 54
 54
 20
 20
 20
 20
 20
 20
 20
 20
 20
 20
 20
 20
 20
 20
 20
 20
 20
 20
 20
 20
 20
 20
 20
 20
 20
 27
 54
 54
 54
 54
 21
 54
 54
 54
 21
 54
 21
 54
 20
 23
 23
 23
 23
 23
 24
 54
 21
 54
 21
 54
 21
 54
 21
 54
 21
 54
 21
 54
 54
 54
 52
 54
 54
 54
 38
 20
 21
 54
 21
 54
 21
 54
 21
 54
 21
 54
 21
 54
 21
 54
 21
 54
 21
 54
 21
 54
 21
 54
 21
 54
 21
 54
 54
 54
 54
 21
 54
 54
 45
 22
 54
 21
 54
 21
 54
 54
 54
 54
 54
 54
 54
 21
 54
 21
 54
 21
 54
 21
 54
 21
 54
 20
 27
 54
 54
 52
 54
 54
 54
 54
 20
 20
 23
 24
 54
 20
 23
 23
 23
 23
 23
 23
 23
 23
 23
 20
 23
 23
 23
 23
 23
 20
 23
 24
 54
 21
 54
 54
 54
 30
 22
 54
 54
 46
 22
 54
 22
 54
 20
 27
 54
 54
 54
 54
 54
 54
 21
 54
 21
 54
 54
 21
 54
 21
 54
 21
 54
 20
 27
 54
 53
 54
 54
 54
 20
 26
 20
 27
 54
 54
 54
 20
 27
 54
 54
 54
 54
 54
 54
 54
 21
 54
 54
 54
 54
 54
 21
 54
 54
 20
 24
 54
 54
 54
 54
 54
 54
 54
 47
 22
 54
 54
 54
 54
 20
 27
 31
 31
 31
 31
 31
 31
 31
 21
 54
 54
 54
 21
 54
 21
 54
 21
 54
 20
 27
 54
 54
 54
 20
 26
 54
 54
 21
 54
 54
 54
 40
 20
 27
 54
 54
 54
 54
 54
 54
 21
 54
 54
 54
 54
 49
 21
 54
 20
 26
 21
 54
 54
 54
 54
 54
 54
 54
 48
 22
 54
 54
 54
 54
 54
 21
 31
 31
 31
 31
 31
 31
 31
 21
 54
 54
 54
 54
 21
 54
 21
 54
 21
 54
 21
 54
 54
 20
 26
 54
 54
 54
 21
 54
 54
 54
 54
 54
 20
 27
 30
 22
 54
 54
 54
 22
 54
 22
 54
 54
 54
 21
 54
 21
 36
 21
 54
 54
 54
 30
 22
 54
 54
 54
 22
 54
 54
 54
 54
 38
 21
 31
 31
 31
 31
 31
 31
 31
 21
 54
 54
 54
 30
 22
 30
 22
 30
 22
 30
 22
 54
 54
 21
 54
 54
 54
 45
 20
 23
 23
 23
 24
 54
 54
 21
 54
 21
 54
 54
 30
 22
 54
 22
 54
 54
 39
 21
 54
 54
 36
 21
 54
 54
 54
 54
 21
 54
 54
 54
 54
 54
 54
 54
 54
 54
 22
 54
 54
 54
 54
 54
 21
 54
 21
 54
 54
 54
 54
 54
 54
 54
 54
 54
 54
 54
 54
 54
 54
 54
 54
 54
 47
 21
 54
 54
 49
 21
 54
 41
 21
 54
 21
 54
 54
 54
 54
 54
 21
 54
 54
 54
 21
 54
 21
 36
 21
 54
 54
 54
 54
 21
 54
 54
 54
 22
 30
 22
 54
 54
 54
 54
 54
 54
 54
 54
 54
 21
 54
 20
 23
 23
 23
 23
 23
 23
 23
 23
 23
 23
 23
 24
 54
 54
 54
 54
 54
 48
 21
 54
 54
 54
 21
 54
 43
 21
 54
 21
 54
 54
 54
 54
 54
 21
 54
 54
 54
 21
 54
 20
 27
 21
 54
 54
 50
 54
 21
 54
 54
 37
 21
 54
 21
 54
 54
 54
 30
 22
 54
 54
 54
 29
 22
 30
 22
 54
 54
 54
 54
 54
 54
 21
 54
 54
 54
 54
 20
 23
 23
 23
 24
 54
 54
 21
 31
 31
 31
 21
 54
 42
 21
 54
 21
 54
 54
 54
 54
 20
 26
 54
 54
 54
 22
 54
 54
 20
 24
 54
 54
 51
 54
 21
 54
 54
 20
 26
 54
 21
 54
 54
 54
 54
 21
 54
 54
 54
 54
 22
 54
 54
 41
 22
 54
 54
 54
 54
 21
 54
 54
 54
 54
 54
 54
 54
 49
 21
 54
 54
 21
 54
 54
 54
 21
 54
 44
 21
 54
 21
 54
 54
 54
 20
 26
 54
 50
 54
 54
 54
 54
 54
 54
 21
 54
 54
 51
 54
 21
 54
 20
 26
 54
 41
 21
 54
 54
 54
 20
 20
 27
 54
 54
 30
 22
 54
 54
 43
 21
 54
 54
 54
 54
 21
 54
 54
 54
 54
 54
 54
 54
 54
 21
 54
 39
 21
 54
 54
 49
 21
 54
 54
 31
 31
 21
 54
 54
 20
 26
 54
 54
 52
 54
 54
 54
 54
 54
 54
 21
 54
 54
 52
 54
 21
 54
 21
 54
 54
 42
 21
 54
 54
 20
 21
 54
 20
 27
 54
 54
 54
 54
 54
 44
 21
 54
 50
 54
 30
 22
 54
 54
 54
 54
 54
 20
 23
 23
 24
 54
 54
 20
 23
 23
 23
 24
 54
 54
 31
 31
 21
 54
 20
 26
 54
 54
 54
 53
 54
 54
 54
 54
 54
 37
 21
 54
 54
 53
 54
 21
 54
 21
 54
 22
 44
 21
 54
 20
 21
 54
 21
 54
 20
 23
 23
 23
 23
 24
 54
 21
 54
 52
 54
 54
 54
 54
 54
 54
 54
 37
 21
 54
 54
 54
 54
 20
 26
 54
 54
 54
 54
 54
 54
 21
 54
 21
 54
 21
 54
 54
 54
 54
 54
 54
 54
 54
 54
 54
 54
 21
 54
 54
 54
 38
 21
 54
 21
 54
 21
 54
 21
 54
 21
 54
 21
 54
 21
 54
 21
 54
 21
 54
 21
 54
 21
 54
 51
 54
 54
 54
 54
 54
 54
 54
 54
 21
 54
 54
 54
 54
 21
 54
 54
 54
 54
 54
 54
 54
 21
 54
 21
 54
 21
 54
 54
 54
 54
 54
 54
 54
 54
 54
 54
 54
 21
 54
 54
 54
 54
 20
 20
 20
 20
 20
 20
 20
 20
 20
 20
 20
 20
 20
 20
 20
 20
 20
 20
 20
 20
 26
 54
 53
 54
 54
 54
 54
 54
 54
 54
 49
 21
 54
 54
 54
 20
 21
 54
 54
 54
 54
 54
 54
 20
 20
 20
 20
 20
 21
 54
 54
 54
 54
 54
 54
 54
 54
 54
 54
 20
 26
 54
 54
 54
 54
 54
 21
 54
 21
 54
 21
 54
 21
 54
 21
 54
 21
 54
 21
 54
 21
 54
 21
 54
 21
 54
 54
 54
 54
 54
 54
 54
 54
 54
 54
 54
 21
 54
 54
 49
 20
 20
 20
 20
 20
 20
 20
 20
 21
 54
 21
 54
 20
 20
 20
 20
 20
 20
 20
 20
 20
 20
 20
 20
 21
 54
 54
 54
 20
 23
 23
 23
 23
 23
 23
 23
 23
 23
 23
 23
 23
 23
 23
 23
 23
 23
 23
 23
 23
 23
 23
 23
 23
 23
 23
 23
 23
 23
 23
 23
 23
 23
 23
 23
 23
 23
 23
 23
 23
 23
 23
 23
 23
 23
 23
 23
 23
 23
 23
 23
 23
 23
 23
 23
 23
 23
 23
 23
 23
 24
 54
 54
 54
 54
 54
 54
 54
 54
 54
 54
 54
 54
 54
 54
 54
 54
 54
 54
 54
 54
 54
 54
 54
 54
 54
 54
 54
 54
 54
 54
 54
 54
 54
 54
 54
 54
 54
 54
 54
 54
 54
 54
 54
 54
 54
 54
 54
 54
 54
 54
 54
 54
 54
 54
 54
 54
 54
 54
 54
 54
 54
 54
 54
 54
 54
 54
 54
 54
 54
 54
 54
 54
 54
 54
 54
 54
 54
 54
 54
 54
 54
 54
 54
 54
 54
 54
 54
 54
 54
 54
 54
 54
 54
 54
 54
 54
 54
 54
 54
 54
 54
 54
 54
 54
 54
 54
 54
 54
 54
 54
 54
 54
 54
 54
 54
 54
 54
 54
 54
 54
 54
 54
 54
 54
 54
 54
 54
 54
 54
 54
 54
 54
 54
