 27
 10
 20
 23
 23
 23
 23
 23
 23
 23
 24
 54
 54
 54
 54
 54
 54
 22
 22
 22
 22
 21
 54
 54
 54
 54
 40
 22
 54
 54
 54
 54
 21
 54
 54
 50
 54
 54
 21
 36
 22
 54
 45
 21
 54
 54
 51
 54
 54
 20
 27
 21
 54
 46
 21
 54
 54
 51
 54
 21
 35
 20
 26
 54
 48
 21
 54
 54
 53
 54
 54
 20
 24
 54
 54
 7
 21
 54
 54
 54
 54
 54
 54
 20
 25
 54
 54
 21
 54
 54
 54
 54
 54
 20
 23
 24
 54
 21
 21
 54
 54
 54
 54
 45
 20
 23
 23
 23
 24
 21
 54
 54
 54
 41
 20
 23
 23
 23
 25
 54
 21
 54
 54
 54
 43
 20
 23
 23
 23
 25
 21
 21
 54
 54
 54
 44
 20
 23
 23
 23
 23
 24
 21
 54
 54
 54
 54
 48
 20
 23
 24
 54
 54
 21
 54
 54
 54
 54
 54
 48
 20
 25
 54
 37
 21
 54
 54
 54
 54
 54
 54
 44
 21
 54
 54
 21
 54
 54
 54
 54
 54
 54
 54
 21
 54
 41
 21
 54
 54
 54
 54
 54
 54
 54
 22
 54
 42
 21
 54
 54
 54
 50
 54
 54
 54
 54
 54
 42
 21
 54
 54
 54
 51
 54
 54
 54
 36
 22
 43
 21
 54
 54
 54
 52
 54
 54
 54
 20
 25
 44
 21
 54
 54
 54
 52
 54
 54
 39
 21
 54
 54
 21
 54
 54
 54
 53
 54
 54
 54
 20
 25
 1
 21
 54
 54
 54
 54
 54
 54
 54
 38
 21
 54
 21
 54
 54
 54
 54
 54
 54
 54
 54
 20
 20
 21
 54
 54
 20
 23
 23
 23
 23
 23
 23
 23
 24
 54
 54
 54
 54
 54
 54
 54
 54
 54
 54
 54
 54
 54
 54
 54
 54
 54
 54
 54
 54
 54
 54
 54
 54
