 26
 17
 20
 23
 23
 24
 54
 20
 23
 24
 54
 54
 54
 54
 54
 20
 23
 24
 54
 54
 49
 54
 43
 20
 23
 24
 49
 21
 54
 54
 40
 20
 23
 24
 49
 21
 54
 54
 54
 54
 42
 21
 49
 21
 54
 21
 54
 20
 23
 24
 49
 21
 54
 21
 54
 54
 54
 54
 43
 21
 54
 21
 49
 20
 23
 24
 49
 21
 7
 21
 49
 21
 54
 54
 50
 54
 44
 21
 49
 20
 23
 24
 49
 21
 54
 21
 49
 20
 23
 24
 54
 54
 51
 54
 54
 20
 23
 24
 49
 21
 54
 21
 49
 20
 23
 24
 49
 21
 54
 54
 52
 54
 54
 21
 49
 21
 54
 21
 49
 20
 23
 24
 49
 21
 54
 21
 54
 54
 53
 54
 39
 21
 54
 21
 49
 20
 23
 24
 49
 21
 54
 21
 49
 21
 54
 54
 54
 54
 54
 21
 49
 20
 23
 24
 49
 21
 54
 21
 49
 20
 23
 24
 54
 54
 54
 54
 54
 20
 23
 24
 49
 21
 54
 21
 49
 20
 23
 24
 49
 21
 54
 54
 54
 54
 54
 21
 49
 21
 54
 21
 49
 20
 23
 24
 49
 21
 54
 21
 54
 54
 54
 35
 35
 21
 54
 21
 49
 20
 23
 24
 49
 21
 54
 21
 49
 21
 54
 54
 54
 35
 28
 21
 49
 20
 23
 24
 49
 21
 54
 21
 49
 20
 23
 24
 54
 54
 54
 35
 35
 20
 23
 24
 49
 21
 54
 21
 49
 20
 23
 24
 49
 21
 54
 54
 54
 54
 45
 21
 49
 21
 54
 21
 49
 20
 23
 24
 49
 21
 54
 21
 54
 54
 50
 54
 46
 21
 54
 21
 49
 20
 23
 24
 49
 21
 54
 21
 49
 21
 54
 54
 51
 54
 48
 21
 49
 20
 23
 24
 49
 21
 54
 21
 49
 20
 23
 24
 54
 54
 52
 54
 54
 20
 23
 24
 49
 21
 54
 21
 49
 20
 23
 24
 49
 21
 54
 54
 52
 54
 37
 21
 49
 21
 1
 21
 49
 20
 23
 24
 49
 21
 54
 21
 54
 54
 53
 54
 41
 21
 54
 21
 49
 20
 23
 24
 49
 21
 54
 21
 49
 21
 54
 54
 54
 54
 42
 21
 49
 20
 23
 24
 49
 21
 54
 21
 49
 20
 23
 24
 54
 54
 54
 54
 42
 20
 23
 24
 49
 21
 54
 21
 49
 20
 23
 24
 49
 21
 54
 54
 54
 54
 44
 21
 48
 21
 54
 21
 49
 20
 23
 24
 54
 21
 54
 21
 54
 54
 49
 54
 54
 21
 54
 21
 49
 20
 23
 24
 54
 54
 54
 21
 49
 21
 54
 54
 20
 23
 23
 24
 54
 20
 23
 24
 54
 54
 54
 54
 29
 20
 23
 24
 54
 54
 54
 54
 54
 54
 54
 54
 54
 54
 54
 54
 54
 54
 54
 54
 54
 54
 54
 54
 54
 54
 54
 54
 54
 54
 54
 54
 54
 54
 54
 54
 54
 54
 54
 54
 54
 54
