 27
 18
 20
 23
 23
 23
 23
 23
 23
 23
 23
 23
 23
 23
 23
 24
 54
 50
 54
 54
 54
 54
 31
 31
 54
 54
 31
 31
 54
 54
 21
 54
 54
 54
 21
 54
 51
 54
 54
 54
 54
 49
 31
 31
 31
 31
 31
 54
 49
 21
 54
 54
 39
 21
 54
 51
 54
 54
 54
 54
 54
 31
 31
 31
 31
 54
 54
 54
 21
 54
 54
 54
 21
 54
 53
 54
 54
 54
 54
 54
 54
 54
 31
 54
 54
 54
 29
 21
 54
 54
 30
 21
 54
 54
 54
 54
 54
 30
 31
 54
 31
 31
 54
 31
 54
 54
 22
 54
 54
 54
 20
 23
 23
 24
 54
 54
 31
 54
 31
 54
 31
 31
 54
 54
 54
 54
 54
 54
 38
 20
 20
 20
 21
 54
 54
 31
 31
 31
 31
 31
 54
 54
 54
 54
 54
 54
 54
 54
 20
 20
 20
 21
 54
 54
 54
 31
 54
 31
 31
 31
 54
 54
 54
 54
 54
 54
 30
 20
 20
 20
 21
 54
 54
 54
 31
 31
 31
 54
 31
 31
 54
 54
 22
 54
 54
 54
 21
 54
 46
 21
 54
 54
 30
 31
 54
 31
 31
 31
 54
 54
 40
 21
 54
 54
 54
 22
 54
 48
 21
 54
 54
 54
 31
 31
 54
 31
 31
 54
 54
 54
 21
 54
 54
 54
 54
 54
 54
 21
 54
 54
 31
 31
 31
 31
 31
 54
 54
 54
 54
 21
 54
 54
 54
 54
 54
 37
 21
 54
 54
 31
 31
 31
 31
 31
 31
 31
 54
 41
 21
 54
 54
 54
 54
 54
 54
 21
 54
 54
 54
 31
 31
 54
 31
 31
 54
 54
 42
 21
 37
 20
 23
 23
 21
 54
 21
 54
 54
 31
 31
 31
 31
 54
 31
 54
 54
 43
 21
 54
 21
 31
 31
 21
 54
 21
 54
 54
 54
 31
 31
 31
 54
 31
 54
 54
 43
 21
 5
 21
 30
 31
 21
 41
 21
 54
 54
 54
 54
 31
 31
 31
 31
 54
 54
 20
 20
 20
 21
 54
 54
 21
 42
 21
 54
 54
 54
 31
 31
 31
 31
 54
 54
 38
 20
 20
 20
 21
 54
 1
 21
 42
 21
 54
 54
 31
 31
 31
 31
 31
 31
 54
 54
 21
 54
 54
 20
 23
 23
 24
 43
 21
 54
 54
 30
 31
 31
 31
 54
 31
 54
 45
 21
 54
 54
 43
 21
 54
 54
 42
 21
 54
 54
 31
 31
 31
 31
 31
 31
 54
 46
 21
 54
 54
 44
 22
 54
 54
 44
 21
 54
 54
 54
 54
 31
 54
 31
 31
 54
 47
 21
 54
 54
 54
 54
 54
 54
 54
 21
 54
 54
 54
 31
 31
 31
 31
 54
 54
 48
 21
 54
 54
 54
 54
 30
 31
 54
 21
 54
 54
 54
 28
 31
 54
 54
 54
 54
 54
 21
 54
 54
 54
 30
 31
 31
 31
 21
 54
 54
 20
 23
 23
 23
 23
 23
 23
 23
 23
 23
 23
 23
 23
 23
 23
 23
 24
 54
 54
 54
 54
 54
 54
 54
 54
 54
 54
 54
 54
 54
 54
 54
 54
 54
 54
 54
 54
 54
 54
 54
 54
 54
 54
 54
 54
 54
 54
 54
 54
 54
 54
 54
 54
 54
 54
 54
 54
