 24
 18
 20
 23
 23
 23
 23
 23
 23
 23
 23
 23
 23
 23
 23
 23
 23
 23
 24
 54
 54
 54
 54
 21
 54
 54
 21
 54
 54
 54
 20
 24
 54
 54
 54
 54
 38
 21
 54
 54
 54
 7
 21
 54
 49
 21
 54
 54
 54
 54
 20
 25
 54
 54
 54
 20
 24
 54
 54
 54
 54
 20
 27
 54
 21
 54
 54
 54
 20
 20
 24
 54
 54
 54
 20
 24
 54
 54
 54
 54
 54
 21
 54
 20
 27
 54
 20
 26
 20
 24
 54
 54
 20
 20
 24
 54
 54
 54
 54
 49
 21
 54
 54
 20
 20
 26
 54
 54
 21
 54
 20
 26
 54
 21
 54
 54
 54
 54
 54
 21
 54
 54
 54
 21
 54
 54
 54
 54
 20
 26
 54
 49
 21
 54
 54
 54
 54
 54
 21
 54
 54
 37
 21
 54
 54
 54
 54
 21
 54
 54
 54
 21
 54
 54
 20
 23
 23
 23
 23
 23
 23
 23
 23
 23
 23
 23
 23
 23
 23
 23
 24
 54
 54
 54
 54
 54
 54
 49
 21
 49
 21
 54
 54
 54
 54
 54
 54
 54
 49
 21
 54
 54
 50
 54
 54
 54
 54
 21
 54
 20
 27
 54
 54
 54
 54
 54
 54
 54
 21
 54
 54
 52
 54
 54
 54
 20
 24
 54
 54
 20
 27
 54
 54
 54
 54
 54
 20
 26
 54
 54
 51
 54
 54
 20
 24
 54
 54
 54
 54
 20
 27
 54
 54
 37
 20
 26
 54
 54
 54
 53
 54
 54
 20
 26
 54
 54
 22
 54
 39
 20
 27
 54
 20
 26
 54
 54
 54
 54
 54
 45
 20
 24
 54
 54
 54
 21
 54
 54
 20
 20
 27
 21
 54
 54
 54
 54
 54
 54
 47
 20
 24
 54
 54
 49
 21
 54
 54
 21
 54
 20
 21
 54
 54
 54
 54
 54
 54
 48
 20
 24
 54
 54
 54
 21
 54
 1
 21
 54
 41
 21
 54
 54
 54
 54
 54
 54
 54
 54
 20
 27
 54
 54
 21
 54
 20
 24
 54
 42
 21
 54
 54
 54
 54
 54
 54
 54
 54
 20
 24
 54
 54
 20
 23
 20
 25
 54
 43
 21
 54
 54
 54
 54
 54
 54
 54
 54
 38
 20
 24
 54
 54
 20
 24
 54
 54
 44
 21
 54
 54
 54
 54
 54
 54
 54
 54
 54
 54
 21
 54
 40
 20
 25
 54
 54
 54
 21
 54
 54
 54
 54
 54
 54
 54
 54
 54
 49
 21
 54
 54
 21
 54
 54
 54
 54
 21
 54
 54
 54
 54
 54
 20
 23
 23
 23
 23
 23
 23
 23
 23
 23
 23
 23
 23
 24
 54
 54
 54
 54
 54
 54
 54
 54
 54
 54
 54
 54
 54
 54
 54
 54
 54
 54
 54
 54
 54
 54
 54
 54
 54
 54
 54
 54
 54
 54
 54
 54
 54
 54
 54
 54
 54
 54
 54
 54
 54
 54
 54
