 34
 23
 20
 23
 23
 23
 23
 23
 23
 23
 23
 23
 23
 23
 23
 23
 23
 23
 23
 23
 23
 23
 23
 24
 54
 54
 54
 54
 54
 54
 21
 49
 54
 20
 26
 54
 54
 20
 26
 54
 20
 24
 54
 54
 48
 20
 23
 24
 54
 54
 54
 54
 54
 22
 20
 27
 54
 21
 54
 21
 54
 21
 54
 22
 21
 54
 54
 21
 54
 21
 49
 21
 54
 54
 50
 54
 41
 22
 20
 24
 54
 21
 54
 21
 54
 21
 39
 22
 21
 54
 37
 20
 27
 54
 54
 21
 54
 54
 51
 54
 42
 22
 54
 21
 54
 21
 41
 20
 27
 54
 54
 22
 21
 54
 20
 23
 23
 23
 23
 24
 54
 54
 51
 54
 43
 21
 54
 20
 27
 54
 42
 20
 23
 23
 23
 25
 21
 54
 54
 31
 31
 31
 31
 21
 54
 54
 52
 54
 42
 21
 54
 20
 23
 23
 23
 23
 23
 23
 26
 54
 21
 54
 54
 31
 31
 31
 31
 21
 54
 54
 53
 54
 43
 20
 27
 20
 20
 20
 26
 20
 23
 24
 54
 20
 24
 54
 54
 54
 31
 31
 31
 21
 54
 54
 54
 54
 44
 20
 23
 24
 54
 21
 54
 54
 20
 23
 27
 54
 21
 54
 54
 54
 31
 31
 31
 21
 54
 54
 54
 54
 54
 21
 49
 21
 54
 21
 54
 21
 54
 20
 24
 40
 21
 54
 54
 54
 31
 31
 31
 21
 54
 54
 54
 54
 38
 21
 54
 21
 54
 21
 54
 21
 54
 54
 54
 54
 21
 54
 54
 54
 54
 54
 54
 21
 54
 54
 54
 54
 54
 54
 54
 20
 27
 20
 20
 20
 27
 54
 20
 20
 23
 24
 54
 54
 49
 54
 20
 24
 54
 54
 54
 20
 23
 23
 23
 23
 23
 23
 23
 23
 23
 23
 23
 23
 23
 23
 23
 23
 23
 23
 23
 24
 54
 54
 54
 54
 54
 54
 54
 54
 54
 54
 54
 54
 20
 23
 26
 43
 22
 22
 22
 22
 22
 21
 3
 21
 54
 54
 54
 54
 54
 45
 20
 24
 30
 30
 30
 30
 20
 24
 54
 44
 20
 23
 23
 23
 25
 21
 54
 21
 54
 54
 54
 50
 54
 46
 20
 26
 54
 54
 54
 54
 36
 21
 54
 30
 21
 54
 54
 54
 38
 21
 49
 21
 54
 54
 54
 52
 54
 48
 22
 54
 54
 54
 54
 54
 36
 21
 54
 54
 21
 54
 54
 54
 54
 20
 23
 24
 54
 54
 54
 53
 54
 54
 22
 54
 54
 54
 54
 54
 36
 21
 54
 54
 20
 23
 23
 24
 54
 21
 49
 21
 54
 54
 54
 54
 54
 54
 22
 54
 54
 54
 54
 54
 36
 21
 54
 54
 21
 54
 54
 54
 54
 21
 54
 21
 54
 54
 54
 54
 49
 54
 20
 27
 54
 54
 54
 54
 49
 20
 27
 54
 54
 54
 54
 49
 54
 21
 5
 21
 54
 54
 54
 54
 20
 23
 23
 23
 23
 23
 23
 23
 23
 23
 23
 23
 23
 23
 23
 23
 23
 23
 23
 24
 54
 54
 54
 54
 54
 54
 20
 26
 54
 20
 26
 54
 49
 54
 54
 21
 49
 54
 20
 24
 49
 54
 54
 21
 54
 54
 54
 54
 20
 27
 21
 54
 21
 54
 54
 54
 54
 54
 20
 21
 54
 54
 48
 21
 54
 54
 39
 21
 54
 54
 50
 54
 54
 20
 21
 54
 21
 54
 21
 54
 54
 41
 20
 21
 31
 21
 54
 21
 31
 54
 31
 21
 54
 54
 51
 54
 20
 26
 54
 20
 24
 54
 54
 54
 54
 20
 26
 21
 54
 21
 31
 21
 54
 31
 54
 21
 54
 54
 52
 54
 54
 54
 41
 20
 26
 54
 21
 54
 54
 21
 54
 21
 31
 21
 54
 21
 31
 54
 31
 21
 54
 54
 51
 54
 21
 54
 42
 21
 54
 38
 21
 54
 20
 26
 38
 21
 54
 21
 31
 21
 54
 31
 54
 21
 54
 54
 53
 54
 54
 54
 42
 21
 54
 54
 54
 54
 54
 54
 54
 21
 31
 21
 54
 21
 31
 54
 31
 21
 54
 54
 54
 54
 20
 23
 23
 24
 54
 21
 54
 54
 40
 21
 54
 21
 54
 21
 31
 21
 54
 31
 54
 21
 54
 54
 54
 54
 54
 54
 54
 54
 54
 21
 54
 21
 54
 21
 45
 21
 31
 21
 54
 21
 31
 54
 31
 21
 54
 54
 54
 37
 21
 54
 54
 54
 54
 54
 21
 54
 21
 54
 47
 21
 54
 21
 31
 21
 54
 54
 54
 21
 54
 54
 54
 54
 54
 49
 20
 27
 54
 41
 20
 27
 20
 27
 46
 21
 49
 21
 49
 20
 27
 54
 49
 21
 54
 54
 20
 23
 23
 23
 23
 23
 23
 23
 23
 23
 23
 23
 23
 23
 23
 23
 23
 23
 23
 23
 23
 24
 54
 54
 54
 54
 54
 54
 54
 54
 54
 54
 54
 54
 54
 54
 54
 54
 54
 54
 54
 54
 54
 54
 54
 54
 54
 54
 54
 54
 54
 54
 54
 54
 54
 54
 54
 54
 54
 54
 54
 54
 54
 54
 54
 54
 54
 54
 54
 54
 54
 54
