 33
 16
 20
 23
 23
 23
 23
 23
 23
 23
 23
 23
 23
 23
 27
 54
 54
 54
 54
 54
 54
 20
 20
 20
 20
 20
 20
 20
 20
 20
 20
 20
 27
 54
 54
 54
 54
 3
 20
 20
 20
 20
 20
 20
 20
 20
 20
 20
 20
 23
 27
 54
 54
 54
 54
 21
 54
 21
 54
 21
 54
 21
 54
 21
 54
 21
 36
 21
 54
 54
 54
 54
 21
 54
 21
 54
 21
 54
 21
 54
 21
 54
 21
 36
 21
 54
 54
 54
 54
 21
 54
 54
 40
 21
 54
 54
 38
 21
 54
 54
 36
 21
 54
 54
 54
 39
 21
 54
 54
 54
 21
 54
 54
 54
 21
 54
 54
 36
 21
 54
 54
 54
 54
 54
 54
 54
 54
 45
 21
 54
 21
 54
 54
 54
 36
 21
 54
 54
 54
 54
 54
 21
 54
 54
 47
 21
 54
 21
 54
 54
 54
 36
 21
 54
 54
 54
 54
 54
 21
 54
 54
 46
 21
 54
 54
 41
 21
 54
 36
 21
 54
 54
 54
 50
 54
 21
 54
 54
 48
 21
 54
 54
 43
 21
 54
 36
 21
 54
 54
 54
 51
 54
 54
 54
 21
 54
 54
 54
 54
 44
 21
 54
 36
 21
 54
 54
 54
 51
 54
 54
 37
 21
 54
 54
 54
 54
 54
 54
 54
 36
 21
 54
 54
 54
 53
 54
 54
 54
 54
 54
 54
 54
 54
 54
 54
 54
 36
 21
 54
 54
 54
 54
 54
 54
 54
 54
 54
 54
 54
 54
 54
 54
 54
 36
 21
 54
 54
 31
 31
 31
 31
 31
 31
 31
 31
 31
 31
 31
 31
 31
 36
 21
 54
 54
 31
 31
 31
 31
 31
 31
 31
 31
 31
 31
 31
 31
 31
 36
 21
 54
 54
 54
 54
 54
 54
 54
 54
 54
 54
 54
 54
 54
 54
 54
 36
 21
 54
 54
 54
 54
 54
 54
 54
 54
 54
 54
 54
 54
 54
 54
 54
 36
 21
 54
 54
 50
 54
 54
 54
 54
 54
 54
 54
 54
 21
 54
 54
 54
 36
 21
 54
 54
 51
 54
 54
 21
 54
 54
 54
 54
 40
 21
 54
 54
 54
 36
 21
 54
 54
 52
 54
 37
 21
 54
 21
 54
 54
 54
 21
 54
 54
 54
 36
 21
 54
 54
 52
 54
 54
 21
 54
 21
 45
 21
 54
 54
 54
 21
 54
 36
 21
 54
 54
 53
 54
 54
 21
 54
 54
 47
 21
 54
 54
 38
 21
 54
 36
 21
 54
 54
 54
 54
 54
 54
 54
 54
 48
 21
 54
 54
 54
 54
 54
 36
 21
 54
 54
 54
 54
 54
 54
 21
 54
 54
 54
 21
 54
 54
 41
 21
 36
 21
 54
 54
 54
 54
 54
 54
 21
 54
 54
 54
 21
 54
 54
 42
 21
 36
 21
 54
 54
 54
 54
 21
 54
 21
 54
 21
 39
 21
 54
 21
 44
 21
 36
 21
 54
 54
 54
 54
 21
 54
 21
 54
 21
 54
 21
 54
 21
 54
 21
 36
 21
 54
 54
 54
 5
 20
 20
 20
 20
 20
 20
 20
 20
 20
 20
 20
 23
 26
 54
 54
 54
 54
 20
 20
 20
 20
 20
 20
 20
 20
 20
 20
 20
 26
 54
 54
 54
 20
 23
 23
 23
 23
 23
 23
 23
 23
 23
 23
 23
 26
 54
 54
 54
 54
 54
 54
 54
 54
 54
 54
 54
 54
 54
 54
 54
 54
 54
 54
 54
 54
 54
 54
 54
 54
 54
 54
 54
 54
 54
 54
 54
 54
 54
 54
 54
 54
 54
 54
