 28
 16
 20
 23
 23
 23
 23
 23
 23
 23
 23
 23
 23
 23
 23
 23
 24
 54
 54
 54
 54
 54
 54
 54
 54
 54
 54
 54
 54
 54
 54
 54
 36
 21
 54
 54
 50
 54
 54
 54
 54
 54
 54
 54
 54
 54
 54
 54
 54
 36
 21
 54
 54
 52
 54
 40
 20
 24
 54
 54
 20
 24
 54
 39
 20
 24
 36
 21
 54
 54
 52
 54
 54
 20
 24
 54
 54
 20
 24
 54
 54
 20
 24
 36
 21
 54
 54
 51
 54
 49
 20
 24
 54
 49
 20
 24
 54
 49
 20
 24
 36
 21
 54
 54
 53
 54
 54
 20
 24
 54
 7
 20
 24
 54
 54
 20
 24
 36
 21
 54
 54
 54
 54
 54
 20
 24
 54
 38
 20
 24
 54
 54
 20
 24
 36
 21
 54
 54
 54
 54
 54
 36
 21
 54
 54
 36
 21
 54
 54
 36
 21
 36
 21
 54
 54
 54
 50
 54
 36
 21
 54
 54
 36
 21
 54
 54
 36
 21
 36
 21
 54
 54
 54
 52
 54
 36
 21
 54
 54
 36
 21
 54
 54
 36
 21
 36
 21
 54
 54
 54
 51
 54
 20
 24
 54
 54
 20
 24
 54
 54
 20
 24
 36
 21
 54
 54
 54
 53
 54
 20
 24
 54
 29
 20
 24
 54
 54
 20
 24
 36
 21
 54
 54
 54
 54
 49
 20
 24
 54
 49
 20
 24
 54
 49
 20
 24
 36
 21
 54
 54
 54
 54
 54
 20
 24
 54
 54
 20
 24
 54
 54
 20
 24
 36
 21
 54
 54
 54
 54
 38
 20
 24
 54
 54
 20
 24
 54
 40
 20
 24
 36
 21
 54
 54
 50
 54
 54
 36
 21
 54
 54
 36
 21
 54
 54
 36
 21
 36
 21
 54
 54
 51
 54
 54
 36
 21
 54
 54
 36
 21
 54
 54
 36
 21
 36
 21
 54
 54
 51
 54
 54
 36
 21
 54
 54
 36
 21
 54
 54
 36
 21
 36
 21
 54
 54
 52
 54
 54
 20
 24
 54
 54
 20
 24
 54
 54
 20
 24
 36
 21
 54
 54
 53
 54
 54
 20
 24
 54
 1
 20
 24
 54
 37
 20
 24
 36
 21
 54
 54
 54
 54
 49
 20
 24
 54
 49
 20
 24
 54
 49
 20
 24
 36
 21
 54
 54
 54
 54
 54
 20
 24
 54
 39
 20
 24
 54
 54
 20
 24
 36
 21
 54
 54
 54
 54
 54
 20
 24
 54
 54
 20
 24
 54
 54
 20
 24
 36
 21
 54
 54
 54
 54
 54
 54
 54
 54
 54
 54
 54
 54
 54
 54
 54
 36
 21
 54
 54
 54
 54
 54
 54
 54
 54
 54
 54
 54
 54
 54
 54
 54
 36
 21
 54
 54
 20
 23
 23
 23
 23
 23
 23
 23
 23
 23
 23
 23
 23
 23
 24
 54
 54
 54
 54
 54
 54
 54
 54
 54
 54
 54
 54
 54
 54
 54
 54
 54
 54
 54
 54
 54
 54
 54
 54
 54
 54
 54
 54
 54
 54
 54
 54
 54
 54
 54
 54
