 32
 21
 20
 23
 23
 23
 23
 23
 23
 23
 23
 23
 23
 23
 23
 23
 23
 23
 23
 23
 23
 24
 54
 54
 54
 54
 38
 20
 23
 24
 54
 54
 54
 54
 20
 20
 21
 54
 54
 54
 31
 21
 3
 21
 54
 54
 54
 54
 54
 54
 20
 24
 54
 54
 54
 20
 24
 54
 21
 54
 54
 54
 31
 21
 54
 21
 54
 54
 54
 54
 54
 21
 54
 21
 54
 40
 20
 23
 24
 54
 21
 54
 54
 31
 54
 21
 54
 21
 54
 54
 54
 54
 54
 21
 54
 54
 54
 20
 23
 23
 24
 31
 21
 54
 39
 21
 54
 21
 54
 21
 54
 54
 54
 54
 41
 21
 54
 21
 54
 54
 54
 30
 21
 54
 21
 54
 54
 21
 45
 21
 54
 21
 54
 54
 54
 54
 42
 21
 54
 21
 54
 54
 54
 54
 21
 54
 21
 54
 20
 24
 47
 21
 54
 21
 54
 54
 50
 54
 43
 21
 54
 20
 20
 20
 20
 20
 21
 54
 20
 20
 23
 24
 46
 21
 54
 21
 54
 54
 51
 54
 20
 23
 23
 23
 23
 23
 23
 23
 23
 23
 23
 23
 23
 24
 48
 21
 54
 21
 54
 54
 52
 54
 54
 20
 24
 54
 54
 54
 54
 20
 24
 54
 54
 54
 54
 21
 54
 21
 54
 21
 54
 54
 53
 54
 54
 54
 21
 54
 37
 21
 54
 54
 21
 54
 41
 21
 54
 21
 54
 21
 54
 21
 54
 54
 54
 54
 54
 54
 54
 54
 20
 24
 54
 54
 54
 54
 20
 24
 54
 21
 54
 21
 54
 21
 54
 54
 20
 23
 23
 23
 23
 23
 23
 23
 23
 23
 23
 23
 23
 24
 54
 21
 54
 31
 54
 21
 54
 54
 54
 54
 54
 54
 54
 21
 54
 21
 54
 21
 54
 21
 54
 21
 54
 21
 54
 54
 31
 21
 54
 54
 54
 54
 54
 54
 21
 54
 21
 54
 21
 54
 21
 54
 21
 54
 20
 24
 54
 54
 31
 21
 54
 54
 54
 54
 28
 20
 23
 23
 23
 23
 23
 23
 23
 23
 23
 23
 23
 23
 23
 23
 23
 24
 54
 54
 54
 54
 54
 54
 21
 54
 21
 54
 21
 54
 21
 54
 21
 54
 20
 24
 54
 54
 31
 21
 54
 54
 54
 54
 54
 54
 40
 21
 54
 21
 54
 21
 54
 21
 54
 21
 43
 21
 54
 54
 31
 21
 54
 54
 20
 23
 23
 23
 23
 23
 23
 23
 23
 23
 23
 23
 23
 24
 43
 21
 54
 31
 54
 21
 54
 54
 54
 54
 54
 54
 54
 54
 20
 24
 54
 54
 54
 54
 20
 24
 44
 21
 54
 21
 54
 21
 54
 54
 54
 54
 54
 54
 21
 54
 54
 21
 54
 37
 21
 54
 54
 21
 54
 21
 54
 21
 54
 21
 54
 54
 54
 54
 54
 20
 24
 54
 54
 54
 54
 20
 24
 54
 54
 54
 54
 21
 37
 21
 54
 21
 54
 54
 54
 38
 20
 23
 23
 23
 23
 23
 23
 23
 23
 23
 23
 23
 23
 24
 54
 21
 41
 21
 54
 54
 54
 54
 54
 21
 54
 20
 20
 20
 20
 20
 21
 54
 20
 20
 23
 24
 54
 21
 43
 21
 54
 54
 50
 54
 54
 21
 54
 21
 54
 54
 54
 54
 21
 54
 21
 54
 20
 24
 54
 21
 42
 21
 54
 54
 51
 54
 54
 21
 54
 21
 54
 54
 54
 30
 21
 54
 21
 54
 54
 21
 54
 21
 42
 21
 54
 54
 52
 54
 39
 21
 54
 54
 54
 20
 23
 23
 24
 31
 21
 54
 40
 21
 54
 21
 43
 21
 54
 54
 52
 54
 54
 21
 54
 21
 54
 54
 20
 23
 24
 54
 21
 54
 54
 31
 54
 21
 44
 21
 54
 54
 53
 54
 54
 54
 20
 24
 54
 54
 54
 20
 24
 54
 21
 54
 54
 54
 31
 21
 54
 21
 54
 54
 54
 54
 54
 20
 23
 24
 54
 54
 54
 54
 20
 20
 21
 54
 54
 54
 31
 21
 6
 21
 54
 54
 20
 23
 23
 23
 23
 23
 23
 23
 23
 23
 23
 23
 23
 23
 23
 23
 23
 23
 23
 24
 54
 54
 54
 54
 54
 54
 54
 54
 54
 54
 54
 54
 54
 54
 54
 54
 54
 54
 54
 54
 54
 54
 54
 54
 54
 54
 54
 54
 54
 54
 54
 54
 54
 54
 54
 54
 54
 54
 54
 54
 54
 54
 54
 54
 54
 54
