 21
 8
 20
 23
 23
 23
 23
 23
 23
 24
 54
 54
 54
 54
 54
 54
 54
 36
 21
 54
 54
 54
 54
 54
 29
 22
 36
 21
 54
 54
 7
 22
 54
 54
 54
 36
 21
 54
 54
 54
 54
 54
 22
 54
 36
 21
 54
 54
 54
 40
 22
 54
 54
 36
 21
 54
 54
 54
 54
 54
 54
 54
 36
 21
 54
 54
 37
 22
 54
 54
 22
 36
 21
 54
 50
 54
 54
 54
 54
 54
 36
 21
 54
 51
 54
 54
 22
 54
 54
 36
 21
 54
 52
 54
 54
 54
 22
 54
 36
 21
 54
 53
 54
 54
 54
 38
 22
 36
 21
 54
 54
 39
 22
 54
 54
 54
 36
 21
 54
 54
 54
 54
 54
 54
 54
 36
 21
 54
 50
 54
 54
 54
 54
 22
 36
 21
 54
 52
 54
 54
 22
 54
 54
 36
 21
 54
 52
 54
 54
 54
 54
 54
 36
 21
 54
 53
 54
 22
 1
 22
 54
 36
 21
 54
 54
 54
 54
 54
 54
 54
 36
 21
 54
 20
 23
 23
 23
 23
 23
 23
 24
 54
 54
 54
 54
 54
 54
 54
 54
 54
 54
 54
 54
 54
 54
 54
 54
 54
 54
 54
