 31
 16
 20
 23
 23
 23
 23
 23
 23
 23
 23
 23
 23
 23
 23
 23
 24
 54
 54
 54
 54
 54
 54
 54
 54
 54
 54
 54
 54
 54
 54
 54
 7
 21
 54
 54
 54
 54
 20
 23
 23
 23
 23
 23
 23
 23
 23
 23
 23
 23
 21
 54
 54
 54
 49
 21
 54
 54
 54
 54
 21
 54
 54
 54
 54
 54
 20
 21
 54
 54
 54
 54
 21
 54
 54
 54
 39
 21
 54
 54
 54
 54
 49
 20
 21
 54
 54
 50
 54
 20
 25
 54
 54
 41
 21
 54
 54
 54
 54
 54
 20
 21
 54
 54
 51
 54
 54
 20
 25
 54
 42
 20
 25
 54
 54
 54
 45
 20
 21
 54
 54
 52
 54
 54
 54
 20
 23
 23
 22
 20
 25
 54
 54
 20
 22
 21
 54
 54
 53
 54
 54
 54
 54
 54
 54
 54
 38
 20
 23
 23
 25
 40
 21
 54
 54
 54
 54
 54
 54
 54
 54
 54
 54
 54
 54
 54
 54
 54
 54
 21
 54
 54
 54
 49
 20
 23
 23
 23
 23
 23
 23
 23
 23
 23
 23
 23
 21
 54
 54
 54
 54
 54
 54
 54
 54
 54
 54
 54
 54
 54
 54
 54
 20
 21
 54
 54
 54
 54
 54
 54
 54
 54
 54
 54
 54
 54
 54
 54
 49
 20
 21
 54
 54
 54
 54
 54
 54
 54
 54
 54
 54
 54
 54
 54
 54
 54
 54
 21
 54
 54
 54
 54
 37
 20
 23
 23
 23
 23
 23
 23
 23
 23
 23
 22
 21
 54
 54
 54
 54
 20
 25
 54
 54
 54
 54
 54
 54
 54
 54
 54
 20
 21
 54
 54
 54
 49
 21
 54
 54
 54
 54
 54
 54
 54
 54
 54
 49
 20
 21
 54
 54
 54
 54
 21
 54
 54
 54
 54
 54
 54
 54
 54
 54
 54
 20
 21
 54
 54
 50
 54
 20
 25
 54
 54
 54
 54
 54
 54
 54
 54
 40
 20
 21
 54
 54
 52
 54
 48
 20
 23
 23
 23
 23
 23
 23
 23
 23
 23
 22
 21
 54
 54
 53
 54
 54
 54
 54
 54
 54
 54
 54
 54
 54
 54
 54
 45
 21
 54
 54
 54
 40
 20
 23
 23
 23
 23
 23
 23
 23
 23
 23
 23
 23
 21
 54
 54
 54
 54
 21
 54
 54
 54
 42
 21
 54
 54
 54
 54
 54
 20
 21
 54
 54
 54
 49
 21
 54
 54
 54
 43
 21
 54
 54
 54
 54
 49
 20
 21
 54
 54
 54
 54
 20
 25
 54
 54
 44
 21
 54
 54
 54
 54
 54
 20
 21
 54
 54
 54
 54
 54
 20
 25
 54
 54
 20
 25
 54
 54
 54
 39
 20
 21
 54
 54
 54
 54
 54
 38
 20
 23
 23
 22
 20
 25
 54
 54
 20
 22
 21
 54
 54
 54
 54
 54
 54
 54
 54
 54
 54
 54
 20
 23
 23
 25
 54
 21
 54
 54
 54
 54
 54
 54
 54
 54
 54
 54
 54
 54
 54
 54
 54
 1
 21
 54
 54
 20
 23
 23
 23
 23
 23
 23
 23
 23
 23
 23
 23
 23
 23
 24
 54
 54
 54
 54
 54
 54
 54
 54
 54
 54
 54
 54
 54
 54
 54
 54
 54
 54
 54
 54
 54
 54
 54
 54
 54
 54
 54
 54
 54
 54
 54
 54
 54
 54
 54
 54
