 32
 32
 54
 54
 20
 23
 23
 23
 23
 24
 54
 54
 54
 54
 54
 54
 54
 20
 23
 23
 23
 23
 24
 54
 54
 54
 54
 20
 23
 23
 24
 54
 54
 54
 54
 54
 20
 24
 54
 54
 54
 54
 20
 24
 54
 54
 20
 23
 23
 23
 24
 54
 54
 54
 54
 21
 54
 54
 54
 20
 24
 54
 54
 20
 23
 24
 54
 54
 54
 21
 54
 54
 54
 54
 54
 42
 21
 54
 54
 21
 54
 54
 54
 21
 54
 54
 54
 54
 21
 54
 38
 20
 24
 54
 54
 54
 54
 54
 21
 54
 54
 20
 24
 54
 54
 50
 54
 54
 43
 20
 23
 23
 24
 54
 54
 37
 21
 54
 54
 54
 39
 21
 54
 54
 21
 54
 54
 54
 54
 54
 54
 21
 54
 54
 21
 54
 54
 54
 51
 54
 54
 44
 21
 54
 54
 54
 54
 54
 54
 21
 54
 54
 54
 54
 20
 24
 54
 21
 54
 54
 54
 54
 54
 20
 24
 54
 54
 21
 54
 54
 54
 51
 54
 54
 7
 21
 54
 54
 54
 54
 54
 20
 21
 54
 54
 54
 54
 54
 21
 54
 21
 54
 54
 54
 54
 45
 21
 54
 54
 54
 21
 54
 54
 54
 52
 54
 54
 54
 21
 54
 54
 54
 54
 20
 23
 21
 54
 54
 54
 54
 54
 20
 23
 24
 54
 54
 54
 54
 47
 21
 54
 54
 54
 20
 24
 54
 54
 53
 54
 54
 54
 21
 54
 54
 54
 41
 21
 54
 20
 23
 23
 23
 21
 54
 54
 20
 24
 54
 54
 54
 54
 20
 24
 54
 54
 54
 54
 20
 54
 54
 54
 54
 54
 37
 21
 54
 54
 54
 20
 24
 54
 21
 54
 54
 54
 21
 54
 54
 20
 24
 54
 54
 54
 54
 21
 54
 54
 54
 54
 38
 20
 24
 54
 54
 54
 54
 20
 24
 54
 54
 45
 21
 54
 41
 21
 54
 54
 54
 21
 54
 54
 54
 20
 20
 20
 20
 20
 21
 54
 54
 54
 54
 54
 54
 21
 54
 54
 54
 54
 20
 24
 54
 54
 20
 24
 54
 43
 21
 54
 54
 45
 21
 54
 54
 54
 20
 20
 20
 20
 20
 21
 54
 54
 54
 54
 54
 54
 20
 23
 23
 23
 23
 20
 20
 20
 20
 24
 54
 54
 42
 21
 54
 54
 47
 21
 54
 54
 54
 42
 21
 54
 54
 54
 21
 54
 54
 54
 54
 54
 54
 54
 54
 21
 54
 54
 54
 54
 54
 20
 24
 54
 54
 43
 21
 54
 54
 46
 21
 54
 54
 54
 43
 21
 54
 54
 29
 21
 54
 54
 54
 54
 54
 54
 54
 54
 21
 54
 54
 54
 54
 40
 20
 24
 54
 54
 43
 21
 54
 54
 48
 21
 54
 54
 54
 44
 21
 54
 54
 54
 21
 54
 54
 54
 54
 54
 54
 54
 20
 24
 54
 54
 54
 54
 54
 54
 21
 54
 54
 44
 21
 54
 54
 54
 21
 54
 54
 54
 54
 21
 54
 54
 54
 20
 24
 54
 54
 54
 50
 54
 54
 21
 54
 54
 50
 54
 54
 54
 54
 21
 54
 54
 54
 21
 54
 54
 20
 24
 54
 54
 54
 54
 21
 54
 54
 54
 54
 21
 54
 54
 54
 51
 54
 54
 21
 54
 54
 52
 54
 54
 54
 54
 20
 23
 23
 23
 21
 54
 54
 21
 54
 54
 54
 37
 20
 24
 54
 54
 54
 38
 21
 54
 54
 54
 52
 54
 41
 21
 54
 54
 52
 54
 54
 54
 41
 21
 54
 54
 54
 21
 54
 54
 21
 54
 54
 54
 54
 21
 54
 54
 54
 54
 54
 20
 24
 54
 54
 52
 54
 43
 21
 54
 54
 53
 54
 54
 54
 43
 21
 54
 54
 54
 21
 54
 20
 23
 23
 23
 23
 23
 21
 54
 54
 54
 54
 54
 54
 21
 54
 54
 53
 54
 42
 21
 54
 54
 54
 54
 54
 54
 20
 24
 54
 54
 45
 20
 20
 24
 54
 54
 54
 54
 41
 21
 54
 54
 54
 54
 54
 41
 21
 54
 54
 54
 54
 43
 21
 54
 54
 54
 54
 37
 20
 24
 54
 54
 54
 46
 21
 54
 54
 54
 54
 54
 54
 42
 21
 54
 50
 54
 54
 54
 42
 21
 54
 54
 54
 54
 43
 21
 54
 54
 54
 54
 54
 21
 54
 54
 54
 54
 47
 21
 54
 54
 50
 54
 54
 54
 42
 21
 54
 51
 54
 54
 54
 43
 21
 54
 54
 54
 54
 42
 21
 54
 54
 54
 54
 20
 24
 54
 54
 54
 54
 20
 24
 54
 54
 51
 54
 54
 54
 44
 21
 54
 52
 54
 54
 54
 20
 24
 54
 54
 54
 54
 43
 21
 54
 54
 45
 20
 24
 54
 54
 54
 54
 20
 24
 54
 54
 54
 52
 54
 54
 54
 54
 21
 54
 52
 54
 54
 1
 21
 54
 54
 54
 50
 54
 44
 21
 54
 54
 46
 21
 54
 54
 54
 54
 20
 24
 54
 54
 54
 54
 53
 54
 54
 54
 20
 24
 54
 53
 54
 54
 54
 21
 54
 54
 54
 51
 54
 54
 21
 54
 54
 20
 24
 54
 54
 54
 20
 20
 24
 54
 54
 54
 54
 54
 54
 54
 40
 21
 54
 54
 54
 54
 54
 54
 20
 24
 54
 54
 51
 54
 54
 20
 23
 23
 20
 23
 23
 23
 20
 24
 54
 21
 54
 54
 54
 54
 54
 54
 54
 54
 21
 54
 54
 54
 54
 54
 54
 54
 21
 54
 54
 53
 54
 38
 21
 54
 54
 54
 54
 54
 20
 24
 54
 39
 21
 54
 54
 54
 54
 54
 54
 54
 20
 23
 23
 24
 54
 54
 54
 54
 54
 21
 54
 54
 54
 54
 54
 20
 24
 54
 54
 20
 20
 24
 54
 54
 54
 54
 54
 20
 23
 23
 23
 23
 23
 24
 54
 54
 20
 24
 54
 54
 37
 20
 24
 54
 54
 54
 54
 54
 54
 20
 24
 54
 21
 54
 54
 54
 54
 54
 54
 20
 21
 54
 54
 54
 54
 54
 54
 54
 54
 54
 20
 24
 54
 54
 21
 54
 54
 54
 54
 54
 54
 54
 54
 20
 23
 23
 23
 23
 23
 23
 23
 23
 23
 24
 54
 54
 54
 54
 54
 54
 54
 54
 54
 54
 20
 23
 23
 24
 54
 54
 54
 54
 54
 54
 54
 54
 54
 54
 54
 54
 54
 54
 54
 54
 54
 54
 54
 54
 54
 54
 54
 54
 54
 54
 54
 54
 54
 54
 54
 54
 54
 54
 54
 54
 54
 54
 54
 54
 54
 54
 54
 54
 54
 54
 54
 54
 54
 54
 54
 54
 54
 54
 54
 54
 54
 54
 54
 54
 54
 54
 54
 54
 54
 54
 54
 54
 54
