 25
 16
 20
 23
 23
 23
 23
 23
 23
 23
 23
 23
 23
 23
 23
 23
 24
 54
 54
 54
 38
 22
 22
 22
 22
 54
 22
 21
 54
 49
 21
 54
 40
 21
 54
 54
 54
 54
 22
 54
 54
 54
 22
 49
 22
 54
 38
 22
 54
 54
 21
 54
 54
 54
 31
 21
 54
 54
 54
 54
 54
 54
 54
 54
 54
 54
 20
 24
 54
 54
 54
 31
 21
 54
 54
 54
 22
 54
 54
 54
 54
 54
 20
 23
 24
 54
 54
 54
 31
 21
 54
 54
 45
 21
 54
 7
 22
 22
 54
 44
 20
 24
 54
 54
 54
 31
 21
 54
 54
 46
 21
 54
 54
 54
 21
 54
 54
 54
 21
 54
 54
 54
 31
 21
 54
 54
 47
 21
 54
 54
 49
 20
 23
 23
 23
 24
 54
 54
 54
 31
 21
 54
 54
 46
 21
 54
 54
 54
 54
 54
 54
 47
 21
 54
 54
 54
 31
 21
 54
 54
 48
 22
 54
 54
 54
 54
 54
 54
 48
 21
 54
 54
 54
 54
 21
 54
 54
 54
 54
 54
 22
 54
 22
 37
 22
 54
 21
 54
 54
 54
 30
 20
 23
 24
 54
 54
 54
 40
 22
 54
 22
 54
 22
 21
 54
 54
 54
 54
 54
 36
 21
 54
 54
 22
 54
 54
 22
 54
 22
 54
 21
 54
 54
 50
 54
 54
 36
 21
 54
 54
 22
 54
 54
 54
 22
 39
 22
 21
 54
 54
 51
 54
 54
 54
 21
 54
 54
 54
 54
 29
 22
 54
 22
 54
 21
 54
 54
 51
 54
 54
 37
 21
 54
 54
 54
 54
 54
 54
 22
 54
 22
 21
 54
 54
 53
 54
 54
 54
 20
 23
 22
 54
 54
 22
 54
 54
 54
 41
 21
 54
 54
 54
 54
 54
 30
 22
 54
 21
 54
 54
 54
 54
 54
 54
 42
 21
 54
 54
 54
 50
 54
 54
 54
 38
 21
 41
 22
 54
 50
 54
 54
 43
 21
 54
 54
 54
 51
 54
 54
 54
 54
 22
 42
 21
 54
 51
 54
 54
 44
 21
 54
 54
 54
 52
 54
 54
 54
 54
 54
 43
 21
 54
 53
 54
 54
 1
 21
 54
 54
 54
 53
 54
 54
 54
 54
 54
 44
 22
 54
 54
 54
 20
 23
 21
 54
 54
 54
 54
 54
 54
 54
 54
 54
 54
 54
 54
 54
 54
 28
 54
 21
 54
 54
 20
 23
 23
 23
 23
 23
 23
 23
 23
 23
 23
 23
 23
 23
 24
 54
 54
 54
 54
 54
 54
 54
 54
 54
 54
 54
 54
 54
 54
 54
 54
 54
 54
 54
 54
 54
 54
 54
 54
 54
 54
 54
 54
 54
 54
 54
 54
 54
 54
 54
 54
