 26
 17
 54
 54
 54
 54
 20
 23
 23
 23
 23
 24
 54
 54
 54
 54
 54
 54
 54
 54
 20
 23
 23
 23
 24
 54
 47
 21
 49
 20
 23
 23
 23
 23
 23
 24
 54
 54
 54
 54
 54
 21
 54
 54
 48
 21
 54
 31
 31
 31
 31
 31
 31
 21
 54
 54
 54
 54
 7
 21
 54
 54
 3
 21
 54
 54
 31
 31
 31
 31
 31
 21
 54
 54
 54
 54
 54
 21
 54
 54
 54
 21
 54
 54
 54
 31
 31
 31
 31
 21
 54
 54
 54
 54
 54
 21
 54
 54
 54
 21
 54
 54
 54
 54
 54
 54
 54
 21
 54
 54
 54
 30
 30
 22
 54
 54
 54
 20
 25
 54
 54
 54
 54
 30
 30
 21
 54
 54
 54
 54
 54
 54
 54
 54
 54
 36
 21
 54
 50
 54
 54
 54
 54
 21
 54
 54
 54
 54
 54
 54
 54
 54
 54
 36
 21
 54
 52
 54
 54
 54
 38
 21
 54
 54
 20
 23
 23
 23
 24
 54
 54
 36
 21
 54
 52
 54
 54
 54
 54
 21
 54
 54
 54
 54
 54
 43
 21
 54
 37
 20
 25
 54
 53
 54
 54
 54
 30
 21
 54
 54
 50
 54
 54
 44
 21
 54
 54
 21
 54
 54
 54
 54
 54
 54
 54
 21
 54
 54
 51
 54
 54
 54
 21
 54
 49
 54
 54
 54
 54
 54
 54
 54
 54
 21
 54
 54
 51
 54
 54
 40
 20
 23
 23
 23
 24
 54
 54
 54
 54
 54
 54
 21
 54
 54
 53
 54
 54
 54
 54
 54
 22
 54
 21
 31
 31
 31
 31
 31
 31
 21
 54
 54
 54
 54
 54
 54
 22
 22
 54
 22
 21
 31
 31
 31
 31
 31
 31
 21
 54
 54
 54
 54
 30
 30
 22
 54
 54
 54
 21
 31
 31
 31
 31
 31
 31
 21
 54
 54
 54
 54
 54
 54
 21
 54
 54
 41
 21
 31
 31
 31
 31
 31
 31
 21
 54
 54
 54
 49
 54
 45
 21
 54
 54
 42
 21
 31
 31
 31
 31
 31
 31
 21
 54
 54
 54
 54
 54
 46
 21
 54
 54
 43
 21
 31
 31
 31
 31
 31
 31
 21
 54
 54
 54
 54
 22
 48
 21
 54
 54
 44
 21
 31
 31
 31
 31
 31
 31
 21
 54
 54
 54
 54
 21
 54
 22
 54
 54
 54
 21
 31
 31
 31
 31
 31
 31
 21
 54
 54
 54
 54
 20
 21
 54
 22
 39
 22
 21
 31
 31
 31
 31
 31
 31
 21
 54
 54
 54
 54
 20
 20
 22
 54
 22
 54
 21
 31
 31
 31
 31
 31
 28
 21
 54
 54
 20
 23
 23
 23
 23
 23
 23
 23
 23
 23
 23
 23
 23
 23
 23
 24
 54
 54
 54
 54
 54
 54
 54
 54
 54
 54
 54
 54
 54
 54
 54
 54
 54
 54
 54
 54
 54
 54
 54
 54
 54
 54
 54
 54
 54
 54
 54
 54
 54
 54
 54
 54
 54
 54
