 64
 15
 20
 23
 23
 23
 23
 23
 23
 23
 23
 23
 23
 23
 23
 24
 54
 54
 54
 54
 54
 54
 20
 24
 54
 54
 54
 20
 23
 23
 26
 21
 54
 54
 50
 54
 20
 27
 54
 20
 27
 54
 54
 54
 20
 26
 7
 21
 54
 54
 51
 54
 54
 20
 27
 54
 20
 27
 54
 54
 54
 38
 20
 24
 54
 54
 52
 54
 54
 54
 21
 54
 48
 20
 27
 54
 54
 20
 23
 24
 54
 54
 53
 54
 22
 40
 21
 54
 54
 54
 20
 27
 54
 54
 20
 24
 54
 54
 54
 41
 22
 54
 54
 54
 21
 54
 54
 21
 54
 54
 1
 21
 54
 54
 54
 42
 22
 54
 49
 20
 24
 54
 54
 54
 54
 20
 27
 21
 54
 54
 54
 44
 20
 23
 23
 23
 24
 54
 54
 39
 20
 23
 23
 24
 54
 54
 54
 54
 54
 54
 54
 20
 24
 54
 54
 20
 23
 23
 23
 24
 54
 54
 54
 54
 54
 54
 20
 23
 24
 41
 20
 23
 23
 23
 23
 24
 54
 54
 20
 23
 24
 31
 20
 23
 23
 23
 23
 23
 23
 23
 23
 24
 54
 54
 54
 54
 54
 54
 54
 54
 54
 54
 54
 54
 54
 54
 54
 21
 54
 54
 20
 23
 23
 23
 23
 23
 23
 23
 23
 23
 24
 31
 31
 21
 54
 54
 54
 47
 20
 27
 54
 54
 20
 27
 54
 54
 20
 27
 54
 21
 54
 54
 54
 47
 20
 20
 27
 20
 26
 20
 27
 20
 26
 20
 27
 21
 54
 54
 54
 48
 21
 54
 20
 26
 54
 44
 20
 26
 54
 54
 20
 24
 54
 54
 54
 54
 20
 23
 23
 23
 23
 23
 23
 23
 23
 23
 23
 24
 54
 54
 50
 54
 54
 20
 23
 23
 23
 23
 23
 23
 23
 23
 23
 24
 54
 54
 52
 54
 54
 20
 23
 23
 23
 23
 23
 23
 23
 23
 23
 24
 54
 54
 53
 54
 54
 21
 54
 54
 54
 54
 54
 54
 54
 54
 54
 21
 54
 54
 54
 54
 54
 54
 54
 54
 54
 54
 54
 54
 54
 54
 54
 21
 54
 54
 20
 23
 23
 23
 23
 23
 23
 23
 23
 23
 24
 31
 20
 24
 54
 54
 54
 54
 54
 54
 54
 44
 22
 22
 20
 23
 24
 54
 54
 21
 54
 54
 54
 54
 54
 54
 54
 30
 22
 22
 54
 20
 24
 54
 54
 21
 54
 54
 54
 54
 54
 54
 30
 30
 22
 22
 54
 54
 21
 54
 54
 21
 54
 54
 54
 54
 54
 30
 30
 30
 22
 22
 22
 54
 54
 54
 20
 24
 54
 54
 54
 54
 20
 23
 23
 23
 24
 54
 54
 54
 40
 20
 23
 21
 54
 54
 54
 54
 54
 54
 54
 54
 20
 27
 54
 54
 20
 23
 26
 21
 54
 54
 20
 23
 24
 54
 54
 20
 23
 23
 23
 23
 23
 26
 21
 21
 54
 54
 20
 26
 21
 54
 54
 20
 24
 54
 54
 21
 54
 21
 54
 21
 54
 54
 20
 49
 21
 54
 20
 23
 24
 49
 21
 54
 21
 54
 21
 21
 54
 54
 20
 27
 54
 20
 23
 23
 24
 54
 54
 21
 54
 21
 54
 21
 54
 54
 20
 23
 23
 23
 23
 23
 23
 23
 23
 23
 23
 24
 54
 21
 54
 54
 54
 54
 54
 22
 22
 22
 22
 22
 22
 22
 22
 22
 22
 21
 54
 54
 54
 54
 38
 20
 23
 23
 23
 23
 23
 23
 23
 23
 23
 24
 54
 54
 54
 54
 54
 54
 20
 23
 24
 54
 54
 54
 54
 54
 20
 24
 54
 54
 54
 54
 54
 54
 54
 20
 24
 54
 54
 20
 27
 54
 54
 21
 54
 54
 54
 54
 54
 54
 54
 54
 21
 54
 20
 23
 23
 27
 54
 21
 54
 54
 54
 54
 54
 54
 54
 54
 54
 20
 23
 23
 23
 24
 54
 21
 54
 54
 20
 23
 23
 23
 23
 23
 23
 23
 23
 23
 23
 24
 54
 21
 54
 54
 54
 54
 54
 54
 54
 54
 54
 20
 23
 23
 26
 54
 54
 21
 54
 54
 54
 54
 37
 21
 54
 21
 54
 54
 20
 26
 54
 21
 54
 21
 54
 54
 54
 54
 54
 54
 54
 54
 54
 54
 54
 54
 54
 54
 54
 21
 54
 54
 54
 54
 21
 54
 21
 54
 21
 54
 21
 54
 21
 54
 21
 21
 54
 54
 50
 54
 54
 54
 54
 54
 54
 54
 54
 54
 54
 54
 54
 21
 54
 54
 51
 54
 21
 54
 54
 54
 39
 21
 54
 21
 54
 54
 20
 24
 54
 54
 52
 54
 54
 54
 20
 27
 54
 54
 54
 54
 54
 20
 23
 24
 54
 54
 52
 54
 54
 54
 20
 23
 23
 23
 23
 23
 23
 23
 24
 54
 54
 54
 53
 54
 54
 40
 20
 26
 54
 54
 54
 54
 54
 54
 21
 54
 54
 54
 54
 54
 54
 20
 26
 54
 54
 20
 23
 24
 54
 54
 21
 54
 54
 54
 54
 54
 20
 26
 54
 37
 20
 23
 23
 26
 54
 31
 21
 54
 54
 54
 54
 54
 21
 54
 54
 20
 26
 31
 21
 54
 54
 31
 21
 54
 54
 54
 54
 41
 21
 54
 20
 26
 54
 31
 21
 54
 31
 54
 21
 54
 54
 54
 54
 42
 21
 54
 21
 54
 31
 54
 21
 54
 31
 54
 21
 54
 54
 54
 54
 43
 21
 54
 21
 54
 31
 54
 21
 54
 21
 54
 21
 54
 54
 54
 54
 44
 21
 54
 21
 54
 21
 54
 21
 54
 21
 54
 21
 54
 54
 54
 54
 54
 21
 54
 21
 54
 21
 54
 21
 37
 21
 54
 20
 24
 54
 54
 54
 37
 21
 54
 21
 54
 21
 54
 31
 54
 21
 54
 31
 21
 54
 54
 54
 54
 21
 54
 21
 54
 21
 54
 31
 54
 21
 54
 31
 21
 54
 54
 54
 54
 21
 54
 21
 49
 21
 54
 54
 31
 21
 54
 54
 31
 54
 54
 54
 54
 54
 54
 20
 23
 23
 27
 54
 31
 20
 27
 54
 31
 54
 54
 20
 23
 23
 23
 23
 23
 23
 23
 23
 23
 23
 23
 23
 24
 54
 54
 54
 54
 54
 54
 54
 54
 54
 54
 54
 54
 54
 54
 54
 54
 54
 54
 54
 54
 54
 54
 54
 54
 54
 54
 54
 54
 54
 54
 54
 54
 54
 54
