 32
 21
 20
 23
 23
 23
 23
 23
 23
 23
 23
 23
 23
 23
 23
 23
 23
 23
 23
 23
 23
 24
 54
 54
 54
 3
 21
 54
 54
 28
 21
 54
 54
 20
 20
 20
 21
 42
 21
 54
 54
 54
 22
 21
 54
 54
 54
 54
 31
 31
 31
 31
 21
 54
 54
 21
 54
 7
 21
 43
 21
 54
 54
 54
 49
 21
 54
 54
 54
 54
 31
 31
 31
 31
 21
 54
 40
 21
 54
 54
 21
 44
 21
 54
 54
 22
 36
 21
 54
 54
 50
 54
 31
 31
 31
 31
 21
 54
 54
 21
 54
 54
 21
 54
 21
 54
 54
 54
 36
 21
 54
 54
 51
 54
 31
 31
 31
 31
 21
 54
 54
 21
 54
 54
 21
 54
 21
 54
 54
 22
 36
 21
 54
 54
 51
 54
 31
 31
 31
 31
 21
 31
 31
 21
 31
 31
 21
 49
 22
 54
 54
 54
 36
 21
 54
 54
 52
 54
 31
 31
 31
 31
 21
 31
 31
 21
 31
 31
 21
 54
 54
 54
 54
 22
 36
 21
 54
 54
 53
 54
 31
 31
 31
 31
 21
 31
 31
 21
 31
 31
 21
 54
 54
 54
 54
 54
 36
 21
 54
 54
 54
 54
 31
 31
 31
 31
 21
 54
 54
 22
 54
 54
 21
 54
 54
 54
 37
 22
 36
 21
 54
 54
 54
 54
 31
 31
 31
 31
 21
 54
 54
 54
 54
 54
 21
 54
 54
 54
 54
 54
 36
 21
 54
 54
 54
 49
 31
 31
 31
 31
 21
 54
 54
 54
 54
 39
 21
 54
 54
 54
 54
 22
 36
 21
 54
 54
 54
 54
 31
 31
 31
 31
 21
 54
 54
 54
 54
 54
 21
 54
 54
 54
 54
 54
 36
 21
 54
 54
 54
 30
 22
 54
 54
 54
 21
 54
 54
 54
 54
 54
 21
 54
 54
 54
 54
 22
 36
 21
 54
 54
 54
 54
 54
 54
 54
 38
 20
 27
 54
 54
 54
 41
 21
 54
 54
 54
 54
 54
 36
 21
 54
 54
 54
 54
 22
 54
 54
 54
 54
 20
 27
 54
 54
 43
 21
 54
 54
 54
 54
 22
 36
 21
 54
 54
 54
 54
 21
 54
 54
 54
 21
 54
 20
 27
 54
 42
 21
 54
 54
 54
 54
 54
 36
 21
 54
 54
 54
 49
 21
 54
 54
 20
 26
 54
 54
 21
 54
 42
 21
 54
 22
 54
 54
 22
 36
 21
 54
 54
 54
 54
 21
 54
 41
 21
 54
 54
 45
 21
 54
 43
 21
 54
 21
 54
 54
 54
 36
 21
 54
 54
 54
 54
 22
 54
 43
 21
 54
 54
 46
 21
 54
 42
 21
 54
 21
 54
 54
 22
 36
 21
 54
 54
 54
 54
 54
 54
 42
 21
 54
 54
 47
 21
 54
 44
 21
 54
 21
 54
 54
 54
 36
 21
 54
 54
 54
 30
 22
 54
 43
 21
 54
 54
 48
 21
 54
 54
 21
 54
 21
 54
 54
 22
 36
 21
 54
 54
 54
 54
 21
 54
 44
 21
 54
 54
 54
 21
 54
 54
 20
 27
 21
 54
 54
 54
 36
 21
 54
 54
 54
 54
 21
 54
 54
 21
 54
 54
 54
 21
 54
 21
 54
 20
 21
 54
 54
 22
 36
 21
 54
 54
 54
 54
 21
 54
 40
 21
 54
 54
 54
 54
 20
 26
 54
 54
 20
 27
 54
 54
 36
 21
 54
 54
 54
 49
 21
 54
 54
 21
 54
 54
 54
 20
 26
 54
 54
 54
 38
 20
 27
 22
 36
 21
 54
 54
 54
 54
 21
 54
 54
 21
 54
 37
 20
 26
 54
 54
 22
 54
 54
 54
 20
 27
 36
 21
 54
 54
 54
 45
 21
 54
 54
 21
 54
 20
 26
 54
 54
 41
 21
 54
 54
 54
 54
 21
 36
 20
 54
 54
 54
 46
 21
 54
 54
 54
 20
 26
 54
 54
 54
 42
 21
 54
 54
 54
 54
 54
 49
 21
 54
 54
 54
 47
 20
 20
 20
 20
 20
 20
 20
 20
 20
 20
 20
 20
 20
 20
 20
 20
 20
 21
 54
 54
 20
 23
 23
 23
 23
 23
 23
 23
 23
 23
 23
 23
 23
 23
 23
 23
 23
 23
 23
 24
 54
 54
 54
 54
 54
 54
 54
 54
 54
 54
 54
 54
 54
 54
 54
 54
 54
 54
 54
 54
 54
 54
 54
 54
 54
 54
 54
 54
 54
 54
 54
 54
 54
 54
 54
 54
 54
 54
 54
 54
 54
 54
 54
 54
 54
 54
