 21
 32
 20
 23
 23
 23
 23
 23
 23
 23
 23
 23
 23
 23
 23
 23
 23
 23
 23
 23
 23
 23
 23
 23
 23
 23
 23
 23
 23
 23
 23
 23
 24
 54
 54
 54
 54
 20
 24
 54
 54
 54
 54
 54
 20
 27
 44
 20
 26
 20
 27
 54
 54
 42
 20
 26
 54
 20
 26
 20
 26
 20
 26
 54
 3
 21
 54
 54
 49
 54
 20
 24
 54
 54
 54
 21
 54
 54
 20
 27
 21
 54
 54
 20
 27
 54
 43
 21
 54
 49
 21
 54
 54
 41
 21
 54
 54
 54
 21
 54
 54
 54
 54
 20
 23
 27
 54
 20
 20
 27
 54
 39
 20
 21
 54
 54
 38
 20
 27
 44
 21
 54
 20
 26
 21
 54
 42
 21
 54
 54
 20
 24
 54
 54
 50
 54
 54
 20
 24
 54
 54
 54
 21
 54
 54
 20
 21
 54
 21
 54
 54
 20
 27
 54
 54
 21
 54
 21
 54
 43
 20
 27
 37
 20
 24
 54
 54
 51
 54
 54
 54
 20
 27
 54
 20
 26
 54
 20
 26
 21
 31
 21
 54
 54
 54
 21
 54
 20
 26
 54
 21
 54
 20
 26
 21
 54
 20
 24
 54
 54
 51
 54
 54
 54
 40
 21
 54
 21
 54
 54
 21
 54
 21
 54
 21
 54
 21
 54
 54
 54
 54
 54
 40
 21
 54
 21
 31
 20
 41
 20
 24
 54
 54
 53
 54
 54
 54
 54
 21
 54
 21
 54
 20
 26
 54
 21
 54
 54
 54
 54
 54
 54
 20
 54
 21
 54
 54
 20
 21
 54
 20
 20
 26
 21
 54
 54
 54
 54
 54
 54
 54
 21
 54
 21
 54
 21
 54
 54
 21
 54
 30
 21
 54
 54
 41
 21
 54
 21
 31
 31
 20
 21
 54
 20
 21
 39
 21
 54
 54
 54
 54
 54
 54
 20
 26
 20
 26
 54
 21
 54
 54
 54
 54
 54
 20
 27
 54
 20
 26
 54
 21
 54
 54
 20
 26
 54
 54
 21
 49
 21
 54
 54
 54
 54
 37
 20
 24
 54
 20
 27
 49
 21
 54
 54
 21
 40
 21
 54
 21
 54
 20
 27
 54
 21
 31
 31
 20
 27
 54
 54
 21
 54
 21
 54
 54
 54
 54
 54
 20
 24
 54
 54
 20
 20
 21
 54
 54
 21
 54
 21
 54
 20
 27
 54
 21
 54
 21
 54
 54
 20
 21
 40
 20
 21
 54
 21
 54
 54
 50
 54
 54
 54
 21
 54
 54
 54
 20
 26
 54
 54
 21
 54
 21
 54
 54
 21
 54
 20
 27
 54
 54
 54
 20
 21
 54
 20
 20
 27
 21
 54
 54
 52
 54
 54
 20
 24
 54
 54
 54
 21
 54
 21
 54
 54
 54
 20
 27
 37
 21
 54
 38
 21
 54
 54
 20
 26
 21
 31
 20
 26
 20
 24
 54
 54
 51
 54
 54
 21
 54
 54
 54
 54
 21
 54
 54
 54
 54
 20
 26
 21
 54
 54
 54
 54
 20
 27
 54
 21
 54
 20
 27
 21
 54
 20
 24
 54
 54
 53
 54
 31
 21
 54
 54
 54
 20
 24
 54
 54
 54
 20
 26
 54
 21
 54
 54
 54
 54
 54
 21
 54
 21
 54
 38
 20
 54
 54
 20
 24
 54
 54
 54
 54
 54
 21
 54
 54
 54
 38
 20
 27
 54
 45
 21
 54
 49
 20
 27
 54
 39
 21
 54
 20
 27
 21
 54
 54
 21
 54
 54
 20
 24
 54
 54
 54
 54
 49
 21
 54
 54
 54
 54
 54
 21
 54
 47
 21
 54
 54
 43
 21
 54
 54
 21
 54
 54
 20
 26
 54
 54
 21
 54
 54
 54
 21
 54
 54
 54
 54
 20
 24
 54
 54
 54
 54
 45
 20
 27
 46
 20
 27
 54
 42
 20
 27
 54
 20
 27
 45
 20
 27
 20
 27
 20
 27
 54
 6
 21
 54
 54
 20
 23
 23
 23
 23
 23
 23
 23
 23
 23
 23
 23
 23
 23
 23
 23
 23
 23
 23
 23
 23
 23
 23
 23
 23
 23
 23
 23
 23
 23
 24
 54
 54
 54
 54
 54
 54
 54
 54
 54
 54
 54
 54
 54
 54
 54
 54
 54
 54
 54
 54
 54
 54
 54
 54
 54
 54
 54
 54
 54
 54
 54
 54
 54
 54
 54
 54
 54
 54
 54
 54
 54
 54
 54
 54
 54
 54
 54
 54
 54
 54
 54
 54
 54
 54
 54
 54
 54
 54
 54
 54
 54
 54
 54
 54
 54
 54
 54
 54
