 39
 28
 20
 23
 23
 23
 23
 23
 23
 23
 23
 23
 23
 23
 23
 23
 23
 23
 23
 23
 23
 23
 23
 23
 23
 23
 23
 23
 25
 54
 54
 54
 54
 54
 54
 22
 54
 49
 4
 21
 49
 54
 54
 54
 54
 39
 20
 24
 49
 54
 21
 54
 54
 54
 21
 54
 54
 21
 54
 54
 54
 54
 54
 22
 40
 22
 54
 54
 21
 54
 54
 54
 54
 54
 54
 54
 20
 27
 54
 22
 54
 22
 54
 21
 54
 49
 21
 54
 54
 54
 29
 22
 54
 54
 54
 22
 22
 21
 54
 22
 54
 54
 30
 30
 30
 30
 21
 54
 54
 40
 21
 54
 21
 31
 20
 24
 54
 54
 54
 54
 20
 23
 23
 23
 23
 23
 24
 54
 21
 54
 54
 54
 54
 54
 36
 20
 23
 27
 54
 21
 54
 21
 54
 54
 21
 54
 54
 54
 54
 22
 54
 54
 54
 22
 22
 21
 38
 21
 54
 22
 54
 54
 54
 36
 21
 49
 20
 23
 24
 54
 21
 54
 41
 21
 54
 54
 54
 54
 38
 22
 54
 22
 54
 54
 22
 54
 21
 54
 21
 54
 54
 54
 36
 21
 54
 54
 21
 54
 54
 22
 54
 42
 21
 54
 54
 54
 54
 54
 54
 22
 54
 54
 54
 54
 54
 21
 54
 21
 54
 54
 54
 36
 21
 54
 37
 21
 54
 54
 54
 54
 43
 21
 54
 54
 20
 23
 23
 23
 23
 23
 23
 23
 24
 49
 20
 20
 24
 54
 54
 54
 49
 21
 54
 54
 21
 54
 54
 54
 20
 20
 21
 54
 54
 54
 54
 54
 49
 33
 33
 33
 33
 20
 23
 23
 23
 23
 23
 23
 23
 23
 24
 54
 54
 20
 23
 23
 23
 23
 23
 24
 54
 54
 50
 54
 54
 54
 33
 33
 33
 33
 20
 26
 54
 54
 20
 24
 54
 54
 36
 21
 31
 31
 31
 31
 20
 23
 23
 23
 24
 54
 54
 51
 54
 33
 33
 33
 33
 33
 33
 21
 54
 54
 22
 49
 21
 54
 54
 36
 21
 31
 31
 31
 31
 22
 54
 20
 23
 24
 54
 54
 51
 54
 33
 33
 33
 33
 33
 33
 20
 27
 54
 20
 23
 25
 54
 36
 20
 24
 31
 31
 31
 31
 22
 54
 54
 20
 24
 54
 54
 52
 54
 33
 54
 33
 33
 33
 33
 33
 21
 54
 44
 21
 54
 36
 20
 23
 24
 31
 31
 31
 31
 22
 49
 54
 54
 21
 54
 54
 53
 54
 33
 54
 33
 33
 33
 33
 33
 20
 27
 54
 54
 36
 21
 49
 7
 21
 54
 54
 54
 54
 22
 54
 54
 20
 24
 54
 54
 54
 54
 33
 33
 33
 33
 33
 54
 33
 54
 21
 54
 54
 20
 26
 54
 54
 21
 54
 54
 54
 54
 22
 54
 20
 23
 24
 54
 54
 54
 54
 33
 33
 33
 54
 33
 54
 33
 38
 20
 27
 54
 22
 54
 54
 20
 23
 23
 27
 49
 54
 22
 54
 39
 20
 24
 54
 54
 54
 54
 33
 33
 33
 54
 33
 33
 33
 33
 20
 23
 27
 54
 54
 20
 26
 49
 54
 20
 27
 54
 22
 54
 54
 54
 21
 54
 54
 54
 54
 33
 33
 33
 33
 33
 33
 33
 33
 21
 54
 20
 27
 20
 26
 54
 54
 54
 54
 20
 23
 25
 54
 54
 20
 24
 54
 54
 50
 54
 33
 33
 33
 33
 33
 33
 54
 33
 21
 54
 54
 20
 26
 54
 54
 20
 27
 54
 36
 21
 54
 54
 54
 36
 21
 54
 54
 52
 54
 33
 33
 33
 33
 33
 33
 54
 33
 21
 49
 54
 21
 54
 54
 54
 54
 20
 20
 23
 24
 54
 54
 22
 36
 21
 54
 54
 52
 54
 33
 33
 33
 33
 33
 33
 33
 33
 21
 54
 54
 21
 54
 54
 20
 23
 23
 25
 54
 20
 25
 54
 54
 36
 21
 54
 54
 53
 54
 54
 33
 33
 33
 33
 33
 33
 33
 21
 31
 31
 21
 54
 20
 26
 54
 54
 54
 54
 54
 22
 54
 54
 36
 21
 54
 54
 54
 54
 54
 33
 33
 33
 54
 33
 33
 33
 21
 54
 54
 21
 54
 21
 54
 20
 23
 23
 24
 41
 22
 37
 22
 36
 21
 54
 54
 54
 54
 33
 33
 54
 33
 54
 33
 33
 33
 21
 54
 20
 26
 54
 21
 54
 20
 20
 20
 21
 42
 22
 54
 54
 36
 21
 54
 54
 54
 54
 33
 33
 54
 33
 33
 20
 24
 28
 21
 54
 21
 31
 31
 21
 54
 54
 54
 54
 21
 43
 22
 54
 54
 36
 21
 54
 54
 20
 23
 23
 23
 23
 23
 23
 23
 23
 23
 24
 54
 21
 31
 31
 31
 31
 31
 31
 31
 21
 43
 22
 54
 22
 36
 21
 54
 54
 49
 54
 54
 20
 20
 21
 54
 20
 20
 20
 21
 54
 20
 27
 54
 21
 54
 54
 54
 54
 21
 44
 22
 54
 54
 36
 21
 54
 54
 54
 54
 54
 21
 54
 54
 54
 54
 21
 54
 21
 54
 54
 21
 45
 21
 54
 20
 23
 23
 24
 54
 22
 54
 54
 36
 21
 54
 54
 50
 54
 30
 21
 54
 54
 22
 39
 21
 41
 21
 54
 54
 21
 47
 21
 31
 21
 54
 54
 54
 54
 22
 54
 22
 36
 21
 54
 54
 51
 54
 38
 22
 54
 54
 21
 54
 22
 42
 21
 31
 31
 21
 48
 21
 54
 21
 54
 54
 54
 20
 25
 54
 54
 36
 21
 54
 54
 53
 54
 54
 54
 54
 45
 21
 54
 54
 43
 21
 54
 54
 21
 54
 54
 54
 21
 54
 54
 20
 24
 54
 54
 54
 36
 21
 54
 54
 54
 54
 54
 54
 54
 47
 21
 54
 49
 42
 20
 27
 49
 20
 23
 23
 23
 23
 24
 49
 20
 25
 54
 38
 22
 36
 21
 54
 54
 20
 23
 23
 23
 23
 23
 23
 23
 23
 23
 23
 23
 23
 23
 23
 25
 54
 48
 20
 23
 24
 54
 54
 54
 54
 36
 21
 54
 54
 54
 49
 20
 27
 54
 54
 20
 27
 54
 54
 20
 27
 54
 54
 20
 25
 49
 54
 54
 21
 54
 54
 54
 54
 54
 36
 21
 54
 54
 54
 54
 40
 20
 27
 20
 26
 20
 27
 20
 26
 20
 27
 20
 26
 22
 54
 54
 20
 25
 54
 49
 21
 54
 22
 36
 21
 54
 54
 54
 54
 54
 54
 20
 26
 54
 48
 20
 26
 54
 39
 20
 26
 54
 37
 20
 20
 24
 54
 54
 54
 20
 20
 25
 36
 21
 54
 54
 20
 23
 23
 23
 23
 23
 23
 23
 23
 23
 23
 23
 23
 23
 23
 23
 23
 23
 23
 23
 23
 23
 23
 23
 23
 23
 25
 54
 54
 54
 54
 54
 54
 54
 54
 54
 54
 54
 54
 54
 54
 54
 54
 54
 54
 54
 54
 54
 54
 54
 54
 54
 54
 54
 54
 54
 54
 54
 54
 54
 54
 54
 54
 54
 54
 54
 54
 54
 54
 54
 54
 54
 54
 54
 54
 54
 54
 54
 54
 54
 54
 54
 54
 54
 54
 54
 54
