 39
 35
 20
 23
 23
 23
 23
 23
 23
 23
 23
 23
 23
 23
 23
 23
 23
 23
 23
 23
 23
 23
 23
 23
 23
 23
 23
 23
 23
 23
 23
 23
 24
 54
 54
 54
 54
 54
 54
 54
 54
 54
 54
 54
 22
 22
 22
 22
 22
 22
 21
 54
 54
 31
 28
 21
 54
 31
 54
 54
 54
 54
 21
 54
 54
 54
 54
 54
 21
 54
 54
 54
 54
 54
 50
 54
 54
 54
 54
 38
 20
 23
 23
 23
 23
 23
 21
 54
 54
 31
 31
 31
 31
 31
 54
 54
 54
 3
 21
 54
 54
 54
 54
 7
 21
 54
 54
 54
 54
 54
 51
 54
 30
 22
 54
 54
 21
 54
 54
 54
 54
 54
 21
 54
 54
 31
 31
 31
 54
 31
 31
 54
 54
 38
 20
 23
 23
 24
 54
 54
 21
 54
 54
 54
 54
 54
 51
 54
 54
 21
 54
 30
 22
 54
 54
 54
 54
 41
 21
 54
 54
 31
 54
 31
 31
 31
 54
 54
 54
 54
 54
 54
 54
 21
 54
 45
 21
 54
 54
 54
 54
 54
 53
 54
 49
 21
 54
 54
 54
 54
 54
 54
 54
 43
 21
 54
 54
 31
 54
 31
 54
 31
 54
 54
 54
 54
 54
 54
 41
 21
 54
 46
 21
 54
 54
 54
 54
 54
 54
 54
 54
 21
 54
 30
 22
 54
 54
 50
 54
 44
 22
 54
 54
 31
 31
 54
 31
 54
 31
 54
 54
 54
 54
 54
 43
 21
 54
 48
 21
 54
 54
 54
 54
 54
 54
 54
 30
 22
 54
 54
 21
 54
 54
 51
 54
 54
 54
 54
 54
 31
 31
 31
 31
 54
 31
 54
 54
 54
 54
 54
 44
 21
 54
 54
 20
 23
 23
 24
 54
 54
 54
 54
 54
 54
 54
 54
 21
 54
 54
 52
 54
 54
 54
 54
 54
 31
 54
 31
 31
 31
 54
 54
 54
 54
 54
 54
 54
 22
 54
 54
 22
 54
 36
 21
 54
 54
 54
 54
 54
 54
 54
 54
 21
 54
 54
 52
 54
 54
 54
 22
 54
 31
 54
 31
 31
 31
 54
 54
 54
 54
 54
 54
 54
 54
 54
 54
 54
 54
 36
 21
 54
 54
 54
 54
 54
 54
 54
 30
 22
 54
 54
 53
 54
 54
 54
 21
 54
 31
 31
 31
 54
 31
 54
 54
 54
 54
 54
 54
 54
 54
 54
 54
 54
 54
 36
 21
 54
 54
 54
 54
 54
 54
 54
 54
 54
 54
 54
 54
 54
 54
 45
 21
 54
 31
 31
 31
 54
 54
 31
 54
 54
 54
 54
 54
 37
 22
 54
 54
 22
 54
 36
 21
 54
 54
 54
 54
 50
 54
 54
 54
 54
 54
 54
 54
 54
 54
 46
 21
 54
 31
 54
 54
 31
 31
 54
 54
 54
 30
 22
 54
 45
 21
 54
 40
 20
 23
 23
 24
 54
 54
 54
 54
 51
 54
 30
 22
 54
 54
 54
 54
 54
 54
 48
 21
 54
 31
 54
 54
 31
 54
 31
 54
 54
 49
 21
 54
 47
 21
 54
 54
 54
 20
 23
 24
 54
 54
 54
 54
 52
 54
 54
 21
 54
 54
 50
 54
 54
 54
 54
 21
 54
 31
 54
 31
 54
 31
 31
 54
 54
 30
 22
 54
 48
 21
 54
 54
 54
 44
 20
 24
 54
 54
 54
 54
 52
 54
 41
 21
 54
 54
 52
 54
 54
 54
 38
 22
 54
 31
 54
 54
 31
 31
 54
 54
 54
 54
 54
 54
 54
 22
 54
 54
 54
 54
 54
 21
 54
 54
 54
 54
 53
 54
 43
 21
 54
 54
 51
 54
 54
 54
 54
 54
 54
 31
 31
 54
 31
 31
 54
 54
 54
 54
 54
 54
 54
 54
 54
 54
 54
 54
 54
 21
 54
 54
 54
 54
 54
 54
 44
 21
 54
 54
 53
 54
 54
 54
 54
 54
 54
 31
 31
 31
 54
 54
 31
 54
 54
 54
 54
 54
 54
 54
 54
 54
 54
 21
 54
 21
 54
 54
 54
 54
 54
 54
 54
 21
 54
 54
 54
 54
 54
 41
 22
 54
 54
 31
 54
 54
 31
 54
 31
 54
 54
 54
 54
 54
 41
 22
 54
 20
 20
 24
 54
 21
 54
 54
 54
 54
 54
 54
 30
 22
 54
 54
 54
 54
 54
 42
 21
 54
 54
 31
 54
 31
 31
 54
 31
 54
 54
 54
 54
 54
 42
 21
 54
 21
 54
 54
 37
 21
 54
 54
 54
 50
 54
 54
 54
 54
 54
 54
 54
 54
 54
 43
 21
 54
 54
 31
 31
 31
 54
 54
 54
 54
 54
 54
 54
 54
 43
 21
 54
 21
 54
 54
 54
 21
 54
 54
 54
 51
 54
 54
 54
 54
 54
 54
 54
 54
 54
 43
 21
 54
 54
 31
 54
 31
 54
 31
 31
 54
 54
 54
 54
 54
 44
 22
 54
 21
 54
 54
 54
 21
 54
 54
 54
 52
 54
 30
 22
 54
 54
 54
 54
 54
 54
 42
 21
 54
 54
 31
 54
 31
 31
 54
 54
 54
 54
 54
 54
 54
 54
 54
 54
 31
 31
 31
 31
 21
 54
 54
 54
 51
 54
 54
 21
 54
 54
 54
 54
 54
 54
 44
 22
 54
 54
 31
 54
 31
 31
 31
 54
 54
 54
 54
 54
 54
 54
 54
 54
 31
 31
 31
 31
 21
 54
 54
 54
 53
 54
 37
 21
 54
 54
 54
 54
 54
 54
 54
 54
 22
 54
 31
 31
 54
 31
 54
 31
 54
 54
 54
 30
 22
 54
 54
 54
 21
 54
 54
 54
 21
 54
 54
 54
 54
 54
 54
 21
 54
 54
 54
 54
 54
 54
 54
 54
 54
 22
 31
 31
 31
 31
 31
 31
 54
 54
 54
 49
 21
 54
 54
 38
 21
 54
 54
 41
 21
 54
 54
 54
 54
 54
 30
 22
 54
 54
 50
 54
 54
 54
 54
 54
 54
 54
 31
 31
 54
 31
 54
 54
 54
 54
 54
 30
 22
 54
 54
 54
 21
 54
 54
 43
 21
 54
 54
 54
 54
 54
 54
 54
 54
 54
 52
 54
 54
 54
 54
 54
 54
 54
 31
 54
 54
 31
 54
 31
 54
 54
 54
 54
 54
 54
 54
 54
 22
 54
 54
 42
 21
 54
 54
 54
 54
 54
 54
 54
 54
 54
 52
 54
 54
 54
 54
 54
 54
 54
 31
 31
 54
 54
 31
 54
 54
 54
 54
 54
 54
 54
 54
 54
 54
 54
 54
 44
 21
 54
 54
 54
 54
 54
 54
 54
 54
 54
 53
 54
 54
 54
 54
 54
 54
 54
 31
 31
 31
 31
 31
 31
 54
 54
 54
 54
 54
 54
 54
 54
 54
 54
 54
 54
 21
 54
 54
 54
 54
 54
 54
 54
 54
 54
 54
 54
 54
 54
 54
 54
 54
 54
 31
 54
 31
 54
 31
 31
 54
 54
 54
 54
 54
 54
 45
 20
 23
 23
 23
 23
 21
 54
 54
 54
 54
 54
 54
 54
 54
 54
 54
 54
 54
 54
 54
 54
 54
 54
 31
 54
 31
 31
 31
 54
 54
 54
 54
 54
 54
 54
 47
 20
 20
 20
 20
 20
 21
 54
 54
 54
 30
 22
 30
 22
 30
 22
 30
 22
 30
 22
 54
 54
 54
 54
 31
 31
 31
 54
 31
 54
 54
 54
 54
 54
 54
 54
 46
 20
 20
 20
 20
 20
 21
 54
 54
 54
 38
 21
 54
 21
 54
 21
 54
 21
 54
 21
 54
 54
 54
 54
 31
 31
 54
 31
 31
 54
 54
 54
 54
 54
 54
 54
 48
 20
 23
 23
 23
 23
 24
 54
 54
 54
 54
 21
 54
 21
 54
 21
 54
 21
 54
 21
 54
 54
 54
 54
 31
 54
 31
 31
 31
 31
 54
 54
 54
 54
 54
 54
 54
 21
 54
 54
 54
 54
 54
 54
 54
 54
 49
 21
 49
 21
 49
 21
 49
 21
 49
 21
 54
 54
 54
 54
 31
 54
 31
 54
 31
 54
 54
 54
 54
 54
 54
 54
 49
 21
 54
 54
 54
 54
 54
 54
 54
 54
 54
 21
 54
 21
 54
 21
 54
 21
 54
 21
 54
 54
 54
 54
 31
 49
 21
 54
 31
 54
 54
 54
 54
 54
 54
 54
 54
 21
 54
 54
 54
 54
 54
 54
 54
 20
 23
 23
 23
 23
 23
 23
 23
 23
 23
 23
 23
 23
 23
 23
 23
 23
 23
 23
 23
 23
 23
 23
 23
 23
 23
 23
 23
 24
 54
 54
 54
 54
 54
 54
 54
 54
 54
 54
 54
 54
 54
 54
 54
 54
 54
 54
 54
 54
 54
 54
 54
 54
 54
 54
 54
 54
 54
 54
 54
 54
 54
 54
 54
 54
 54
 54
 54
 54
 54
 54
 54
 54
 54
 54
 54
 54
 54
 54
 54
 54
 54
 54
 54
 54
 54
 54
 54
 54
 54
 54
 54
 54
 54
 54
 54
 54
 54
 54
 54
 54
 54
 54
 54
 54
 54
 54
 54
