 24
 23
 20
 23
 23
 23
 23
 23
 23
 23
 23
 23
 23
 23
 23
 23
 23
 23
 23
 23
 23
 23
 23
 24
 54
 54
 54
 49
 20
 20
 21
 49
 20
 20
 20
 21
 49
 20
 20
 20
 21
 49
 20
 20
 20
 21
 49
 21
 54
 54
 54
 54
 54
 21
 54
 21
 54
 54
 54
 54
 21
 54
 21
 54
 54
 21
 54
 54
 54
 54
 54
 21
 54
 54
 54
 54
 54
 21
 54
 54
 54
 54
 54
 54
 54
 54
 21
 54
 54
 54
 54
 54
 54
 54
 40
 21
 54
 54
 31
 31
 31
 21
 54
 54
 54
 50
 54
 54
 54
 38
 21
 54
 54
 54
 54
 54
 54
 54
 20
 21
 54
 54
 31
 31
 31
 21
 54
 54
 54
 51
 54
 54
 54
 54
 21
 54
 54
 54
 54
 54
 54
 20
 26
 21
 54
 54
 54
 54
 54
 21
 54
 54
 54
 51
 54
 54
 54
 54
 21
 54
 54
 54
 54
 54
 20
 26
 36
 21
 54
 54
 54
 54
 38
 20
 27
 54
 54
 53
 54
 54
 54
 41
 21
 54
 54
 54
 54
 20
 26
 54
 36
 21
 54
 54
 54
 54
 54
 54
 20
 27
 54
 54
 54
 54
 54
 42
 21
 54
 54
 54
 7
 21
 54
 54
 49
 21
 54
 54
 54
 54
 54
 54
 3
 20
 27
 54
 54
 54
 54
 43
 21
 54
 54
 54
 54
 20
 27
 54
 36
 21
 54
 54
 54
 54
 54
 54
 54
 54
 21
 54
 54
 54
 54
 42
 21
 54
 54
 54
 54
 54
 20
 27
 36
 21
 54
 54
 54
 50
 54
 54
 54
 45
 21
 54
 54
 50
 54
 42
 21
 54
 54
 50
 54
 54
 54
 20
 27
 21
 54
 54
 54
 52
 54
 54
 54
 46
 21
 54
 54
 51
 54
 43
 21
 54
 54
 52
 54
 54
 54
 54
 20
 21
 54
 54
 54
 51
 54
 54
 54
 47
 21
 54
 54
 52
 54
 44
 21
 54
 54
 51
 54
 54
 54
 54
 54
 21
 54
 54
 54
 53
 54
 54
 54
 48
 21
 54
 54
 51
 54
 54
 21
 54
 54
 51
 54
 54
 54
 54
 20
 21
 54
 54
 54
 54
 54
 54
 54
 54
 22
 54
 54
 53
 54
 54
 21
 54
 54
 53
 54
 54
 54
 20
 26
 21
 54
 54
 54
 54
 54
 54
 54
 54
 54
 54
 54
 54
 54
 54
 21
 54
 54
 54
 54
 54
 20
 26
 54
 21
 54
 54
 54
 54
 54
 54
 54
 54
 22
 54
 54
 54
 54
 54
 20
 24
 54
 54
 54
 20
 26
 31
 31
 21
 54
 54
 54
 54
 54
 54
 54
 40
 21
 54
 54
 54
 54
 54
 37
 21
 54
 54
 20
 26
 31
 54
 54
 21
 54
 54
 54
 54
 54
 54
 54
 54
 21
 54
 54
 54
 54
 54
 54
 21
 54
 20
 26
 54
 31
 54
 49
 21
 54
 54
 54
 54
 54
 54
 54
 54
 21
 54
 54
 54
 54
 54
 54
 20
 20
 26
 54
 54
 31
 54
 54
 21
 54
 54
 54
 54
 54
 54
 54
 49
 21
 54
 54
 54
 54
 54
 54
 54
 21
 54
 54
 54
 54
 31
 31
 21
 54
 54
 20
 23
 23
 23
 23
 23
 23
 23
 23
 23
 23
 23
 23
 23
 23
 23
 23
 23
 23
 23
 23
 24
 54
 54
 54
 54
 54
 54
 54
 54
 54
 54
 54
 54
 54
 54
 54
 54
 54
 54
 54
 54
 54
 54
 54
 54
 54
 54
 54
 54
 54
 54
 54
 54
 54
 54
 54
 54
 54
 54
 54
 54
 54
 54
 54
 54
 54
 54
 54
 54
 54
 54
