 21
 21
 20
 23
 23
 23
 23
 23
 23
 23
 23
 23
 23
 23
 23
 23
 23
 23
 23
 23
 23
 24
 54
 54
 49
 7
 54
 54
 20
 25
 54
 21
 54
 54
 20
 25
 54
 47
 21
 54
 54
 54
 36
 21
 54
 54
 54
 54
 54
 54
 54
 20
 25
 54
 54
 54
 54
 21
 54
 48
 21
 54
 54
 54
 36
 21
 54
 54
 54
 54
 41
 21
 54
 43
 21
 54
 21
 54
 54
 21
 54
 54
 54
 54
 54
 54
 36
 21
 54
 54
 50
 54
 43
 21
 54
 44
 21
 54
 21
 54
 54
 54
 54
 21
 54
 21
 54
 54
 36
 21
 54
 54
 52
 54
 42
 21
 54
 54
 21
 54
 21
 54
 21
 54
 54
 21
 54
 21
 54
 54
 36
 21
 54
 54
 51
 54
 44
 21
 54
 20
 25
 54
 54
 54
 54
 54
 54
 54
 54
 20
 25
 54
 36
 21
 54
 54
 53
 54
 54
 54
 54
 21
 54
 54
 37
 20
 25
 39
 21
 54
 54
 41
 21
 54
 36
 21
 54
 54
 54
 54
 54
 21
 54
 21
 54
 21
 54
 54
 20
 25
 54
 54
 54
 43
 21
 54
 54
 21
 54
 54
 54
 54
 54
 21
 54
 54
 54
 21
 54
 21
 41
 21
 54
 54
 21
 44
 21
 54
 54
 21
 54
 54
 54
 54
 54
 54
 54
 54
 54
 20
 25
 21
 43
 21
 54
 54
 21
 54
 54
 54
 49
 21
 54
 54
 54
 37
 21
 54
 54
 21
 54
 54
 20
 25
 44
 21
 54
 54
 54
 54
 54
 54
 54
 21
 54
 54
 54
 54
 54
 54
 40
 20
 25
 54
 20
 25
 54
 21
 54
 21
 54
 21
 54
 54
 40
 21
 54
 54
 50
 54
 21
 54
 54
 42
 21
 54
 20
 25
 54
 54
 54
 54
 38
 21
 54
 54
 36
 21
 54
 54
 52
 54
 21
 54
 54
 43
 21
 54
 54
 21
 54
 45
 21
 54
 54
 54
 54
 54
 36
 21
 54
 54
 53
 54
 20
 25
 54
 42
 21
 54
 54
 21
 54
 47
 21
 54
 54
 21
 54
 54
 36
 21
 54
 54
 54
 54
 54
 21
 54
 20
 25
 38
 21
 54
 54
 48
 21
 54
 54
 21
 54
 54
 36
 21
 54
 54
 54
 54
 45
 21
 54
 21
 54
 54
 54
 54
 54
 54
 54
 41
 20
 25
 54
 54
 36
 21
 54
 54
 49
 2
 46
 21
 54
 54
 54
 54
 54
 20
 20
 21
 54
 42
 21
 54
 54
 54
 36
 21
 54
 54
 20
 23
 23
 23
 23
 23
 23
 23
 23
 23
 23
 23
 23
 23
 23
 23
 23
 23
 23
 24
 54
 54
 54
 54
 54
 54
 54
 54
 54
 54
 54
 54
 54
 54
 54
 54
 54
 54
 54
 54
 54
 54
 54
 54
 54
 54
 54
 54
 54
 54
 54
 54
 54
 54
 54
 54
 54
 54
 54
 54
 54
 54
 54
 54
 54
 54
