 21
 8
 20
 23
 23
 23
 23
 23
 23
 24
 54
 54
 54
 54
 31
 31
 54
 7
 21
 54
 54
 31
 54
 54
 31
 54
 38
 21
 54
 54
 31
 31
 31
 54
 31
 31
 21
 54
 31
 31
 31
 54
 54
 54
 31
 21
 54
 31
 31
 54
 31
 54
 31
 41
 21
 54
 31
 54
 54
 31
 54
 31
 42
 21
 54
 54
 31
 54
 54
 54
 31
 44
 21
 54
 54
 31
 54
 31
 54
 31
 31
 21
 54
 31
 31
 31
 31
 31
 31
 54
 21
 54
 31
 31
 31
 54
 54
 31
 31
 21
 54
 54
 31
 31
 31
 54
 54
 31
 21
 54
 50
 54
 31
 54
 31
 31
 39
 21
 54
 51
 54
 54
 54
 31
 31
 54
 21
 54
 53
 54
 31
 31
 54
 31
 31
 21
 54
 54
 31
 31
 54
 54
 54
 45
 21
 54
 31
 54
 54
 31
 31
 31
 47
 21
 54
 31
 31
 31
 31
 31
 54
 48
 21
 54
 54
 31
 54
 54
 54
 54
 1
 21
 54
 20
 23
 23
 23
 23
 23
 23
 24
 54
 54
 54
 54
 54
 54
 54
 54
 54
 54
 54
 54
 54
 54
 54
 54
 54
 54
 54
