 27
 25
 20
 23
 23
 23
 23
 23
 23
 23
 23
 23
 23
 23
 23
 23
 23
 23
 23
 23
 23
 23
 23
 23
 23
 24
 54
 54
 54
 28
 21
 54
 21
 54
 54
 42
 20
 20
 20
 21
 54
 54
 54
 54
 54
 54
 54
 21
 54
 54
 54
 21
 54
 54
 54
 31
 21
 40
 21
 54
 54
 43
 20
 20
 20
 21
 54
 54
 54
 54
 54
 54
 7
 21
 54
 54
 3
 21
 54
 54
 50
 31
 31
 31
 31
 54
 54
 43
 21
 54
 54
 54
 54
 54
 54
 54
 54
 54
 41
 21
 54
 54
 54
 21
 54
 54
 51
 31
 31
 21
 31
 21
 54
 44
 21
 54
 54
 54
 54
 54
 54
 54
 54
 54
 43
 21
 54
 54
 54
 21
 54
 54
 51
 31
 31
 21
 54
 21
 54
 54
 21
 54
 54
 40
 21
 54
 54
 54
 54
 39
 20
 26
 54
 54
 20
 26
 54
 54
 52
 54
 54
 54
 54
 54
 54
 54
 20
 25
 54
 54
 21
 54
 54
 54
 54
 54
 21
 54
 54
 54
 21
 54
 54
 54
 53
 54
 54
 54
 54
 54
 54
 54
 36
 21
 54
 30
 30
 30
 30
 30
 30
 30
 22
 54
 54
 40
 20
 25
 54
 54
 54
 54
 21
 39
 21
 54
 54
 54
 36
 21
 54
 54
 54
 54
 54
 54
 54
 54
 54
 54
 54
 54
 36
 21
 54
 54
 54
 54
 21
 54
 21
 54
 54
 38
 20
 24
 54
 45
 21
 54
 54
 54
 54
 54
 54
 54
 54
 54
 36
 21
 54
 54
 54
 54
 54
 54
 54
 54
 54
 54
 36
 21
 54
 48
 21
 54
 54
 21
 54
 54
 54
 54
 54
 54
 36
 21
 54
 54
 54
 54
 54
 54
 54
 54
 54
 54
 36
 21
 54
 54
 54
 54
 54
 54
 54
 54
 54
 54
 54
 37
 20
 25
 54
 54
 50
 54
 41
 21
 54
 21
 54
 54
 20
 24
 54
 54
 54
 54
 54
 38
 21
 54
 54
 54
 54
 54
 36
 21
 54
 54
 52
 54
 44
 21
 54
 21
 54
 54
 36
 21
 54
 54
 21
 54
 54
 54
 54
 54
 54
 54
 54
 54
 36
 21
 54
 54
 53
 54
 54
 54
 54
 54
 54
 54
 36
 21
 54
 54
 21
 54
 54
 54
 54
 21
 54
 54
 54
 54
 36
 21
 54
 54
 54
 54
 54
 54
 54
 54
 54
 54
 20
 24
 54
 54
 54
 54
 54
 54
 54
 54
 54
 54
 54
 54
 20
 25
 54
 54
 54
 37
 21
 54
 21
 54
 54
 54
 36
 21
 54
 54
 54
 54
 54
 54
 21
 54
 21
 54
 54
 54
 36
 21
 54
 54
 54
 54
 21
 54
 21
 54
 54
 54
 36
 21
 54
 37
 21
 54
 54
 41
 21
 54
 54
 54
 54
 54
 36
 21
 54
 54
 54
 54
 54
 54
 54
 54
 54
 40
 20
 25
 54
 54
 21
 54
 54
 43
 21
 54
 54
 21
 54
 54
 36
 21
 54
 54
 54
 50
 54
 54
 54
 54
 54
 54
 21
 54
 54
 54
 54
 54
 54
 44
 21
 54
 45
 21
 31
 31
 20
 25
 54
 54
 54
 52
 54
 21
 54
 21
 54
 54
 21
 54
 54
 54
 54
 54
 54
 39
 21
 54
 46
 21
 31
 31
 21
 54
 54
 54
 54
 52
 54
 21
 54
 21
 54
 54
 54
 54
 54
 41
 21
 54
 54
 54
 54
 54
 47
 20
 20
 20
 21
 54
 54
 54
 54
 53
 54
 54
 54
 21
 54
 54
 54
 54
 54
 42
 21
 54
 54
 54
 54
 54
 46
 20
 20
 20
 21
 54
 54
 54
 54
 54
 54
 54
 45
 20
 20
 20
 21
 54
 54
 42
 20
 20
 20
 20
 21
 54
 48
 20
 20
 20
 21
 54
 54
 54
 54
 54
 54
 54
 46
 20
 20
 20
 21
 54
 54
 44
 20
 20
 20
 20
 21
 54
 54
 20
 20
 20
 21
 54
 54
 54
 20
 23
 23
 23
 23
 23
 23
 23
 23
 23
 23
 23
 23
 23
 23
 23
 23
 23
 23
 23
 23
 23
 24
 54
 54
 54
 54
 54
 54
 54
 54
 54
 54
 54
 54
 54
 54
 54
 54
 54
 54
 54
 54
 54
 54
 54
 54
 54
 54
 54
 54
 54
 54
 54
 54
 54
 54
 54
 54
 54
 54
 54
 54
 54
 54
 54
 54
 54
 54
 54
 54
 54
 54
 54
 54
 54
 54
 54
