 64
 16
 20
 23
 23
 23
 23
 23
 23
 23
 23
 23
 23
 23
 23
 23
 24
 54
 54
 54
 54
 54
 54
 54
 54
 54
 54
 38
 22
 54
 54
 54
 36
 21
 54
 54
 54
 54
 50
 54
 54
 54
 54
 54
 54
 54
 54
 54
 54
 36
 21
 54
 54
 54
 54
 52
 54
 54
 54
 54
 54
 54
 54
 54
 54
 54
 36
 21
 54
 54
 54
 54
 51
 54
 54
 54
 54
 41
 22
 54
 22
 54
 54
 36
 21
 54
 54
 54
 54
 51
 54
 54
 54
 54
 20
 25
 54
 21
 54
 54
 36
 21
 54
 54
 54
 54
 53
 54
 54
 41
 20
 26
 54
 40
 21
 54
 54
 36
 21
 54
 54
 54
 54
 54
 54
 54
 20
 26
 54
 54
 54
 22
 54
 54
 36
 21
 54
 54
 54
 54
 54
 37
 20
 26
 54
 50
 54
 54
 54
 54
 54
 36
 21
 54
 54
 54
 54
 54
 54
 21
 54
 54
 52
 54
 54
 54
 54
 54
 36
 21
 54
 54
 54
 54
 54
 30
 21
 54
 54
 51
 54
 54
 54
 54
 54
 36
 21
 54
 54
 54
 54
 54
 54
 22
 54
 54
 53
 54
 54
 22
 54
 54
 36
 21
 54
 54
 54
 54
 54
 54
 54
 54
 54
 54
 54
 54
 21
 54
 54
 36
 21
 54
 54
 54
 20
 23
 23
 23
 23
 23
 24
 54
 45
 21
 54
 54
 36
 21
 54
 54
 54
 54
 54
 54
 21
 54
 54
 54
 54
 46
 20
 25
 54
 36
 21
 54
 54
 54
 54
 54
 54
 21
 54
 54
 54
 54
 48
 20
 24
 54
 36
 21
 54
 54
 54
 54
 54
 30
 21
 54
 54
 54
 22
 54
 54
 21
 54
 36
 21
 54
 54
 54
 54
 54
 54
 21
 54
 54
 29
 21
 54
 38
 22
 54
 36
 21
 54
 54
 54
 54
 54
 45
 21
 54
 54
 54
 21
 54
 54
 54
 54
 36
 21
 54
 54
 54
 54
 54
 47
 20
 23
 23
 23
 21
 54
 54
 54
 54
 36
 21
 54
 54
 50
 54
 54
 48
 20
 20
 20
 20
 21
 54
 54
 54
 54
 36
 21
 54
 54
 52
 54
 54
 54
 20
 20
 20
 20
 21
 54
 54
 22
 54
 36
 21
 54
 54
 52
 54
 54
 54
 20
 20
 20
 20
 21
 54
 54
 20
 23
 23
 24
 54
 54
 53
 54
 54
 54
 20
 23
 23
 23
 21
 30
 30
 31
 31
 31
 21
 54
 54
 54
 54
 54
 54
 21
 54
 54
 54
 22
 54
 54
 54
 54
 41
 21
 54
 54
 54
 54
 20
 23
 24
 54
 54
 54
 54
 54
 54
 54
 54
 42
 21
 54
 54
 54
 54
 54
 20
 25
 54
 50
 54
 54
 54
 54
 54
 54
 44
 21
 54
 54
 54
 54
 38
 21
 54
 54
 51
 54
 54
 54
 54
 54
 54
 30
 21
 54
 54
 54
 54
 54
 22
 54
 54
 52
 54
 54
 54
 54
 54
 54
 54
 21
 54
 54
 54
 54
 54
 54
 54
 54
 53
 54
 54
 54
 54
 54
 54
 54
 21
 54
 54
 54
 1
 54
 54
 54
 54
 54
 54
 54
 54
 54
 54
 54
 54
 21
 54
 54
 54
 28
 20
 23
 23
 23
 23
 23
 23
 23
 23
 23
 23
 23
 24
 54
 54
 54
 7
 54
 54
 54
 54
 54
 54
 54
 54
 54
 54
 54
 42
 21
 54
 54
 54
 54
 54
 54
 54
 54
 54
 54
 54
 50
 54
 54
 54
 43
 21
 54
 54
 54
 54
 54
 22
 54
 54
 54
 54
 54
 52
 54
 54
 54
 44
 21
 54
 54
 50
 54
 54
 21
 54
 54
 54
 54
 54
 52
 54
 54
 54
 30
 21
 54
 54
 51
 54
 45
 20
 25
 54
 54
 54
 54
 53
 54
 54
 54
 54
 21
 54
 54
 51
 54
 20
 23
 24
 54
 54
 54
 54
 54
 54
 54
 54
 40
 21
 54
 54
 53
 54
 54
 38
 21
 54
 54
 54
 22
 54
 54
 54
 54
 54
 21
 54
 54
 54
 54
 54
 54
 20
 23
 23
 23
 21
 30
 30
 31
 31
 31
 21
 54
 54
 54
 54
 54
 41
 20
 20
 20
 20
 21
 54
 54
 20
 23
 23
 24
 54
 54
 54
 54
 54
 42
 20
 20
 20
 20
 21
 54
 54
 22
 54
 36
 21
 54
 54
 54
 54
 54
 43
 20
 20
 20
 20
 21
 54
 54
 54
 54
 36
 21
 54
 54
 54
 50
 54
 43
 20
 23
 23
 23
 21
 54
 54
 54
 54
 36
 21
 54
 54
 54
 51
 54
 44
 21
 54
 54
 46
 21
 54
 54
 54
 54
 36
 21
 54
 54
 54
 52
 54
 54
 21
 54
 54
 47
 21
 54
 41
 22
 54
 36
 21
 54
 54
 54
 52
 54
 30
 21
 54
 54
 48
 22
 54
 42
 21
 54
 36
 21
 54
 54
 54
 53
 54
 54
 21
 54
 54
 54
 54
 54
 20
 24
 54
 36
 21
 54
 54
 54
 54
 54
 54
 21
 54
 54
 54
 54
 54
 20
 25
 54
 36
 21
 54
 54
 54
 20
 23
 23
 23
 23
 23
 24
 54
 54
 21
 54
 54
 36
 21
 54
 54
 54
 54
 54
 54
 54
 54
 54
 54
 54
 38
 21
 54
 54
 36
 21
 54
 54
 54
 54
 54
 54
 22
 54
 54
 54
 54
 54
 22
 54
 54
 36
 21
 54
 54
 54
 54
 54
 30
 21
 54
 54
 54
 54
 54
 54
 54
 54
 36
 21
 54
 54
 54
 54
 54
 54
 21
 54
 54
 54
 54
 54
 54
 54
 54
 36
 21
 54
 54
 54
 54
 54
 54
 20
 27
 54
 54
 54
 54
 54
 54
 54
 36
 21
 54
 54
 54
 50
 54
 54
 54
 20
 27
 54
 54
 41
 22
 54
 54
 36
 21
 54
 54
 54
 51
 54
 54
 54
 44
 20
 27
 54
 42
 21
 54
 54
 36
 21
 54
 54
 54
 52
 54
 54
 54
 54
 48
 20
 25
 43
 21
 54
 54
 36
 21
 54
 54
 54
 52
 54
 54
 54
 54
 54
 54
 22
 44
 22
 54
 54
 36
 21
 54
 54
 54
 53
 54
 54
 54
 54
 54
 54
 54
 54
 54
 54
 54
 36
 21
 54
 54
 54
 54
 54
 54
 54
 54
 54
 54
 54
 54
 54
 54
 54
 36
 21
 54
 54
 54
 54
 54
 54
 54
 54
 54
 54
 54
 22
 54
 54
 54
 36
 21
 54
 54
 20
 23
 23
 23
 23
 23
 23
 23
 23
 23
 23
 23
 23
 23
 24
 54
 54
 54
 54
 54
 54
 54
 54
 54
 54
 54
 54
 54
 54
 54
 54
 54
 54
 54
 54
 54
 54
 54
 54
 54
 54
 54
 54
 54
 54
 54
 54
 54
 54
 54
 54
