 30
 33
 20
 23
 23
 23
 23
 23
 23
 23
 23
 23
 23
 23
 23
 23
 23
 23
 23
 23
 23
 23
 23
 23
 23
 23
 23
 23
 23
 23
 23
 23
 24
 54
 54
 54
 54
 54
 54
 20
 27
 54
 54
 54
 54
 54
 54
 20
 24
 54
 54
 54
 54
 54
 54
 54
 54
 54
 20
 27
 54
 54
 54
 54
 54
 42
 21
 54
 54
 54
 54
 54
 54
 54
 20
 27
 54
 54
 54
 54
 21
 54
 20
 27
 54
 54
 54
 54
 54
 54
 41
 21
 54
 20
 27
 54
 54
 54
 54
 43
 21
 54
 54
 54
 50
 54
 54
 54
 43
 21
 54
 54
 37
 20
 26
 54
 54
 20
 27
 54
 54
 54
 54
 54
 20
 26
 54
 54
 20
 27
 54
 54
 54
 43
 21
 54
 54
 54
 51
 54
 54
 54
 44
 21
 54
 54
 20
 26
 54
 54
 54
 46
 21
 54
 54
 54
 54
 20
 26
 54
 54
 54
 39
 20
 27
 54
 54
 44
 21
 54
 54
 54
 51
 54
 54
 54
 54
 21
 54
 54
 21
 54
 54
 54
 54
 47
 21
 54
 54
 54
 54
 21
 54
 54
 54
 54
 54
 54
 20
 27
 54
 54
 21
 54
 54
 54
 52
 54
 54
 54
 54
 20
 27
 54
 21
 54
 54
 54
 54
 47
 20
 20
 20
 20
 20
 21
 54
 54
 54
 54
 54
 54
 54
 20
 27
 54
 21
 54
 54
 54
 53
 54
 54
 39
 21
 54
 20
 27
 21
 54
 54
 54
 54
 48
 20
 20
 20
 20
 20
 21
 54
 54
 54
 54
 54
 54
 54
 48
 20
 27
 21
 54
 54
 54
 54
 54
 54
 20
 26
 54
 54
 20
 21
 54
 54
 54
 54
 54
 21
 54
 54
 21
 54
 22
 54
 54
 54
 54
 54
 54
 54
 54
 54
 20
 21
 54
 54
 54
 54
 54
 20
 26
 54
 54
 54
 54
 20
 27
 54
 54
 54
 54
 21
 54
 54
 21
 54
 54
 54
 54
 54
 22
 54
 54
 54
 54
 54
 54
 21
 54
 54
 54
 54
 54
 21
 54
 54
 54
 54
 54
 44
 20
 27
 54
 54
 20
 26
 54
 41
 21
 54
 54
 54
 37
 22
 54
 22
 54
 54
 54
 54
 54
 21
 54
 54
 54
 54
 37
 21
 54
 54
 54
 54
 54
 54
 54
 21
 54
 20
 21
 54
 54
 43
 21
 54
 54
 54
 22
 54
 54
 54
 22
 54
 22
 54
 54
 21
 54
 54
 54
 54
 54
 21
 54
 54
 54
 54
 54
 54
 54
 54
 20
 26
 21
 54
 54
 43
 21
 54
 54
 54
 54
 22
 54
 22
 54
 22
 54
 22
 54
 21
 54
 54
 54
 54
 54
 21
 54
 54
 54
 54
 54
 54
 45
 20
 26
 54
 21
 54
 54
 42
 21
 54
 54
 54
 54
 54
 22
 54
 54
 54
 22
 54
 45
 21
 54
 54
 54
 50
 54
 20
 23
 24
 54
 54
 54
 54
 20
 26
 54
 54
 21
 54
 54
 43
 21
 54
 54
 54
 54
 54
 54
 54
 54
 22
 54
 22
 46
 21
 54
 54
 54
 52
 54
 22
 36
 21
 54
 54
 54
 54
 21
 54
 54
 54
 21
 54
 54
 44
 21
 54
 54
 54
 54
 22
 54
 54
 54
 54
 22
 54
 48
 21
 54
 54
 54
 53
 54
 54
 36
 21
 54
 54
 54
 29
 21
 54
 54
 54
 22
 54
 22
 54
 22
 54
 54
 54
 22
 54
 54
 54
 40
 22
 54
 22
 54
 21
 54
 54
 54
 54
 54
 22
 36
 21
 54
 54
 54
 54
 22
 54
 54
 54
 38
 22
 54
 22
 54
 54
 54
 22
 54
 54
 54
 54
 54
 54
 22
 54
 54
 20
 24
 54
 54
 54
 54
 54
 36
 21
 54
 31
 54
 31
 54
 54
 54
 54
 54
 54
 54
 54
 54
 54
 22
 54
 54
 54
 54
 54
 54
 54
 54
 54
 54
 36
 21
 54
 54
 54
 38
 22
 36
 21
 54
 54
 54
 54
 54
 31
 54
 54
 54
 54
 54
 54
 54
 22
 54
 54
 54
 54
 54
 54
 54
 54
 54
 54
 54
 36
 21
 54
 54
 54
 54
 54
 36
 21
 54
 31
 54
 54
 31
 54
 54
 54
 54
 54
 54
 54
 22
 54
 54
 54
 54
 54
 54
 54
 54
 54
 54
 54
 54
 36
 21
 54
 54
 54
 54
 22
 36
 21
 54
 54
 31
 31
 54
 54
 54
 54
 54
 54
 54
 54
 21
 54
 54
 54
 54
 54
 54
 54
 54
 54
 54
 54
 54
 36
 21
 54
 54
 54
 54
 54
 36
 21
 54
 54
 54
 54
 31
 54
 31
 54
 54
 54
 54
 54
 22
 54
 54
 54
 54
 54
 54
 54
 54
 54
 54
 54
 54
 36
 21
 54
 54
 54
 54
 22
 36
 21
 54
 31
 54
 31
 54
 54
 31
 54
 54
 54
 54
 54
 54
 54
 54
 54
 54
 54
 54
 54
 54
 54
 20
 23
 23
 23
 24
 54
 54
 54
 54
 54
 36
 21
 54
 54
 54
 31
 31
 54
 54
 54
 54
 54
 30
 30
 30
 30
 30
 30
 30
 30
 30
 21
 54
 54
 21
 54
 54
 54
 54
 54
 54
 54
 54
 22
 36
 21
 54
 54
 31
 54
 54
 31
 54
 54
 54
 54
 54
 54
 54
 22
 54
 54
 54
 54
 54
 21
 54
 37
 21
 54
 54
 54
 54
 54
 54
 54
 41
 20
 23
 24
 54
 54
 54
 54
 31
 54
 54
 54
 54
 54
 54
 54
 54
 21
 54
 54
 54
 54
 54
 21
 54
 54
 21
 54
 54
 54
 54
 54
 54
 54
 42
 20
 20
 20
 20
 20
 20
 20
 20
 20
 20
 20
 20
 20
 20
 20
 20
 21
 54
 54
 54
 54
 1
 21
 54
 5
 21
 54
 54
 54
 54
 54
 54
 20
 23
 23
 23
 23
 23
 23
 23
 23
 23
 23
 23
 23
 23
 23
 23
 23
 23
 23
 23
 23
 23
 23
 23
 23
 23
 23
 24
 54
 54
 54
 54
 54
 54
 54
 54
 54
 54
 54
 54
 54
 54
 54
 54
 54
 54
 54
 54
 54
 54
 54
 54
 54
 54
 54
 54
 54
 54
 54
 54
 54
 54
 54
 54
 54
 54
 54
 54
 54
 54
 54
 54
 54
 54
 54
 54
 54
 54
 54
 54
 54
 54
 54
 54
 54
 54
 54
 54
 54
 54
 54
 54
 54
 54
 54
 54
 54
 54
 54
 54
 54
 54
