 21
 8
 20
 23
 23
 23
 23
 23
 23
 24
 54
 54
 54
 54
 54
 54
 20
 23
 24
 54
 54
 54
 54
 54
 54
 48
 20
 24
 54
 31
 31
 22
 54
 54
 54
 54
 21
 54
 31
 31
 21
 54
 50
 54
 39
 21
 54
 54
 54
 21
 54
 51
 54
 54
 21
 54
 54
 38
 21
 54
 51
 54
 41
 21
 54
 54
 1
 21
 54
 53
 54
 42
 21
 54
 54
 54
 21
 54
 54
 54
 43
 21
 54
 20
 23
 24
 54
 20
 23
 23
 24
 54
 20
 23
 24
 38
 20
 23
 23
 24
 54
 54
 54
 21
 54
 54
 54
 54
 21
 54
 54
 7
 21
 54
 50
 54
 45
 21
 54
 54
 54
 21
 54
 52
 54
 46
 21
 54
 54
 40
 21
 54
 53
 54
 47
 21
 54
 31
 31
 21
 54
 54
 54
 48
 21
 54
 31
 31
 22
 54
 54
 54
 54
 21
 54
 54
 54
 54
 54
 54
 37
 20
 24
 54
 54
 54
 54
 54
 54
 20
 23
 24
 54
 20
 23
 23
 23
 23
 23
 23
 24
 54
 54
 54
 54
 54
 54
 54
 54
 54
 54
 54
 54
 54
 54
 54
 54
 54
 54
 54
