 33
 20
 20
 23
 23
 23
 23
 23
 23
 23
 23
 23
 23
 23
 23
 23
 23
 23
 23
 23
 24
 54
 54
 54
 54
 43
 20
 20
 21
 54
 54
 54
 36
 21
 54
 54
 38
 21
 54
 54
 36
 21
 54
 54
 50
 54
 44
 21
 54
 21
 49
 54
 54
 54
 21
 54
 54
 7
 21
 54
 54
 36
 21
 54
 54
 51
 54
 54
 20
 23
 21
 54
 54
 54
 29
 21
 54
 54
 54
 21
 54
 54
 36
 21
 54
 54
 51
 54
 54
 49
 54
 21
 31
 31
 31
 31
 21
 54
 54
 30
 21
 54
 54
 36
 21
 54
 54
 52
 54
 54
 20
 23
 24
 31
 31
 31
 31
 22
 54
 54
 54
 21
 54
 54
 36
 21
 54
 54
 53
 54
 30
 21
 54
 21
 54
 54
 54
 54
 54
 54
 54
 54
 22
 54
 54
 36
 21
 54
 54
 54
 54
 54
 21
 41
 21
 54
 54
 54
 54
 54
 54
 54
 54
 54
 54
 54
 36
 21
 54
 54
 54
 54
 37
 21
 42
 21
 54
 54
 54
 54
 22
 54
 54
 54
 54
 54
 54
 54
 21
 54
 54
 39
 20
 23
 24
 43
 21
 54
 54
 54
 45
 21
 54
 50
 54
 54
 54
 54
 38
 21
 54
 54
 54
 54
 22
 54
 44
 21
 54
 54
 54
 46
 21
 54
 51
 54
 54
 54
 54
 54
 21
 54
 54
 50
 54
 54
 54
 54
 20
 27
 54
 54
 48
 21
 54
 51
 54
 54
 54
 54
 20
 21
 54
 54
 52
 54
 22
 54
 54
 48
 20
 27
 54
 54
 21
 54
 52
 54
 54
 54
 21
 54
 21
 54
 54
 52
 54
 54
 54
 54
 54
 54
 21
 54
 38
 22
 54
 53
 54
 54
 54
 21
 54
 21
 54
 54
 53
 54
 22
 54
 54
 54
 31
 21
 54
 54
 54
 54
 54
 54
 54
 45
 21
 54
 21
 54
 54
 54
 54
 54
 54
 54
 31
 54
 21
 54
 50
 54
 54
 54
 54
 54
 46
 21
 54
 21
 54
 54
 54
 37
 22
 54
 31
 54
 31
 21
 54
 51
 54
 54
 54
 54
 54
 20
 26
 41
 21
 54
 54
 54
 54
 54
 54
 54
 54
 31
 21
 54
 52
 54
 54
 54
 37
 20
 26
 54
 42
 21
 54
 54
 54
 54
 22
 54
 54
 31
 54
 21
 54
 53
 54
 54
 41
 20
 26
 54
 54
 43
 21
 54
 54
 54
 54
 21
 54
 31
 54
 31
 21
 54
 54
 54
 54
 20
 26
 54
 54
 54
 42
 21
 54
 54
 54
 54
 21
 54
 31
 54
 31
 21
 54
 54
 54
 54
 21
 54
 54
 54
 54
 20
 24
 54
 54
 54
 2
 21
 31
 54
 31
 54
 21
 31
 31
 31
 31
 21
 54
 54
 45
 20
 26
 21
 54
 54
 50
 54
 21
 31
 54
 54
 31
 21
 54
 54
 54
 54
 21
 54
 54
 20
 26
 36
 21
 54
 54
 51
 54
 22
 54
 54
 54
 54
 21
 54
 54
 54
 20
 26
 54
 54
 21
 54
 36
 21
 54
 54
 51
 54
 54
 54
 54
 54
 37
 21
 54
 29
 21
 31
 54
 54
 30
 22
 54
 36
 21
 54
 54
 53
 54
 54
 54
 54
 54
 54
 21
 54
 21
 31
 31
 54
 54
 54
 54
 54
 36
 21
 54
 54
 54
 41
 20
 20
 20
 20
 20
 20
 21
 54
 31
 31
 54
 54
 54
 54
 54
 54
 21
 54
 54
 54
 42
 20
 20
 20
 20
 20
 20
 21
 54
 31
 31
 54
 54
 31
 54
 54
 54
 21
 54
 54
 54
 43
 21
 54
 54
 54
 54
 47
 21
 54
 31
 31
 54
 31
 31
 54
 54
 54
 21
 54
 54
 54
 44
 21
 54
 54
 54
 54
 48
 21
 54
 54
 54
 31
 31
 31
 54
 54
 30
 21
 54
 54
 54
 54
 21
 54
 54
 54
 54
 54
 21
 54
 54
 54
 31
 31
 31
 54
 49
 54
 21
 54
 54
 20
 23
 23
 23
 23
 23
 23
 23
 23
 23
 23
 23
 23
 23
 23
 23
 23
 23
 24
 54
 54
 54
 54
 54
 54
 54
 54
 54
 54
 54
 54
 54
 54
 54
 54
 54
 54
 54
 54
 54
 54
 54
 54
 54
 54
 54
 54
 54
 54
 54
 54
 54
 54
 54
 54
 54
 54
 54
 54
 54
 54
 54
 54
