 44
 33
 20
 23
 23
 23
 23
 23
 23
 23
 23
 23
 23
 23
 23
 23
 23
 23
 23
 23
 23
 23
 23
 23
 23
 23
 23
 23
 23
 23
 23
 23
 23
 25
 54
 54
 54
 54
 54
 54
 21
 54
 54
 54
 54
 21
 54
 54
 38
 21
 54
 54
 54
 21
 54
 54
 40
 21
 54
 54
 54
 54
 54
 54
 54
 54
 36
 22
 54
 54
 50
 54
 54
 54
 20
 27
 54
 54
 54
 54
 54
 54
 54
 54
 54
 54
 54
 54
 54
 54
 54
 54
 54
 54
 54
 54
 54
 54
 54
 54
 36
 22
 54
 54
 51
 54
 54
 54
 54
 20
 27
 54
 21
 54
 21
 54
 21
 54
 21
 54
 21
 54
 21
 54
 21
 54
 21
 54
 54
 50
 54
 54
 54
 54
 36
 22
 54
 54
 52
 54
 54
 54
 54
 20
 20
 27
 21
 54
 21
 54
 21
 54
 21
 54
 21
 54
 21
 54
 21
 54
 21
 54
 54
 51
 54
 54
 54
 54
 36
 22
 54
 54
 53
 54
 54
 54
 20
 26
 54
 20
 21
 54
 54
 54
 54
 54
 54
 54
 54
 54
 54
 54
 54
 54
 54
 54
 54
 51
 54
 54
 54
 54
 36
 22
 54
 54
 54
 54
 54
 20
 26
 54
 54
 54
 21
 54
 54
 21
 54
 54
 54
 21
 54
 54
 37
 21
 54
 54
 21
 54
 54
 53
 54
 54
 54
 54
 36
 22
 54
 54
 54
 54
 20
 26
 54
 54
 54
 54
 20
 23
 23
 23
 23
 23
 23
 24
 54
 54
 54
 54
 54
 54
 21
 54
 54
 54
 54
 54
 54
 54
 36
 22
 54
 54
 54
 37
 21
 54
 54
 54
 54
 41
 21
 54
 54
 54
 54
 54
 54
 54
 54
 54
 54
 54
 54
 54
 54
 54
 54
 54
 54
 54
 54
 54
 36
 22
 54
 54
 54
 54
 21
 54
 54
 54
 54
 43
 21
 54
 54
 54
 21
 54
 50
 54
 54
 54
 54
 54
 54
 54
 21
 54
 54
 54
 54
 54
 54
 54
 36
 22
 54
 54
 54
 49
 21
 54
 54
 54
 54
 42
 21
 54
 54
 49
 21
 54
 51
 54
 54
 54
 54
 54
 54
 39
 21
 54
 54
 54
 54
 54
 54
 54
 36
 22
 54
 54
 54
 30
 20
 23
 23
 23
 23
 23
 23
 23
 23
 23
 24
 54
 51
 54
 54
 21
 54
 54
 54
 54
 54
 54
 54
 54
 54
 54
 54
 54
 36
 22
 54
 54
 54
 54
 54
 54
 21
 54
 54
 54
 21
 54
 54
 54
 21
 54
 53
 54
 54
 21
 54
 54
 54
 54
 54
 54
 54
 54
 54
 54
 54
 54
 36
 22
 54
 54
 54
 54
 54
 54
 20
 27
 54
 20
 20
 27
 54
 20
 20
 27
 54
 54
 41
 20
 23
 23
 23
 23
 23
 23
 23
 23
 23
 23
 23
 24
 36
 22
 54
 54
 54
 54
 54
 54
 54
 20
 20
 26
 54
 20
 20
 26
 54
 20
 27
 54
 42
 21
 54
 54
 20
 20
 20
 20
 20
 20
 20
 20
 20
 21
 36
 22
 54
 54
 50
 54
 54
 54
 54
 54
 21
 54
 54
 40
 21
 54
 54
 54
 21
 54
 42
 21
 54
 54
 20
 20
 20
 20
 20
 20
 20
 20
 20
 21
 36
 22
 54
 54
 51
 54
 54
 54
 54
 30
 20
 23
 23
 23
 23
 23
 24
 54
 21
 54
 43
 20
 23
 23
 20
 23
 23
 23
 23
 23
 23
 23
 23
 21
 36
 22
 54
 54
 52
 54
 54
 54
 54
 54
 54
 54
 54
 54
 54
 54
 21
 54
 21
 54
 44
 20
 20
 20
 21
 54
 54
 54
 54
 54
 54
 54
 42
 21
 36
 22
 54
 54
 51
 54
 54
 54
 54
 54
 54
 54
 54
 54
 54
 54
 21
 54
 21
 54
 54
 20
 20
 20
 21
 54
 54
 54
 54
 54
 54
 54
 44
 21
 36
 22
 54
 54
 53
 54
 54
 54
 54
 54
 54
 54
 22
 54
 54
 41
 21
 54
 20
 23
 23
 23
 23
 23
 24
 54
 54
 54
 54
 54
 54
 54
 54
 54
 36
 22
 54
 54
 54
 54
 54
 54
 54
 54
 54
 54
 21
 54
 54
 42
 21
 54
 21
 54
 54
 54
 54
 54
 21
 54
 20
 23
 23
 23
 23
 24
 54
 54
 36
 22
 54
 54
 54
 54
 54
 54
 54
 54
 54
 54
 21
 54
 54
 42
 21
 54
 21
 54
 20
 23
 24
 54
 21
 54
 21
 54
 54
 54
 54
 21
 54
 54
 36
 22
 54
 54
 54
 54
 30
 22
 54
 54
 54
 45
 21
 54
 54
 43
 21
 54
 21
 1
 21
 7
 21
 54
 21
 54
 21
 54
 54
 54
 20
 20
 27
 54
 36
 22
 54
 54
 54
 54
 54
 21
 54
 54
 54
 46
 21
 54
 54
 42
 21
 54
 20
 23
 24
 54
 21
 54
 21
 54
 21
 54
 54
 20
 26
 54
 20
 27
 36
 22
 54
 54
 54
 54
 49
 21
 54
 54
 54
 47
 21
 54
 54
 44
 21
 54
 20
 27
 54
 20
 26
 54
 21
 54
 21
 54
 54
 21
 54
 54
 54
 21
 36
 22
 54
 54
 54
 54
 54
 21
 54
 54
 54
 47
 21
 54
 54
 54
 21
 54
 54
 20
 20
 26
 54
 54
 21
 41
 21
 54
 45
 21
 54
 54
 54
 21
 36
 22
 54
 54
 54
 54
 30
 22
 54
 54
 54
 48
 21
 54
 54
 54
 21
 54
 54
 54
 21
 54
 54
 20
 26
 42
 21
 54
 46
 21
 54
 54
 54
 54
 36
 22
 54
 54
 54
 54
 54
 54
 54
 54
 54
 54
 21
 54
 54
 20
 20
 23
 23
 23
 26
 54
 20
 26
 54
 43
 21
 54
 47
 21
 54
 54
 54
 21
 36
 22
 54
 54
 54
 54
 54
 54
 50
 54
 54
 54
 20
 27
 20
 26
 20
 27
 54
 54
 54
 20
 26
 54
 54
 42
 21
 54
 48
 21
 54
 54
 54
 54
 36
 22
 54
 54
 54
 54
 54
 54
 51
 54
 54
 54
 54
 20
 21
 54
 54
 20
 27
 54
 20
 26
 54
 54
 54
 44
 22
 54
 54
 21
 54
 54
 37
 21
 36
 22
 54
 54
 54
 54
 54
 54
 53
 54
 54
 54
 54
 54
 21
 54
 54
 54
 20
 20
 26
 54
 30
 21
 54
 54
 54
 54
 20
 24
 54
 54
 54
 54
 36
 22
 54
 54
 54
 54
 54
 54
 54
 54
 54
 54
 54
 54
 21
 54
 54
 54
 54
 21
 54
 54
 54
 21
 54
 54
 54
 20
 26
 21
 54
 54
 54
 21
 36
 22
 54
 54
 54
 50
 54
 54
 54
 54
 54
 54
 54
 54
 20
 23
 23
 23
 23
 24
 54
 54
 49
 21
 54
 54
 20
 26
 40
 21
 54
 54
 54
 21
 54
 22
 54
 54
 54
 52
 54
 54
 54
 54
 54
 54
 54
 31
 21
 54
 54
 54
 54
 21
 54
 54
 54
 21
 54
 20
 26
 54
 54
 21
 54
 54
 54
 20
 27
 22
 54
 54
 54
 52
 54
 54
 54
 54
 54
 54
 31
 31
 21
 54
 54
 54
 39
 21
 54
 54
 54
 21
 54
 21
 54
 21
 54
 21
 54
 54
 54
 54
 20
 24
 54
 54
 54
 53
 54
 54
 54
 54
 54
 31
 31
 31
 21
 54
 54
 54
 54
 20
 23
 23
 23
 23
 23
 24
 49
 21
 30
 22
 54
 54
 54
 54
 54
 21
 54
 54
 54
 54
 54
 54
 54
 54
 31
 31
 31
 31
 21
 54
 54
 54
 49
 21
 54
 54
 54
 54
 38
 20
 23
 24
 54
 54
 54
 54
 54
 54
 40
 21
 54
 54
 54
 54
 54
 54
 54
 31
 31
 31
 31
 31
 21
 54
 54
 54
 20
 24
 54
 54
 54
 54
 54
 54
 54
 54
 54
 54
 54
 54
 54
 54
 36
 21
 54
 54
 54
 54
 54
 54
 31
 31
 31
 31
 31
 31
 21
 54
 54
 20
 24
 54
 54
 54
 54
 54
 54
 54
 54
 54
 54
 54
 54
 36
 21
 54
 36
 21
 54
 54
 54
 54
 54
 31
 31
 31
 31
 31
 31
 31
 20
 23
 23
 24
 54
 54
 54
 54
 54
 54
 54
 54
 54
 36
 21
 54
 54
 36
 21
 54
 36
 21
 54
 54
 54
 54
 31
 31
 31
 31
 31
 31
 31
 31
 21
 54
 54
 54
 54
 54
 54
 54
 54
 36
 21
 54
 54
 36
 21
 54
 54
 36
 21
 54
 36
 21
 54
 54
 54
 54
 54
 54
 54
 54
 54
 54
 54
 54
 54
 54
 54
 54
 54
 36
 21
 54
 54
 36
 21
 54
 54
 36
 21
 54
 54
 36
 21
 54
 36
 21
 54
 54
 20
 23
 23
 23
 23
 23
 23
 23
 23
 23
 23
 23
 23
 23
 23
 23
 23
 23
 23
 23
 23
 23
 23
 23
 23
 23
 23
 23
 23
 23
 23
 24
 54
 54
 54
 54
 54
 54
 54
 54
 54
 54
 54
 54
 54
 54
 54
 54
 54
 54
 54
 54
 54
 54
 54
 54
 54
 54
 54
 54
 54
 54
 54
 54
 54
 54
 54
 54
 54
 54
 54
 54
 54
 54
 54
 54
 54
 54
 54
 54
 54
 54
 54
 54
 54
 54
 54
 54
 54
 54
 54
 54
 54
 54
 54
 54
 54
 54
 54
 54
 54
 54
