 21
 64
 20
 23
 23
 23
 23
 23
 23
 23
 23
 23
 23
 23
 23
 23
 23
 23
 23
 23
 23
 23
 23
 23
 23
 23
 23
 23
 23
 23
 23
 23
 23
 23
 23
 23
 23
 23
 23
 23
 23
 23
 23
 23
 23
 23
 23
 23
 23
 23
 23
 23
 23
 23
 23
 23
 23
 23
 23
 23
 23
 23
 23
 23
 24
 54
 54
 54
 54
 47
 20
 25
 54
 54
 43
 21
 54
 54
 54
 22
 22
 22
 22
 54
 54
 54
 54
 54
 49
 21
 54
 54
 54
 54
 54
 54
 54
 54
 54
 21
 22
 22
 54
 54
 54
 54
 54
 54
 54
 22
 22
 54
 22
 22
 22
 54
 54
 54
 54
 54
 54
 54
 54
 54
 54
 54
 54
 54
 36
 21
 54
 54
 54
 54
 48
 21
 54
 54
 54
 44
 22
 54
 54
 22
 54
 54
 54
 54
 54
 54
 54
 22
 54
 54
 21
 54
 54
 41
 22
 54
 54
 54
 54
 54
 21
 54
 54
 54
 54
 54
 54
 54
 54
 22
 54
 54
 22
 54
 54
 54
 22
 54
 54
 54
 37
 22
 54
 54
 54
 54
 54
 54
 54
 36
 21
 54
 54
 50
 54
 54
 22
 54
 54
 54
 54
 54
 54
 37
 20
 27
 54
 54
 54
 22
 54
 39
 21
 54
 20
 21
 54
 54
 42
 21
 54
 54
 54
 40
 20
 25
 54
 54
 22
 54
 54
 54
 54
 54
 21
 54
 54
 21
 54
 54
 37
 21
 54
 54
 54
 54
 21
 54
 54
 54
 54
 54
 54
 54
 36
 21
 54
 54
 51
 54
 54
 54
 22
 54
 41
 22
 54
 54
 54
 54
 20
 27
 54
 38
 20
 27
 54
 20
 20
 26
 20
 27
 54
 43
 20
 23
 23
 27
 54
 21
 54
 54
 41
 21
 54
 54
 54
 37
 20
 21
 54
 49
 20
 23
 23
 23
 21
 54
 54
 54
 49
 20
 23
 23
 27
 54
 54
 54
 54
 36
 21
 54
 54
 51
 54
 54
 54
 20
 22
 43
 21
 54
 22
 54
 20
 20
 24
 54
 54
 43
 21
 20
 21
 54
 54
 54
 20
 27
 44
 21
 54
 54
 20
 27
 22
 54
 54
 42
 20
 20
 27
 54
 20
 26
 21
 54
 45
 21
 54
 54
 54
 20
 27
 54
 54
 54
 21
 54
 54
 20
 20
 27
 54
 54
 36
 21
 54
 54
 53
 54
 22
 54
 54
 21
 44
 21
 54
 21
 54
 21
 54
 21
 54
 54
 44
 21
 20
 22
 54
 54
 54
 54
 21
 54
 22
 54
 54
 54
 20
 27
 54
 54
 44
 21
 54
 20
 20
 26
 54
 22
 54
 46
 21
 54
 54
 54
 54
 20
 27
 54
 54
 22
 54
 54
 54
 54
 21
 54
 54
 36
 21
 54
 54
 54
 54
 21
 54
 54
 20
 27
 21
 54
 20
 20
 26
 54
 21
 54
 54
 54
 21
 54
 54
 54
 54
 22
 54
 22
 54
 54
 54
 54
 54
 54
 21
 54
 54
 38
 22
 54
 54
 21
 54
 54
 54
 54
 48
 22
 54
 54
 54
 54
 54
 21
 54
 54
 54
 54
 22
 54
 5
 21
 54
 54
 36
 21
 54
 54
 54
 54
 20
 27
 54
 54
 20
 21
 54
 21
 54
 54
 49
 21
 54
 54
 20
 24
 54
 54
 54
 54
 21
 54
 54
 22
 54
 22
 22
 22
 54
 21
 54
 54
 54
 54
 54
 54
 21
 54
 54
 54
 54
 54
 54
 54
 54
 54
 54
 54
 21
 54
 54
 54
 22
 21
 54
 54
 21
 54
 54
 36
 21
 54
 54
 54
 54
 54
 20
 27
 54
 54
 21
 54
 54
 54
 54
 54
 20
 23
 23
 20
 23
 23
 20
 23
 23
 20
 20
 23
 23
 20
 23
 23
 23
 20
 20
 23
 23
 20
 23
 23
 20
 20
 23
 20
 23
 23
 20
 23
 23
 23
 23
 23
 23
 20
 20
 23
 23
 23
 20
 23
 23
 20
 20
 23
 23
 21
 54
 54
 54
 54
 54
 49
 20
 23
 23
 20
 23
 20
 23
 23
 23
 20
 23
 23
 20
 23
 23
 20
 23
 23
 20
 20
 23
 23
 20
 23
 23
 23
 20
 20
 23
 23
 20
 23
 23
 20
 20
 23
 20
 23
 23
 20
 23
 23
 23
 23
 23
 23
 20
 20
 23
 23
 23
 20
 23
 23
 20
 20
 23
 23
 21
 54
 54
 54
 54
 54
 54
 21
 54
 54
 54
 54
 21
 54
 20
 24
 54
 22
 54
 54
 54
 54
 21
 54
 54
 54
 21
 54
 54
 20
 25
 54
 54
 21
 54
 54
 54
 21
 54
 54
 21
 54
 54
 21
 54
 54
 21
 54
 54
 54
 54
 54
 54
 54
 21
 54
 54
 54
 54
 54
 54
 54
 21
 54
 36
 21
 54
 54
 54
 54
 37
 20
 25
 54
 54
 54
 54
 21
 54
 44
 20
 27
 54
 20
 27
 54
 54
 21
 22
 54
 54
 21
 54
 54
 21
 54
 37
 20
 21
 54
 54
 54
 21
 54
 54
 21
 54
 54
 22
 54
 54
 21
 22
 54
 54
 54
 22
 54
 54
 21
 54
 54
 39
 22
 54
 54
 54
 21
 54
 36
 21
 54
 54
 54
 50
 54
 21
 54
 54
 54
 54
 20
 26
 54
 54
 54
 21
 54
 54
 20
 25
 20
 26
 21
 54
 20
 21
 54
 54
 21
 54
 54
 54
 22
 54
 54
 54
 21
 54
 54
 22
 54
 54
 54
 54
 37
 21
 20
 25
 54
 39
 21
 54
 20
 26
 54
 54
 54
 21
 54
 54
 20
 26
 54
 36
 21
 54
 54
 54
 51
 54
 22
 54
 54
 41
 20
 21
 54
 54
 54
 54
 21
 54
 54
 54
 20
 26
 45
 20
 20
 26
 21
 54
 20
 20
 25
 22
 54
 54
 54
 54
 20
 20
 25
 54
 54
 54
 54
 22
 54
 20
 25
 54
 21
 54
 54
 20
 20
 26
 54
 54
 54
 49
 20
 23
 23
 21
 54
 54
 36
 21
 54
 54
 54
 51
 54
 54
 22
 54
 20
 26
 21
 54
 54
 54
 20
 26
 54
 54
 45
 21
 54
 46
 21
 54
 54
 21
 54
 21
 54
 21
 21
 54
 54
 54
 20
 26
 54
 21
 54
 54
 54
 21
 54
 54
 21
 54
 54
 20
 20
 20
 26
 21
 54
 22
 54
 54
 54
 21
 54
 3
 21
 54
 54
 36
 21
 54
 54
 54
 52
 54
 54
 20
 23
 26
 54
 22
 54
 54
 40
 21
 54
 54
 54
 20
 26
 54
 48
 22
 54
 38
 22
 20
 26
 54
 22
 20
 23
 23
 23
 26
 54
 49
 21
 54
 54
 54
 20
 25
 54
 21
 54
 54
 21
 54
 21
 54
 21
 54
 20
 27
 54
 54
 22
 54
 54
 22
 54
 54
 36
 21
 54
 54
 54
 53
 54
 54
 22
 54
 54
 54
 54
 54
 54
 54
 22
 54
 54
 38
 22
 54
 54
 54
 54
 54
 54
 54
 22
 54
 54
 54
 21
 54
 54
 54
 54
 54
 54
 22
 54
 54
 21
 54
 20
 25
 22
 54
 54
 22
 54
 22
 54
 22
 38
 22
 21
 54
 54
 54
 22
 54
 54
 54
 54
 36
 21
 54
 54
 54
 54
 54
 54
 54
 22
 22
 22
 22
 22
 22
 22
 54
 54
 54
 54
 54
 54
 54
 54
 54
 54
 54
 54
 54
 54
 54
 54
 22
 22
 22
 22
 22
 22
 22
 54
 22
 22
 54
 54
 54
 21
 54
 54
 54
 54
 54
 45
 22
 54
 54
 54
 20
 27
 54
 37
 21
 22
 54
 54
 54
 36
 21
 54
 54
 20
 23
 23
 23
 23
 23
 23
 23
 23
 23
 23
 23
 23
 23
 23
 23
 23
 23
 23
 23
 23
 23
 23
 23
 23
 23
 23
 23
 23
 23
 23
 23
 23
 23
 23
 23
 23
 23
 23
 23
 23
 23
 23
 23
 23
 23
 23
 23
 23
 23
 23
 23
 23
 23
 23
 23
 23
 23
 23
 23
 23
 23
 24
 54
 54
 54
 54
 54
 54
 54
 54
 54
 54
 54
 54
 54
 54
 54
 54
 54
 54
 54
 54
 54
 54
 54
 54
 54
 54
 54
 54
 54
 54
 54
 54
 54
 54
 54
 54
 54
 54
 54
 54
 54
 54
 54
 54
 54
 54
 54
 54
 54
 54
 54
 54
 54
 54
 54
 54
 54
 54
 54
 54
 54
 54
 54
 54
 54
 54
 54
 54
 54
 54
 54
 54
 54
 54
 54
 54
 54
 54
 54
 54
 54
 54
 54
 54
 54
 54
 54
 54
 54
 54
 54
 54
 54
 54
 54
 54
 54
 54
 54
 54
 54
 54
 54
 54
 54
 54
 54
 54
 54
 54
 54
 54
 54
 54
 54
 54
 54
 54
 54
 54
 54
 54
 54
 54
 54
 54
 54
 54
 54
 54
 54
 54
