 26
 19
 20
 23
 23
 23
 23
 23
 23
 23
 23
 23
 23
 23
 23
 23
 23
 23
 23
 24
 54
 54
 49
 54
 21
 49
 21
 54
 54
 40
 21
 36
 21
 49
 21
 36
 21
 54
 49
 21
 54
 54
 54
 54
 21
 54
 21
 54
 21
 54
 54
 36
 21
 54
 54
 36
 21
 54
 54
 21
 54
 54
 54
 54
 21
 54
 21
 54
 21
 54
 21
 36
 21
 49
 21
 36
 21
 54
 54
 21
 54
 54
 54
 30
 20
 24
 54
 37
 21
 54
 54
 36
 20
 23
 23
 23
 21
 54
 45
 21
 54
 54
 50
 54
 54
 21
 54
 20
 21
 54
 21
 36
 21
 7
 21
 49
 21
 54
 46
 21
 54
 54
 52
 30
 30
 21
 54
 20
 21
 54
 54
 36
 21
 54
 21
 54
 21
 54
 47
 21
 54
 54
 53
 54
 54
 21
 54
 20
 21
 38
 21
 36
 21
 54
 21
 54
 21
 54
 48
 21
 54
 54
 54
 30
 30
 21
 54
 54
 21
 54
 54
 36
 21
 34
 21
 54
 21
 54
 54
 21
 54
 54
 54
 54
 54
 21
 54
 54
 21
 54
 21
 36
 21
 35
 21
 30
 21
 54
 54
 21
 54
 54
 54
 40
 20
 24
 54
 20
 24
 54
 54
 36
 21
 49
 21
 54
 54
 54
 49
 21
 54
 54
 54
 54
 21
 54
 54
 21
 54
 54
 21
 36
 21
 35
 20
 23
 23
 23
 23
 21
 54
 54
 50
 54
 21
 54
 54
 21
 54
 54
 21
 36
 21
 34
 20
 20
 20
 20
 20
 21
 54
 54
 51
 54
 21
 54
 54
 21
 54
 21
 54
 36
 21
 54
 20
 20
 20
 20
 20
 21
 54
 54
 51
 54
 21
 54
 20
 24
 54
 20
 21
 36
 21
 54
 20
 20
 20
 20
 20
 21
 54
 54
 52
 54
 49
 20
 21
 54
 54
 20
 20
 23
 24
 1
 20
 20
 20
 20
 20
 21
 54
 54
 53
 54
 21
 54
 21
 54
 37
 20
 21
 54
 20
 23
 23
 20
 20
 20
 20
 21
 54
 54
 54
 54
 21
 54
 21
 54
 20
 23
 21
 54
 21
 49
 20
 20
 20
 20
 20
 21
 54
 54
 54
 54
 21
 54
 21
 54
 20
 21
 54
 41
 21
 54
 20
 20
 20
 20
 20
 21
 54
 54
 54
 38
 21
 54
 21
 54
 20
 20
 21
 42
 21
 54
 20
 20
 20
 20
 20
 21
 54
 54
 54
 54
 54
 20
 24
 54
 20
 20
 21
 44
 21
 54
 20
 20
 20
 20
 20
 21
 54
 54
 54
 54
 41
 21
 54
 20
 20
 20
 21
 54
 21
 54
 20
 20
 20
 20
 20
 21
 54
 54
 54
 54
 43
 21
 54
 20
 21
 54
 21
 54
 21
 39
 20
 20
 20
 20
 20
 21
 54
 54
 54
 54
 44
 21
 54
 21
 54
 20
 24
 54
 54
 54
 20
 20
 20
 20
 20
 21
 54
 54
 20
 23
 23
 23
 23
 23
 23
 23
 23
 23
 23
 23
 23
 23
 23
 23
 23
 24
 54
 54
 54
 54
 54
 54
 54
 54
 54
 54
 54
 54
 54
 54
 54
 54
 54
 54
 54
 54
 54
 54
 54
 54
 54
 54
 54
 54
 54
 54
 54
 54
 54
 54
 54
 54
 54
 54
 54
 54
 54
 54
