 26
 29
 20
 23
 23
 23
 23
 23
 23
 23
 23
 23
 23
 23
 23
 23
 23
 23
 23
 23
 23
 23
 23
 23
 23
 23
 23
 23
 23
 24
 54
 54
 54
 54
 54
 54
 54
 54
 54
 54
 54
 54
 54
 54
 54
 54
 54
 54
 54
 54
 54
 54
 54
 54
 54
 54
 54
 54
 3
 21
 54
 54
 54
 50
 54
 54
 54
 54
 54
 54
 54
 54
 54
 54
 54
 54
 54
 54
 54
 54
 54
 54
 54
 54
 54
 54
 54
 54
 54
 21
 54
 54
 54
 51
 54
 54
 50
 54
 54
 54
 54
 54
 54
 54
 54
 54
 54
 54
 54
 54
 54
 54
 36
 20
 23
 23
 27
 54
 54
 21
 54
 54
 54
 51
 54
 54
 51
 54
 54
 49
 20
 23
 23
 23
 23
 23
 23
 23
 23
 23
 23
 23
 23
 26
 54
 54
 20
 27
 49
 21
 54
 54
 54
 53
 54
 54
 52
 54
 54
 20
 20
 20
 20
 20
 20
 20
 20
 20
 20
 20
 20
 21
 54
 54
 54
 54
 54
 21
 54
 21
 54
 54
 54
 54
 54
 54
 53
 54
 20
 21
 54
 54
 39
 20
 23
 23
 20
 27
 54
 54
 45
 21
 54
 54
 54
 41
 20
 24
 54
 21
 54
 54
 54
 54
 54
 54
 54
 54
 20
 21
 54
 54
 54
 54
 54
 54
 20
 24
 54
 54
 46
 21
 54
 54
 54
 20
 23
 23
 27
 21
 54
 54
 37
 20
 23
 23
 23
 27
 20
 21
 54
 54
 54
 54
 54
 54
 42
 20
 27
 54
 48
 20
 27
 54
 20
 23
 26
 43
 20
 21
 54
 54
 20
 26
 54
 54
 20
 23
 23
 24
 54
 54
 54
 54
 54
 54
 44
 20
 24
 54
 54
 54
 20
 27
 20
 26
 54
 44
 20
 21
 54
 54
 21
 54
 54
 54
 54
 49
 20
 20
 20
 20
 20
 21
 54
 54
 54
 54
 21
 54
 54
 54
 54
 20
 21
 54
 54
 54
 20
 21
 54
 54
 21
 54
 54
 54
 54
 54
 21
 54
 54
 54
 54
 21
 54
 54
 54
 29
 21
 54
 54
 54
 37
 20
 21
 54
 54
 49
 20
 21
 54
 54
 21
 54
 54
 31
 31
 31
 21
 54
 54
 54
 54
 21
 54
 54
 54
 49
 21
 54
 54
 54
 20
 20
 21
 54
 54
 54
 20
 21
 54
 54
 21
 54
 54
 31
 54
 31
 21
 54
 54
 40
 20
 21
 54
 54
 54
 54
 21
 54
 41
 20
 20
 26
 20
 27
 54
 39
 20
 21
 54
 54
 21
 54
 54
 54
 54
 31
 21
 54
 54
 20
 23
 24
 54
 54
 54
 54
 21
 54
 42
 20
 26
 54
 54
 21
 54
 54
 20
 21
 54
 54
 21
 54
 54
 54
 31
 54
 21
 54
 20
 23
 26
 21
 54
 54
 37
 20
 26
 54
 43
 21
 54
 54
 45
 20
 20
 20
 20
 21
 54
 54
 21
 54
 54
 54
 54
 54
 20
 20
 23
 26
 54
 21
 54
 54
 54
 21
 54
 54
 44
 21
 54
 54
 46
 20
 20
 20
 20
 21
 54
 54
 20
 27
 54
 29
 20
 23
 20
 26
 54
 54
 49
 21
 54
 54
 45
 21
 54
 54
 20
 21
 54
 54
 47
 20
 26
 41
 20
 21
 54
 54
 54
 20
 23
 23
 23
 26
 21
 54
 54
 54
 54
 21
 54
 54
 20
 23
 27
 54
 20
 24
 54
 54
 48
 21
 54
 42
 20
 21
 54
 54
 54
 54
 54
 54
 54
 54
 20
 27
 54
 37
 20
 24
 54
 20
 23
 23
 23
 23
 23
 23
 27
 54
 54
 21
 54
 43
 20
 21
 54
 54
 50
 54
 54
 54
 54
 30
 20
 23
 23
 23
 23
 23
 23
 23
 26
 54
 20
 23
 23
 23
 23
 23
 23
 21
 54
 43
 20
 21
 54
 54
 52
 54
 54
 54
 54
 54
 54
 54
 54
 54
 54
 54
 54
 54
 54
 54
 54
 54
 54
 54
 54
 54
 54
 20
 27
 44
 20
 21
 54
 54
 53
 54
 54
 54
 54
 54
 54
 54
 54
 54
 54
 54
 54
 54
 54
 54
 54
 54
 54
 54
 54
 54
 38
 20
 24
 5
 20
 21
 54
 54
 54
 54
 54
 54
 54
 54
 54
 54
 54
 54
 54
 54
 54
 54
 54
 54
 54
 54
 54
 54
 54
 54
 54
 54
 20
 23
 26
 21
 54
 54
 20
 23
 23
 23
 23
 23
 23
 23
 23
 23
 23
 23
 23
 23
 23
 23
 23
 23
 23
 23
 23
 23
 23
 23
 23
 23
 23
 24
 54
 54
 54
 54
 54
 54
 54
 54
 54
 54
 54
 54
 54
 54
 54
 54
 54
 54
 54
 54
 54
 54
 54
 54
 54
 54
 54
 54
 54
 54
 54
 54
 54
 54
 54
 54
 54
 54
 54
 54
 54
 54
 54
 54
 54
 54
 54
 54
 54
 54
 54
 54
 54
 54
 54
 54
 54
 54
 54
 54
 54
 54
