00000000 00000000 00000000 00000000 00000000 00000000 00000000 00000000 
00000000 00000000 00000000 00000000 00000000 00000000 00000000 00000000 
11100000 10000000 11000000 00000000 00000000 00000000 00000000 00000000 
11100000 01100000 00000000 00000000 00000000 00000000 00000000 00000000 
10100000 00000000 00000000 00000000 00000000 00000000 00000000 00000000 
00000000 00000000 00000000 00000000 00000000 00000000 00000000 00000000 
00000000 00000000 00000000 00000000 00000000 00000000 00000000 00000000 
10100000 11100000 11100000 00000000 00000000 00000000 00000000 00000000 
00000000 00000000 00000000 00000000 00000000 00000000 00000000 00000000 
00000000 00000000 00000000 00000000 00000000 00000000 00000000 00000000 
00000000 00000000 00000000 00000000 00000000 00000000 00000000 00000000 
11100000 11100000 00000000 00000000 00000000 00000000 00000000 00000000 
11010100 11101000 00000000 00000000 00000000 00000000 00000000 00000000 
10000010 10011010 11000110 11011000 10110000 11110000 11000100 00000000
11100000 00000000 00000000 00000000 00000000 00000000 00000000 00000000 
