7
5
15
0
15
0
15
0
6
12
0
0
7
0
15
0
15
0
15
0
6
19
7
0
15
0
15
0
15
0
6
0
7
0
15
0
3
0
15
0
6
0
7
0
15
0
6
0
7
0
15
0
15
0
6
0
0
0
0
0
12
0
1
0
1
0
1
0
13
0
0
0
12
0
1
0
1
0
1
0
13
0
12
0
1
0
1
0
1
0
13
0
12
0
13
0
11
0
12
0
13
0
12
0
1
0
13
0
12
0
1
0
1
0
13
0
0
0
0
0
12
0
1
0
1
0
1
0
1
0
3
0
1
0
1
0
1
0
1
0
13
16
12
16
1
0
1
0
1
0
13
0
12
0
13
0
2
0
12
0
13
0
12
0
1
0
13
0
12
0
1
0
1
0
13
0
0
0
0
0
12
0
1
0
1
0
1
0
13
0
0
0
12
0
1
0
1
0
1
0
13
0
12
0
1
0
1
0
1
0
13
0
12
0
13
0
2
0
12
0
13
0
12
0
1
0
13
0
12
0
1
0
1
0
13
0
0
0
0
0
4
0
14
0
1
0
14
0
5
0
0
0
4
0
14
0
1
0
14
0
5
0
12
0
1
0
1
0
1
0
13
0
12
0
13
0
2
0
12
0
5
0
12
0
1
0
13
0
12
0
1
0
1
0
13
0
7
0
6
14
7
0
6
0
2
0
0
0
0
0
0
0
0
0
0
0
2
0
7
0
3
0
14
0
14
0
1
0
1
0
13
0
12
0
13
0
2
0
2
0
7
0
1
0
1
0
13
0
12
0
1
0
1
0
13
0
12
0
13
14
12
0
13
0
12
0
15
0
15
0
15
0
15
0
15
0
13
0
2
0
7
20
15
0
6
0
12
0
1
0
13
0
4
0
13
0
2
0
10
20
12
0
1
0
1
0
13
0
12
0
1
0
1
0
13
0
12
14
13
0
12
0
13
0
4
0
14
0
14
0
1
0
14
0
14
0
5
0
10
0
4
0
14
0
13
0
4
0
1
0
14
0
8
0
2
0
12
0
15
0
1
0
1
0
1
0
13
0
4
0
14
0
14
0
13
16
1
0
13
0
12
0
1
0
15
0
15
0
6
0
2
0
7
0
15
0
8
0
9
0
3
0
3
0
13
0
0
0
12
0
3
0
3
0
5
0
12
0
1
0
1
0
1
0
1
0
13
0
7
14
15
14
6
0
2
0
12
14
13
14
12
0
1
0
14
0
1
0
13
0
2
0
2
0
4
0
3
0
15
0
15
0
6
24
12
0
3
0
13
0
0
0
0
0
0
0
4
0
14
0
14
0
1
0
1
0
13
0
12
0
1
14
13
14
2
0
12
0
13
14
12
0
13
0
11
10
12
0
13
0
2
0
4
0
3
0
6
0
12
0
1
15
13
0
12
0
6
0
2
0
0
0
0
0
7
0
15
0
15
0
6
0
2
0
4
0
5
0
12
0
1
0
13
0
2
0
4
0
5
0
12
0
13
0
2
0
12
0
1
0
15
16
15
0
6
0
2
0
4
0
14
0
5
5
10
0
2
0
2
0
0
0
0
0
12
0
1
0
1
0
1
0
12
16
3
0
3
0
1
0
1
0
13
0
2
0
0
0
0
0
12
0
1
0
15
16
1
0
1
0
1
0
1
0
13
0
4
0
3
14
3
0
3
0
3
0
5
0
2
14
0
0
0
0
4
0
14
0
14
0
5
0
2
14
0
0
0
0
4
14
14
0
5
0
2
0
0
0
0
0
4
25
14
0
14
0
14
0
14
0
14
0
14
0
14
0
3
0
3
0
3
0
3
0
3
0
3
0
14
0
3
0
3
0
3
0
3
0
3
0
3
0
14
0
3
0
3
0
3
0
3
0
3
0
5
0
0
0
0
0
