9
0
3
0
15
0
3
0
15
0
15
0
6
0
7
0
8
12
7
0
15
0
15
0
6
0
7
0
15
0
15
0
15
0
15
14
3
14
3
0
3
0
15
0
15
0
15
0
6
0
7
0
15
0
15
0
15
12
6
12
7
0
15
0
15
11
6
0
12
0
1
0
13
0
2
0
11
12
12
0
1
14
1
14
13
0
12
0
1
0
1
0
1
14
13
14
7
5
15
6
6
6
12
12
1
0
1
12
1
0
1
0
1
0
1
0
1
12
13
12
12
0
1
0
1
0
13
0
12
0
1
0
13
0
2
0
2
0
12
1
1
2
1
0
1
0
12
16
1
14
1
14
1
0
13
14
12
14
1
14
13
14
12
12
1
0
1
12
13
0
12
0
1
0
1
0
1
0
13
0
12
0
1
0
1
0
13
12
4
12
14
11
5
0
2
0
2
14
12
2
1
14
1
0
13
0
12
0
1
14
1
14
1
0
13
11
1
14
1
0
13
0
4
12
1
0
14
12
5
0
4
0
14
0
14
0
14
0
13
0
12
0
1
0
1
0
13
0
9
12
14
0
3
0
1
14
13
14
4
1
14
2
14
0
5
0
4
0
14
0
14
0
14
0
5
0
4
0
14
0
14
24
8
8
12
0
3
0
3
0
3
0
3
0
3
12
8
12
2
0
4
0
1
0
14
12
5
12
0
0
0
0
9
12
14
0
14
0
3
23
3
0
3
13
8
21
7
6
15
5
15
0
15
14
15
14
15
0
6
4
7
0
15
0
1
0
6
0
7
0
15
0
15
14
15
14
6
14
2
0
9
0
14
0
3
0
3
0
15
0
3
0
3
0
3
0
3
0
3
0
3
0
15
0
3
0
12
6
1
4
1
14
1
14
1
0
1
3
13
14
12
0
1
0
1
0
13
0
12
0
1
0
1
0
1
14
13
14
2
0
0
0
0
0
7
0
15
0
1
0
6
0
7
0
3
0
3
0
15
0
15
0
1
0
6
0
4
0
14
0
14
0
14
0
14
0
1
0
13
14
12
12
1
0
1
0
13
0
12
12
1
12
1
12
1
12
13
14
2
0
0
0
0
0
12
12
1
0
1
0
13
0
2
0
7
0
6
0
12
0
1
0
1
0
13
12
7
0
15
12
15
0
15
0
6
20
12
0
13
0
12
0
1
12
1
0
13
0
12
12
1
12
1
0
1
0
13
0
2
0
7
0
6
0
12
12
1
0
1
0
13
0
12
0
14
0
5
0
4
0
14
0
14
0
5
0
12
0
1
0
1
0
1
0
13
0
12
0
5
0
4
0
14
12
14
12
5
0
4
12
14
12
14
12
14
0
13
0
2
0
12
0
13
0
4
0
14
11
14
0
5
12
2
0
7
0
15
12
15
12
15
0
15
0
6
0
12
0
1
12
1
0
1
0
13
0
10
20
7
0
15
12
15
12
15
0
15
0
15
12
15
12
15
12
15
0
1
0
5
0
12
0
13
0
7
0
1
0
6
0
0
0
2
0
12
0
1
0
1
12
1
0
1
0
1
10
12
16
1
0
1
0
1
0
1
0
3
0
1
0
1
0
1
0
13
0
12
0
1
0
1
0
1
0
13
0
4
0
6
0
4
0
14
0
14
0
14
0
5
0
0
0
2
0
12
0
1
12
1
15
1
0
1
0
13
0
4
0
14
0
14
12
14
12
5
0
0
0
12
0
1
0
1
0
13
0
12
0
1
0
1
0
1
0
1
0
8
12
2
0
9
19
3
0
3
0
3
0
3
0
3
0
5
0
4
0
14
0
14
0
14
0
14
0
5
0
0
0
0
0
0
0
0
0
0
0
0
0
4
0
14
12
14
12
5
0
4
25
14
0
14
0
14
0
5
0
9
0
5
0
