0
0
0
0
0
0
0
0
0
0
7
0
15
0
15
0
6
0
0
0
0
0
0
0
7
0
15
0
15
0
15
0
15
0
6
0
7
0
3
0
3
0
3
0
3
0
6
0
7
0
15
0
15
0
15
0
6
0
0
0
0
0
0
0
0
0
0
0
0
0
12
0
1
0
1
0
5
0
0
0
0
0
0
0
12
0
1
0
1
0
1
0
1
15
13
0
12
0
8
0
7
0
3
0
3
0
13
0
12
0
1
0
1
0
1
23
13
24
0
0
0
0
11
20
0
0
0
0
0
0
12
0
1
0
13
0
7
15
3
0
3
0
3
0
14
0
14
0
1
0
1
0
1
15
13
25
2
0
7
15
15
16
15
20
6
0
0
0
12
23
1
0
1
0
1
0
13
0
0
0
7
0
15
0
6
0
0
0
0
0
2
0
12
0
13
0
2
0
7
0
15
0
15
12
15
0
6
0
12
0
1
0
1
15
13
15
2
0
12
0
1
0
1
0
13
0
0
0
2
0
4
0
14
0
14
0
5
0
0
0
12
1
1
0
13
0
0
0
0
0
2
0
4
0
5
0
2
0
12
0
1
0
1
0
1
0
13
0
12
0
1
0
1
0
13
0
2
0
12
0
1
0
1
0
13
0
0
0
2
0
7
0
15
0
15
15
6
22
0
0
12
0
1
0
13
0
0
0
0
0
2
0
0
0
0
0
2
0
12
0
1
0
1
0
1
0
13
0
4
0
14
0
14
0
5
5
2
0
12
15
1
20
1
0
1
0
3
0
1
0
1
18
1
0
1
15
13
22
0
0
12
0
1
0
13
0
0
0
0
0
2
0
0
0
0
0
2
0
12
0
1
0
1
0
1
0
13
0
7
19
15
0
15
0
15
0
13
0
12
0
1
0
1
0
13
0
0
0
2
0
4
0
14
0
14
15
5
22
0
0
12
0
1
0
1
0
3
0
3
0
14
11
3
0
3
0
1
0
1
0
1
0
1
0
1
0
13
0
4
0
14
0
14
0
14
0
5
0
4
15
14
0
14
0
5
15
0
0
2
0
7
0
15
0
15
15
15
4
6
1
12
0
1
0
13
0
9
15
3
0
1
0
6
0
9
12
5
0
4
0
14
0
14
0
14
0
5
0
7
2
15
0
15
22
15
14
15
14
6
5
7
0
3
0
15
0
8
0
2
0
12
0
1
0
1
15
1
0
13
2
4
1
14
0
5
0
7
0
6
0
2
0
12
0
15
0
15
0
15
2
15
0
6
15
0
0
0
0
12
0
1
0
1
18
1
14
1
14
13
4
12
0
6
0
2
0
0
0
2
0
12
0
1
0
1
15
1
15
13
15
7
0
15
3
15
0
1
0
13
0
2
0
12
0
1
0
1
0
1
0
1
0
13
0
0
0
0
0
12
0
1
0
1
0
1
14
1
14
13
14
4
0
5
5
12
0
6
0
2
0
12
0
1
0
1
0
1
0
13
0
12
0
1
3
1
0
1
3
13
3
2
0
12
0
1
0
1
0
1
0
1
0
13
10
0
0
0
0
12
0
1
0
1
0
1
18
1
0
13
14
9
21
3
0
12
16
13
0
4
0
12
16
1
0
1
0
1
0
13
0
12
0
1
0
1
0
1
0
13
0
2
0
4
0
14
0
14
0
14
0
14
0
5
0
0
0
0
0
12
0
1
0
1
0
1
0
1
18
13
0
0
0
0
0
4
0
14
0
3
0
14
0
14
0
14
0
14
0
13
0
4
3
14
0
14
0
14
0
14
0
14
10
3
0
3
3
3
0
3
0
3
0
3
0
3
0
3
0
14
0
14
0
14
0
14
0
14
0
14
0
3
0
3
0
3
0
3
0
3
0
3
0
3
0
3
0
3
0
5
0
