Laser Race v2.0 Level Map
Copyright 1992 By Neil McKnight

TITLE=FOLLOW THE ARROWS!
SPEED=3
--------------------
 1, 2, 35
 16, 2, 31
 17, 2, 35
 1, 3, 33
 17, 4, 24
 2, 5, 71
 3, 5, 75
 4, 5, 75
 5, 5, 75
 6, 5, 75
 7, 5, 75
 8, 5, 75
 9, 5, 83
 17, 5, 24
 2, 6, 74
 9, 6, 74
 17, 6, 24
 2, 7, 74
 5, 7, 55
 9, 7, 74
 17, 7, 34
 2, 8, 74
 4, 8, 55
 5, 8, 36
 6, 8, 55
 9, 8, 74
 13, 8, 35
 14, 8, 32
 17, 8, 35
 2, 9, 74
 5, 9, 55
 9, 9, 74
 2, 10, 74
 9, 10, 74
 2, 11, 72
 3, 11, 75
 4, 11, 75
 5, 11, 75
 6, 11, 75
 7, 11, 75
 8, 11, 75
 9, 11, 80
 10, 11, 75
 11, 11, 75
 12, 11, 75
 13, 11, 75
 14, 11, 83
 11, 12, 19
 12, 12, 20
 13, 12, 19
 14, 12, 74
 1, 13, 35
 2, 13, 32
 11, 13, 20
 12, 13, 22
 13, 13, 20
 14, 13, 74
 11, 14, 19
 12, 14, 20
 13, 14, 19
 14, 14, 74
 14, 15, 68
