Laser Race v2.0 Level Map
Copyright 1992 By Neil McKnight

TITLE=IS IT ALL JUST DECORATION?
SPEED=4
--------------------
 1, 1, 62
 2, 1, 63
 3, 1, 63
 4, 1, 63
 5, 1, 63
 6, 1, 63
 7, 1, 63
 8, 1, 63
 9, 1, 63
 10, 1, 63
 11, 1, 63
 12, 1, 63
 13, 1, 63
 14, 1, 63
 15, 1, 63
 16, 1, 63
 17, 1, 63
 18, 1, 62
 1, 2, 64
 18, 2, 64
 1, 3, 64
 3, 3, 62
 4, 3, 63
 5, 3, 63
 6, 3, 63
 7, 3, 63
 8, 3, 63
 9, 3, 63
 10, 3, 63
 11, 3, 63
 12, 3, 63
 13, 3, 63
 14, 3, 63
 15, 3, 63
 16, 3, 62
 18, 3, 64
 1, 4, 64
 3, 4, 64
 16, 4, 64
 18, 4, 64
 1, 5, 64
 3, 5, 64
 5, 5, 4
 6, 5, 44
 7, 5, 44
 8, 5, 44
 9, 5, 44
 10, 5, 44
 11, 5, 44
 12, 5, 44
 13, 5, 44
 14, 5, 4
 16, 5, 64
 18, 5, 64
 1, 6, 64
 3, 6, 64
 5, 6, 43
 8, 6, 49
 9, 6, 50
 10, 6, 52
 11, 6, 51
 14, 6, 43
 16, 6, 64
 18, 6, 64
 1, 7, 64
 3, 7, 64
 5, 7, 43
 14, 7, 43
 16, 7, 64
 18, 7, 64
 1, 8, 64
 3, 8, 64
 5, 8, 43
 14, 8, 43
 16, 8, 64
 18, 8, 64
 1, 9, 64
 3, 9, 64
 5, 9, 43
 8, 9, 51
 9, 9, 52
 10, 9, 50
 11, 9, 49
 14, 9, 43
 16, 9, 64
 18, 9, 64
 1, 10, 64
 3, 10, 64
 5, 10, 4
 6, 10, 44
 7, 10, 44
 8, 10, 44
 9, 10, 44
 10, 10, 44
 11, 10, 44
 12, 10, 44
 13, 10, 44
 14, 10, 4
 16, 10, 64
 18, 10, 64
 1, 11, 64
 3, 11, 64
 16, 11, 64
 18, 11, 64
 1, 12, 64
 3, 12, 62
 4, 12, 63
 5, 12, 63
 6, 12, 63
 7, 12, 63
 8, 12, 63
 9, 12, 63
 10, 12, 63
 11, 12, 63
 12, 12, 63
 13, 12, 63
 14, 12, 63
 15, 12, 63
 16, 12, 62
 18, 12, 64
 1, 13, 64
 18, 13, 64
 1, 14, 62
 2, 14, 63
 3, 14, 63
 4, 14, 63
 5, 14, 63
 6, 14, 63
 7, 14, 63
 8, 14, 63
 9, 14, 63
 10, 14, 63
 11, 14, 63
 12, 14, 63
 13, 14, 63
 14, 14, 63
 15, 14, 63
 16, 14, 63
 17, 14, 63
 18, 14, 62
