Laser Race v2.0 Level Map
Copyright 1992 By Neil McKnight

TITLE=RACE THE ROOMS
SPEED=3
--------------------
 1, 1, 71
 2, 1, 75
 3, 1, 75
 4, 1, 83
 15, 1, 71
 16, 1, 75
 17, 1, 75
 18, 1, 83
 1, 2, 74
 2, 2, 38
 3, 2, 20
 4, 2, 72
 5, 2, 75
 6, 2, 75
 7, 2, 75
 8, 2, 75
 9, 2, 76
 10, 2, 76
 11, 2, 75
 12, 2, 75
 13, 2, 75
 14, 2, 75
 15, 2, 84
 16, 2, 21
 17, 2, 37
 18, 2, 74
 1, 3, 74
 2, 3, 23
 3, 3, 71
 4, 3, 75
 5, 3, 75
 6, 3, 75
 7, 3, 75
 8, 3, 75
 9, 3, 76
 10, 3, 76
 11, 3, 75
 12, 3, 75
 13, 3, 75
 14, 3, 75
 15, 3, 75
 16, 3, 83
 17, 3, 20
 18, 3, 74
 1, 4, 72
 2, 4, 83
 3, 4, 74
 16, 4, 74
 17, 4, 71
 18, 4, 84
 2, 5, 74
 3, 5, 74
 16, 5, 74
 17, 5, 74
 2, 6, 74
 3, 6, 74
 16, 6, 74
 17, 6, 74
 2, 7, 77
 3, 7, 77
 16, 7, 77
 17, 7, 77
 2, 8, 77
 3, 8, 77
 16, 8, 77
 17, 8, 77
 2, 9, 74
 3, 9, 74
 16, 9, 74
 17, 9, 74
 2, 10, 74
 3, 10, 74
 16, 10, 74
 17, 10, 74
 1, 11, 71
 2, 11, 84
 3, 11, 74
 16, 11, 74
 17, 11, 72
 18, 11, 83
 1, 12, 74
 2, 12, 22
 3, 12, 72
 4, 12, 75
 5, 12, 75
 6, 12, 75
 7, 12, 75
 8, 12, 75
 9, 12, 76
 10, 12, 76
 11, 12, 75
 12, 12, 75
 13, 12, 75
 14, 12, 75
 15, 12, 75
 16, 12, 84
 17, 12, 41
 18, 12, 74
 1, 13, 74
 2, 13, 40
 3, 13, 19
 4, 13, 71
 5, 13, 75
 6, 13, 75
 7, 13, 75
 8, 13, 75
 9, 13, 76
 10, 13, 76
 11, 13, 75
 12, 13, 75
 13, 13, 75
 14, 13, 75
 15, 13, 83
 16, 13, 21
 17, 13, 39
 18, 13, 74
 1, 14, 72
 2, 14, 75
 3, 14, 75
 4, 14, 84
 15, 14, 72
 16, 14, 75
 17, 14, 75
 18, 14, 84
