Laser Race v2.0 Level Map
Copyright 1992 By Neil McKnight

TITLE=WHO'S THE BEST DRIVER?
SPEED=4
--------------------
 3, 2, 71
 4, 2, 75
 5, 2, 75
 6, 2, 75
 7, 2, 75
 8, 2, 75
 9, 2, 75
 10, 2, 75
 11, 2, 75
 12, 2, 75
 13, 2, 75
 14, 2, 75
 15, 2, 75
 16, 2, 83
 3, 3, 74
 15, 3, 51
 16, 3, 74
 3, 4, 74
 16, 4, 74
 3, 5, 74
 4, 5, 42
 16, 5, 74
 3, 6, 72
 4, 6, 75
 5, 6, 75
 6, 6, 75
 7, 6, 75
 8, 6, 83
 16, 6, 74
 8, 7, 74
 16, 7, 74
 8, 8, 74
 16, 8, 74
 3, 9, 71
 4, 9, 75
 5, 9, 75
 6, 9, 75
 7, 9, 75
 8, 9, 84
 16, 9, 74
 3, 10, 74
 4, 10, 42
 16, 10, 74
 3, 11, 74
 16, 11, 74
 3, 12, 74
 15, 12, 51
 16, 12, 74
 3, 13, 72
 4, 13, 75
 5, 13, 75
 6, 13, 75
 7, 13, 75
 8, 13, 75
 9, 13, 75
 10, 13, 75
 11, 13, 75
 12, 13, 75
 13, 13, 75
 14, 13, 75
 15, 13, 75
 16, 13, 84
