Laser Race v2.0 Level Map
Copyright 1992 By Neil McKnight

TITLE=TRICKY TREASURE ROOMS
SPEED=3
--------------------
 12, 0, 67
 17, 0, 67
 18, 0, 67
 11, 1, 14
 12, 1, 77
 13, 1, 14
 15, 1, 39
 16, 1, 71
 17, 1, 73
 18, 1, 84
 12, 2, 74
 14, 2, 41
 15, 2, 71
 16, 2, 73
 17, 2, 84
 18, 2, 39
 12, 3, 74
 13, 3, 22
 14, 3, 71
 15, 3, 73
 16, 3, 84
 17, 3, 42
 12, 4, 74
 13, 4, 71
 14, 4, 73
 15, 4, 84
 16, 4, 21
 7, 5, 71
 8, 5, 75
 9, 5, 76
 10, 5, 76
 11, 5, 75
 12, 5, 73
 13, 5, 73
 14, 5, 84
 15, 5, 22
 17, 5, 23
 18, 5, 13
 7, 6, 74
 8, 6, 78
 11, 6, 78
 12, 6, 82
 13, 6, 80
 14, 6, 75
 15, 6, 75
 16, 6, 75
 17, 6, 75
 18, 6, 76
 19, 6, 69
 7, 7, 77
 12, 7, 77
 18, 7, 13
 1, 8, 13
 7, 8, 77
 12, 8, 77
 0, 9, 70
 1, 9, 76
 2, 9, 75
 3, 9, 75
 4, 9, 75
 5, 9, 75
 6, 9, 79
 7, 9, 81
 8, 9, 78
 11, 9, 78
 12, 9, 74
 1, 10, 13
 2, 10, 23
 4, 10, 22
 5, 10, 71
 6, 10, 73
 7, 10, 73
 8, 10, 75
 9, 10, 76
 10, 10, 76
 11, 10, 75
 12, 10, 84
 3, 11, 21
 4, 11, 71
 5, 11, 73
 6, 11, 84
 7, 11, 74
 2, 12, 42
 3, 12, 71
 4, 12, 73
 5, 12, 84
 6, 12, 22
 7, 12, 74
 1, 13, 39
 2, 13, 71
 3, 13, 73
 4, 13, 84
 5, 13, 41
 7, 13, 74
 1, 14, 71
 2, 14, 73
 3, 14, 84
 4, 14, 39
 6, 14, 14
 7, 14, 77
 8, 14, 14
 1, 15, 68
 2, 15, 68
 7, 15, 68
