Laser Race v2.0 Level Map
Copyright 1992 By Neil McKnight

TITLE=AMAZING ROOMS
SPEED=1
--------------------
 7, 0, 67
 12, 0, 67
 6, 1, 23
 7, 1, 74
 12, 1, 74
 6, 2, 49
 7, 2, 77
 8, 2, 49
 11, 2, 49
 12, 2, 77
 13, 2, 49
 7, 3, 74
 12, 3, 74
 6, 4, 71
 7, 4, 80
 8, 4, 83
 9, 4, 15
 10, 4, 15
 11, 4, 71
 12, 4, 80
 13, 4, 83
 0, 5, 70
 1, 5, 75
 2, 5, 76
 3, 5, 76
 4, 5, 75
 5, 5, 79
 6, 5, 84
 7, 5, 25
 8, 5, 72
 9, 5, 76
 10, 5, 76
 11, 5, 84
 12, 5, 25
 13, 5, 72
 14, 5, 79
 15, 5, 75
 16, 5, 76
 17, 5, 76
 18, 5, 75
 19, 5, 69
 4, 6, 39
 5, 6, 74
 14, 6, 74
 15, 6, 21
 5, 7, 74
 14, 7, 74
 5, 8, 74
 14, 8, 74
 4, 9, 21
 5, 9, 74
 14, 9, 74
 15, 9, 42
 0, 10, 70
 1, 10, 75
 2, 10, 76
 3, 10, 76
 4, 10, 75
 5, 10, 80
 6, 10, 83
 7, 10, 25
 8, 10, 71
 9, 10, 76
 10, 10, 76
 11, 10, 83
 12, 10, 25
 13, 10, 71
 14, 10, 80
 15, 10, 75
 16, 10, 76
 17, 10, 76
 18, 10, 75
 19, 10, 69
 6, 11, 72
 7, 11, 79
 8, 11, 84
 9, 11, 15
 10, 11, 15
 11, 11, 72
 12, 11, 79
 13, 11, 84
 7, 12, 74
 12, 12, 74
 6, 13, 49
 7, 13, 77
 8, 13, 49
 11, 13, 49
 12, 13, 77
 13, 13, 49
 7, 14, 74
 12, 14, 74
 13, 14, 23
 7, 15, 68
 12, 15, 68
