Laser Race v2.0 Level Map
Copyright 1992 By Neil McKnight

TITLE=THE DEATH ZONE
SPEED=4
--------------------
 4, 1, 43
 4, 2, 6
 3, 3, 49
 4, 3, 55
 5, 3, 49
 1, 4, 44
 2, 4, 5
 3, 4, 55
 4, 4, 36
 5, 4, 55
 6, 4, 5
 7, 4, 44
 8, 4, 44
 9, 4, 44
 10, 4, 44
 11, 4, 44
 12, 4, 44
 13, 4, 44
 14, 4, 44
 15, 4, 51
 16, 4, 49
 17, 4, 52
 18, 4, 50
 3, 5, 49
 4, 5, 55
 5, 5, 49
 4, 6, 6
 4, 7, 43
 15, 8, 43
 15, 9, 6
 14, 10, 49
 15, 10, 55
 16, 10, 49
 1, 11, 50
 2, 11, 52
 3, 11, 49
 4, 11, 51
 5, 11, 44
 6, 11, 44
 7, 11, 44
 8, 11, 44
 9, 11, 44
 10, 11, 44
 11, 11, 44
 12, 11, 44
 13, 11, 5
 14, 11, 55
 15, 11, 36
 16, 11, 55
 17, 11, 5
 18, 11, 44
 14, 12, 49
 15, 12, 55
 16, 12, 49
 15, 13, 6
 15, 14, 43
