Laser Race v2.0 Level Map
Copyright 1992 By Neil McKnight

TITLE=BLOCK CITY
SPEED=3
--------------------
 2, 1, 43
 17, 1, 43
 1, 2, 44
 2, 2, 53
 3, 2, 44
 16, 2, 44
 17, 2, 53
 18, 2, 44
 2, 3, 43
 8, 3, 45
 11, 3, 45
 17, 3, 43
 4, 4, 54
 5, 4, 5
 6, 4, 5
 7, 4, 5
 8, 4, 59
 9, 4, 44
 10, 4, 44
 11, 4, 59
 12, 4, 5
 13, 4, 5
 14, 4, 5
 15, 4, 54
 4, 5, 6
 8, 5, 45
 11, 5, 45
 15, 5, 6
 3, 6, 46
 4, 6, 59
 5, 6, 46
 14, 6, 46
 15, 6, 59
 16, 6, 46
 4, 7, 43
 15, 7, 43
 4, 8, 43
 15, 8, 43
 3, 9, 46
 4, 9, 59
 5, 9, 46
 14, 9, 46
 15, 9, 59
 16, 9, 46
 4, 10, 6
 8, 10, 45
 11, 10, 45
 15, 10, 6
 4, 11, 54
 5, 11, 5
 6, 11, 5
 7, 11, 5
 8, 11, 59
 9, 11, 44
 10, 11, 44
 11, 11, 59
 12, 11, 5
 13, 11, 5
 14, 11, 5
 15, 11, 54
 2, 12, 43
 8, 12, 45
 11, 12, 45
 17, 12, 43
 1, 13, 44
 2, 13, 53
 3, 13, 44
 16, 13, 44
 17, 13, 53
 18, 13, 44
 2, 14, 43
 17, 14, 43
