Laser Race v2.0 Level Map
Copyright 1992 By Neil McKnight

TITLE=LUCK IS ALL YOU NEED!
SPEED=3
--------------------
 1, 1, 25
 2, 1, 20
 3, 1, 19
 4, 1, 40
 5, 1, 41
 6, 1, 21
 7, 1, 24
 8, 1, 39
 9, 1, 21
 10, 1, 19
 11, 1, 38
 12, 1, 23
 13, 1, 42
 14, 1, 19
 15, 1, 20
 16, 1, 22
 17, 1, 19
 18, 1, 25
 0, 2, 70
 1, 2, 75
 2, 2, 75
 3, 2, 75
 4, 2, 75
 5, 2, 75
 6, 2, 75
 7, 2, 75
 8, 2, 75
 9, 2, 75
 10, 2, 75
 11, 2, 75
 12, 2, 75
 13, 2, 75
 14, 2, 75
 15, 2, 75
 16, 2, 75
 17, 2, 75
 18, 2, 75
 19, 2, 69
 1, 3, 25
 18, 3, 25
 1, 12, 25
 18, 12, 25
 0, 13, 70
 1, 13, 75
 2, 13, 75
 3, 13, 75
 4, 13, 75
 5, 13, 75
 6, 13, 75
 7, 13, 75
 8, 13, 75
 9, 13, 75
 10, 13, 75
 11, 13, 75
 12, 13, 75
 13, 13, 75
 14, 13, 75
 15, 13, 75
 16, 13, 75
 17, 13, 75
 18, 13, 75
 19, 13, 69
 1, 14, 25
 2, 14, 19
 3, 14, 22
 4, 14, 20
 5, 14, 19
 6, 14, 42
 7, 14, 23
 8, 14, 38
 9, 14, 19
 10, 14, 21
 11, 14, 39
 12, 14, 24
 13, 14, 21
 14, 14, 41
 15, 14, 40
 16, 14, 19
 17, 14, 20
 18, 14, 25
