Laser Race v2.0 Level Map
Copyright 1992 By Neil McKnight

TITLE=THINK QUICK!
SPEED=3
--------------------
 1, 0, 67
 2, 0, 67
 11, 0, 67
 1, 1, 77
 2, 1, 74
 11, 1, 74
 12, 1, 11
 17, 1, 33
 18, 1, 30
 1, 2, 74
 2, 2, 74
 11, 2, 74
 14, 2, 71
 15, 2, 75
 16, 2, 79
 17, 2, 76
 18, 2, 76
 19, 2, 69
 1, 3, 74
 2, 3, 74
 11, 3, 74
 12, 3, 24
 13, 3, 24
 14, 3, 74
 15, 3, 21
 16, 3, 74
 1, 4, 74
 2, 4, 74
 11, 4, 74
 12, 4, 34
 13, 4, 34
 14, 4, 74
 16, 4, 77
 17, 4, 31
 18, 4, 21
 1, 5, 74
 2, 5, 74
 11, 5, 74
 12, 5, 35
 13, 5, 35
 14, 5, 74
 15, 5, 23
 16, 5, 82
 17, 5, 75
 18, 5, 75
 19, 5, 69
 1, 6, 74
 2, 6, 74
 11, 6, 74
 12, 6, 24
 13, 6, 24
 14, 6, 82
 15, 6, 76
 16, 6, 81
 17, 6, 20
 18, 6, 20
 1, 7, 74
 2, 7, 74
 11, 7, 74
 14, 7, 74
 15, 7, 33
 16, 7, 74
 17, 7, 7
 18, 7, 49
 1, 8, 74
 2, 8, 74
 11, 8, 74
 14, 8, 74
 15, 8, 19
 16, 8, 77
 17, 8, 32
 1, 9, 74
 2, 9, 74
 11, 9, 82
 12, 9, 75
 13, 9, 79
 14, 9, 80
 15, 9, 79
 16, 9, 80
 17, 9, 79
 18, 9, 76
 19, 9, 69
 1, 10, 74
 2, 10, 74
 10, 10, 31
 11, 10, 77
 12, 10, 24
 13, 10, 74
 14, 10, 42
 15, 10, 77
 16, 10, 12
 17, 10, 77
 18, 10, 33
 1, 11, 74
 2, 11, 77
 11, 11, 82
 12, 11, 76
 13, 11, 73
 14, 11, 76
 15, 11, 73
 16, 11, 76
 17, 11, 81
 1, 12, 72
 2, 12, 80
 3, 12, 83
 11, 12, 74
 12, 12, 23
 13, 12, 74
 14, 12, 33
 15, 12, 77
 17, 12, 74
 1, 13, 40
 2, 13, 42
 3, 13, 74
 11, 13, 82
 12, 13, 76
 13, 13, 73
 14, 13, 76
 15, 13, 73
 16, 13, 76
 17, 13, 81
 1, 14, 25
 2, 14, 22
 3, 14, 74
 11, 14, 74
 12, 14, 34
 13, 14, 77
 14, 14, 20
 15, 14, 74
 16, 14, 34
 17, 14, 77
 18, 14, 31
 3, 15, 68
 11, 15, 68
 13, 15, 68
 15, 15, 68
 17, 15, 68
