Laser Race v2.0 Level Map
Copyright 1992 By Neil McKnight

TITLE=GET THE POINT?
SPEED=4
--------------------
 7, 0, 67
 12, 0, 67
 1, 1, 25
 5, 1, 35
 6, 1, 32
 7, 1, 77
 8, 1, 21
 12, 1, 77
 13, 1, 25
 18, 1, 25
 7, 2, 74
 8, 2, 21
 12, 2, 74
 7, 3, 74
 8, 3, 21
 12, 3, 74
 7, 4, 74
 8, 4, 21
 12, 4, 74
 7, 5, 74
 8, 5, 21
 12, 5, 74
 7, 6, 74
 8, 6, 21
 9, 6, 21
 10, 6, 21
 11, 6, 21
 12, 6, 74
 7, 7, 74
 12, 7, 74
 7, 8, 74
 12, 8, 74
 7, 9, 74
 8, 9, 21
 9, 9, 21
 10, 9, 21
 12, 9, 74
 7, 10, 74
 8, 10, 21
 11, 10, 21
 12, 10, 74
 7, 11, 74
 8, 11, 21
 11, 11, 21
 12, 11, 74
 7, 12, 74
 8, 12, 21
 9, 12, 21
 10, 12, 21
 12, 12, 74
 7, 13, 74
 8, 13, 21
 11, 13, 21
 12, 13, 74
 1, 14, 25
 6, 14, 25
 7, 14, 77
 8, 14, 21
 11, 14, 21
 12, 14, 77
 13, 14, 31
 14, 14, 35
 18, 14, 25
 7, 15, 68
 12, 15, 68
