Laser Race v2.0 Level Map
Copyright 1992 By Neil McKnight

TITLE=DRIVING TEST
SPEED=3
--------------------
 3, 0, 67
 16, 0, 67
 3, 1, 77
 16, 1, 77
 3, 2, 77
 16, 2, 77
 0, 3, 70
 1, 3, 76
 2, 3, 76
 3, 3, 73
 4, 3, 75
 5, 3, 75
 6, 3, 75
 7, 3, 75
 8, 3, 75
 9, 3, 76
 10, 3, 76
 11, 3, 75
 12, 3, 75
 13, 3, 75
 14, 3, 75
 15, 3, 75
 16, 3, 73
 17, 3, 76
 18, 3, 76
 19, 3, 69
 3, 4, 74
 4, 4, 71
 5, 4, 75
 6, 4, 75
 7, 4, 75
 8, 4, 75
 9, 4, 75
 10, 4, 75
 11, 4, 75
 12, 4, 75
 13, 4, 75
 14, 4, 75
 15, 4, 83
 16, 4, 74
 3, 5, 74
 4, 5, 74
 5, 5, 71
 6, 5, 75
 7, 5, 75
 8, 5, 75
 9, 5, 76
 10, 5, 76
 11, 5, 75
 12, 5, 75
 13, 5, 75
 14, 5, 83
 15, 5, 74
 16, 5, 74
 3, 6, 74
 4, 6, 74
 5, 6, 74
 7, 6, 71
 8, 6, 75
 9, 6, 75
 10, 6, 75
 11, 6, 75
 12, 6, 83
 14, 6, 74
 15, 6, 74
 16, 6, 74
 3, 7, 74
 4, 7, 77
 5, 7, 74
 7, 7, 74
 12, 7, 74
 14, 7, 74
 15, 7, 77
 16, 7, 74
 3, 8, 74
 4, 8, 77
 5, 8, 74
 7, 8, 74
 12, 8, 74
 14, 8, 74
 15, 8, 77
 16, 8, 74
 3, 9, 74
 4, 9, 74
 5, 9, 74
 7, 9, 72
 8, 9, 75
 9, 9, 76
 10, 9, 76
 11, 9, 75
 12, 9, 84
 14, 9, 74
 15, 9, 74
 16, 9, 74
 3, 10, 74
 4, 10, 74
 5, 10, 72
 6, 10, 75
 7, 10, 75
 8, 10, 75
 9, 10, 75
 10, 10, 75
 11, 10, 75
 12, 10, 75
 13, 10, 75
 14, 10, 84
 15, 10, 74
 16, 10, 74
 3, 11, 74
 4, 11, 72
 5, 11, 75
 6, 11, 75
 7, 11, 75
 8, 11, 75
 9, 11, 76
 10, 11, 76
 11, 11, 75
 12, 11, 75
 13, 11, 75
 14, 11, 75
 15, 11, 84
 16, 11, 74
 0, 12, 70
 1, 12, 76
 2, 12, 76
 3, 12, 73
 4, 12, 75
 5, 12, 75
 6, 12, 75
 7, 12, 75
 8, 12, 75
 9, 12, 75
 10, 12, 75
 11, 12, 75
 12, 12, 75
 13, 12, 75
 14, 12, 75
 15, 12, 75
 16, 12, 73
 17, 12, 76
 18, 12, 76
 19, 12, 69
 3, 13, 77
 16, 13, 77
 3, 14, 77
 16, 14, 77
 3, 15, 68
 16, 15, 68
