Laser Race v2.0 Level Map
Copyright 1992 By Neil McKnight

TITLE=TECHNICAL DRAWING
SPEED=2
--------------------
 1, 1, 71
 2, 1, 76
 3, 1, 83
 8, 1, 71
 9, 1, 76
 10, 1, 76
 11, 1, 83
 16, 1, 71
 17, 1, 76
 18, 1, 83
 1, 2, 74
 2, 2, 25
 3, 2, 74
 8, 2, 74
 11, 2, 74
 16, 2, 74
 17, 2, 25
 18, 2, 74
 1, 3, 74
 3, 3, 82
 4, 3, 75
 5, 3, 76
 6, 3, 76
 7, 3, 75
 8, 3, 81
 11, 3, 82
 12, 3, 75
 13, 3, 76
 14, 3, 76
 15, 3, 75
 16, 3, 81
 18, 3, 74
 1, 4, 74
 3, 4, 74
 4, 4, 38
 8, 4, 74
 11, 4, 74
 15, 4, 39
 16, 4, 74
 18, 4, 74
 1, 5, 77
 3, 5, 77
 8, 5, 77
 11, 5, 77
 16, 5, 77
 18, 5, 77
 1, 6, 74
 3, 6, 82
 4, 6, 76
 5, 6, 75
 6, 6, 75
 7, 6, 76
 8, 6, 80
 9, 6, 76
 10, 6, 76
 11, 6, 80
 12, 6, 76
 13, 6, 75
 14, 6, 75
 15, 6, 76
 16, 6, 81
 18, 6, 74
 1, 7, 74
 3, 7, 77
 7, 7, 11
 12, 7, 11
 16, 7, 77
 18, 7, 74
 1, 8, 74
 3, 8, 77
 7, 8, 11
 12, 8, 11
 16, 8, 77
 18, 8, 74
 1, 9, 74
 3, 9, 82
 4, 9, 76
 5, 9, 75
 6, 9, 75
 7, 9, 76
 8, 9, 79
 9, 9, 76
 10, 9, 76
 11, 9, 79
 12, 9, 76
 13, 9, 75
 14, 9, 75
 15, 9, 76
 16, 9, 81
 18, 9, 74
 1, 10, 77
 3, 10, 77
 8, 10, 77
 11, 10, 77
 16, 10, 77
 18, 10, 77
 1, 11, 74
 3, 11, 74
 4, 11, 37
 8, 11, 74
 11, 11, 74
 15, 11, 40
 16, 11, 74
 18, 11, 74
 1, 12, 74
 3, 12, 82
 4, 12, 75
 5, 12, 76
 6, 12, 76
 7, 12, 75
 8, 12, 81
 11, 12, 82
 12, 12, 75
 13, 12, 76
 14, 12, 76
 15, 12, 75
 16, 12, 81
 18, 12, 74
 1, 13, 74
 2, 13, 25
 3, 13, 74
 8, 13, 74
 11, 13, 74
 16, 13, 74
 17, 13, 25
 18, 13, 74
 1, 14, 72
 2, 14, 76
 3, 14, 84
 8, 14, 72
 9, 14, 76
 10, 14, 76
 11, 14, 84
 16, 14, 72
 17, 14, 76
 18, 14, 84
