Laser Race v2.0 Level Map
Copyright 1992 By Neil McKnight

TITLE=LOOKS CAN BE DECEIVING
SPEED=4
--------------------
 4, 0, 67
 15, 0, 67
 1, 1, 62
 2, 1, 62
 3, 1, 62
 4, 1, 74
 9, 1, 49
 10, 1, 43
 11, 1, 49
 15, 1, 74
 16, 1, 61
 17, 1, 61
 18, 1, 61
 1, 2, 62
 2, 2, 41
 3, 2, 62
 4, 2, 74
 10, 2, 43
 15, 2, 74
 16, 2, 61
 17, 2, 41
 18, 2, 61
 1, 3, 62
 2, 3, 62
 3, 3, 62
 4, 3, 77
 10, 3, 43
 15, 3, 77
 16, 3, 61
 17, 3, 61
 18, 3, 61
 0, 4, 70
 1, 4, 75
 2, 4, 75
 3, 4, 75
 4, 4, 84
 10, 4, 43
 15, 4, 72
 16, 4, 75
 17, 4, 75
 18, 4, 75
 19, 4, 69
 10, 5, 43
 1, 6, 52
 10, 6, 43
 1, 7, 44
 2, 7, 44
 3, 7, 44
 4, 7, 44
 5, 7, 44
 6, 7, 44
 7, 7, 44
 18, 7, 51
 1, 8, 52
 12, 8, 44
 13, 8, 44
 14, 8, 44
 15, 8, 44
 16, 8, 44
 17, 8, 44
 18, 8, 44
 9, 9, 43
 18, 9, 51
 9, 10, 43
 0, 11, 70
 1, 11, 75
 2, 11, 75
 3, 11, 75
 4, 11, 83
 9, 11, 43
 15, 11, 71
 16, 11, 75
 17, 11, 75
 18, 11, 75
 19, 11, 69
 1, 12, 65
 2, 12, 65
 3, 12, 65
 4, 12, 77
 9, 12, 43
 15, 12, 77
 16, 12, 66
 17, 12, 66
 18, 12, 66
 1, 13, 65
 2, 13, 41
 3, 13, 65
 4, 13, 74
 9, 13, 43
 15, 13, 74
 16, 13, 66
 17, 13, 41
 18, 13, 66
 1, 14, 65
 2, 14, 65
 3, 14, 65
 4, 14, 74
 8, 14, 50
 9, 14, 43
 10, 14, 50
 15, 14, 74
 16, 14, 66
 17, 14, 66
 18, 14, 66
 4, 15, 68
 15, 15, 68
