    0.   
Paul
    0.   
   33.083
37408.   
TD3A:Locos/37/
TD3A:Routes/Holyhead/
 007.000
 000.180
Holyhead
 000.000
 005.000
 001.000
 000.000
 002.000
 003.000
 000.000
 050.000
 013.000
 012.000
 105.400
 000.000
 000.000
 000.000
 000.000
 000.000
 000.000
 000.000
 000.000
 000.000
 000.000
 000.000
 000.000
 000.000
 001.000
 012.125
 035.000
 000.000
 001.000
 000.000
 000.000
 000.000
 000.000
 000.000
 000.000
 001.000
 000.000
 001.000
 000.000
 000.000
 020.000
 090.000
 000.000
 000.000
 000.000
 000.000
 001.000
 099.618
 000.000
 000.000
 000.000
 023.233
 000.000
 034.000
 000.000
 000.000
 003.000
 002.000
 000.000
 001.000
 002.000
 002.000
 002.000
 001.000
 002.000
 001.000
 001.000
 002.000
 002.000
 001.000
 000.000
 001.000
TD3A:Routes/Holyhead/0034.37.timings
 216.000
 002.000
 252.960
0000000
