    0.   
Paul
   22.   
   19.367
47801.   
TD3A:Locos/47/
TD3A:Routes/Holyhead/
 009.000
 000.180
Holyhead
 000.000
 005.000
 001.000
 000.000
 002.000
 002.000
 000.000
 050.000
 013.000
 012.000
 105.400
 000.000
 000.000
 000.000
 000.000
 000.000
 000.000
 000.000
 000.000
 000.000
 000.000
 000.000
 000.000
 000.000
 001.000
 012.125
 048.000
 000.000
 001.000
 000.000
 000.000
 000.000
 000.000
 000.000
 000.000
 001.000
 000.000
 001.000
 000.000
 000.000
 020.000
 095.000
 000.000
 000.000
 000.000
 000.000
 001.000
 027.302
 000.000
 000.000
 000.000
 018.008
 022.000
 020.000
 000.000
 000.000
 002.000
 002.000
 000.000
 001.000
 002.000
 002.000
 001.000
 001.000
 002.000
 001.000
 001.000
 002.000
 002.000
 001.000
 000.000
 001.000
TD3A:Routes/Holyhead/2220.47.timings
 046.000
 002.000
 325.139
0000000
