    0.   
Paul
   11.   
   17.1  
37429.   
TD3A:Locos/37/
TD3A:Routes/Holyhead/
 007.000
 000.180
Holyhead
 000.000
 005.000
 001.000
 000.000
 002.000
 001.000
 000.000
 050.000
 013.000
 012.000
 105.400
 000.000
 000.000
 000.000
 000.000
 000.000
 000.000
 000.000
 000.000
 000.000
 000.000
 000.000
 000.000
 000.000
 001.000
 011.000
 036.000
 000.000
 001.000
 000.000
 000.000
 000.000
 000.000
 000.000
 000.000
 001.000
 000.000
 001.000
 000.000
 000.000
 020.000
 090.000
 000.000
 000.000
 000.000
 000.000
 001.000
 103.937
 000.000
 000.000
 000.000
 005.600
 011.000
 018.000
 000.000
 000.000
 000.000
 002.000
 000.000
 001.000
 002.000
 002.000
 002.000
 001.000
 002.000
 002.000
 001.000
 002.000
 002.000
 001.000
 000.000
 001.000
TD3A:Routes/Holyhead/1118.37.timings
 132.000
 002.000
 261.240
0000000
