 2
 10
 14
 14
 14
 14
 14
 14
 14
 14
 14
 14
 12
 12
 14
 14
 14
 14
 14
 14
 12
 12
 14
 14
 14
 14
 14
 14
 14
 14
 14
 14
 11
 41
 94
 94
 94
 94
 94
 94
 94
 94
 94
 177
 152
 41
 94
 94
 94
 94
 94
 177
 152
 41
 94
 94
 94
 94
 94
 94
 94
 94
 94
 177
 41
 41
 94
 35
 132
 1
 132
 1
 132
 1
 94
 177
 72
 73
 207
 13
 94
 207
 13
 177
 72
 73
 94
 132
 1
 132
 1
 132
 1
 35
 35
 177
 41
 41
 207
 13
 132
 3
 132
 3
 132
 3
 35
 94
 94
 94
 177
 41
 94
 177
 41
 94
 94
 94
 94
 132
 3
 132
 3
 132
 3
 207
 13
 177
 41
 41
 177
 41
 94
 94
 94
 94
 94
 94
 94
 177
 10
 14
 14
 73
 94
 177
 72
 14
 14
 11
 94
 94
 94
 94
 94
 94
 94
 177
 41
 177
 41
 41
 177
 42
 14
 14
 14
 14
 14
 14
 11
 177
 41
 94
 35
 35
 35
 35
 35
 35
 177
 41
 177
 10
 14
 14
 14
 14
 14
 14
 76
 177
 41
 41
 177
 41
 33
 33
 33
 33
 33
 139
 41
 177
 41
 94
 35
 35
 35
 35
 35
 35
 177
 41
 177
 41
 33
 33
 33
 33
 33
 139
 41
 177
 41
 41
 177
 41
 33
 33
 33
 33
 33
 139
 72
 14
 73
 94
 177
 5
 40
 38
 6
 35
 177
 72
 14
 73
 33
 33
 33
 33
 33
 139
 41
 177
 41
 41
 177
 41
 33
 139
 191
 32
 33
 33
 33
 34
 35
 35
 177
 36
 35
 177
 36
 35
 35
 35
 32
 33
 33
 33
 34
 190
 33
 139
 41
 177
 41
 41
 177
 41
 33
 139
 185
 190
 33
 139
 10
 14
 11
 94
 177
 67
 40
 38
 68
 35
 177
 10
 14
 11
 33
 139
 191
 187
 33
 139
 41
 177
 41
 41
 177
 41
 33
 211
 63
 187
 33
 139
 41
 177
 41
 94
 35
 35
 35
 35
 35
 35
 177
 41
 177
 41
 33
 139
 137
 63
 33
 139
 41
 177
 41
 41
 177
 41
 33
 139
 185
 187
 33
 139
 41
 177
 41
 94
 35
 19
 17
 17
 80
 35
 177
 41
 177
 41
 33
 139
 185
 187
 33
 139
 41
 177
 41
 41
 177
 41
 33
 139
 137
 63
 33
 139
 41
 177
 41
 94
 35
 19
 48
 48
 80
 35
 177
 41
 177
 41
 33
 211
 63
 187
 33
 139
 41
 177
 41
 41
 177
 41
 33
 139
 185
 187
 33
 139
 41
 177
 41
 94
 35
 35
 35
 35
 35
 35
 177
 41
 177
 41
 33
 139
 185
 187
 33
 139
 41
 177
 41
 41
 177
 41
 33
 211
 63
 187
 33
 139
 41
 177
 41
 94
 177
 5
 40
 38
 6
 35
 177
 41
 177
 41
 33
 139
 137
 63
 33
 139
 41
 177
 41
 41
 177
 41
 33
 139
 185
 188
 33
 139
 72
 14
 73
 94
 177
 36
 35
 177
 36
 35
 177
 72
 14
 73
 33
 139
 189
 187
 33
 139
 41
 177
 41
 41
 177
 41
 33
 139
 189
 32
 33
 33
 33
 34
 35
 35
 177
 67
 40
 38
 68
 35
 35
 35
 32
 33
 33
 33
 34
 188
 33
 139
 41
 177
 41
 41
 177
 41
 33
 33
 33
 33
 33
 139
 10
 14
 11
 94
 35
 35
 35
 35
 35
 35
 177
 10
 14
 11
 33
 33
 33
 33
 33
 139
 41
 177
 41
 41
 177
 41
 33
 33
 33
 33
 33
 139
 41
 177
 41
 94
 35
 35
 35
 35
 35
 35
 177
 41
 177
 41
 33
 33
 33
 33
 33
 139
 41
 177
 41
 72
 14
 74
 14
 14
 14
 14
 14
 14
 74
 14
 74
 14
 14
 14
 14
 14
 14
 14
 14
 74
 14
 74
 14
 14
 14
 14
 14
 14
 74
 14
 73
 1
 1
 30
 1
 30
 18
 1
 18
 0
 0
