 2
 10
 14
 14
 14
 14
 14
 14
 14
 14
 14
 14
 14
 14
 14
 14
 14
 14
 14
 14
 14
 14
 14
 14
 14
 14
 14
 14
 14
 14
 14
 14
 11
 41
 33
 33
 33
 33
 33
 33
 33
 33
 33
 33
 33
 33
 33
 33
 33
 33
 33
 33
 33
 33
 33
 33
 33
 33
 33
 33
 33
 33
 33
 139
 41
 41
 139
 191
 186
 190
 33
 33
 33
 33
 139
 191
 186
 190
 33
 33
 33
 33
 139
 191
 186
 190
 33
 33
 33
 33
 139
 191
 186
 190
 33
 139
 41
 41
 139
 137
 65
 187
 139
 191
 186
 190
 139
 137
 63
 187
 139
 191
 186
 190
 139
 137
 63
 187
 139
 191
 186
 190
 139
 137
 65
 187
 33
 139
 41
 41
 139
 189
 184
 188
 139
 137
 1
 187
 139
 189
 184
 188
 139
 137
 3
 187
 139
 189
 184
 188
 139
 137
 1
 187
 139
 189
 184
 188
 33
 139
 41
 41
 33
 33
 33
 33
 139
 189
 184
 188
 33
 33
 33
 33
 139
 189
 184
 188
 33
 33
 33
 33
 139
 189
 184
 188
 33
 33
 33
 33
 33
 139
 41
 41
 139
 191
 186
 190
 33
 33
 33
 33
 139
 191
 186
 190
 33
 33
 33
 33
 139
 191
 186
 190
 33
 33
 33
 33
 139
 191
 186
 190
 33
 139
 41
 41
 139
 137
 1
 187
 139
 191
 186
 190
 139
 137
 1
 187
 139
 191
 186
 190
 139
 137
 1
 187
 139
 191
 186
 190
 139
 137
 1
 187
 33
 139
 41
 41
 139
 189
 184
 188
 139
 137
 65
 187
 139
 189
 184
 188
 139
 137
 63
 187
 139
 189
 184
 188
 139
 137
 65
 187
 139
 189
 184
 188
 33
 139
 41
 41
 33
 33
 33
 33
 139
 189
 184
 188
 33
 33
 33
 33
 139
 189
 184
 188
 33
 33
 33
 33
 139
 189
 184
 188
 33
 33
 33
 33
 33
 139
 41
 41
 139
 191
 186
 190
 33
 33
 33
 33
 139
 191
 186
 190
 33
 33
 33
 33
 139
 191
 186
 190
 33
 33
 33
 33
 139
 191
 186
 190
 33
 139
 41
 41
 139
 137
 63
 187
 139
 191
 186
 190
 139
 137
 65
 187
 139
 191
 186
 190
 139
 137
 65
 187
 139
 191
 186
 190
 139
 137
 63
 187
 33
 139
 41
 41
 139
 189
 184
 188
 139
 137
 1
 187
 139
 189
 184
 188
 139
 137
 1
 187
 139
 189
 184
 188
 139
 137
 1
 187
 139
 189
 184
 188
 33
 139
 41
 41
 33
 33
 33
 33
 139
 189
 184
 188
 33
 33
 33
 33
 139
 189
 184
 188
 33
 33
 33
 33
 139
 189
 184
 188
 33
 33
 33
 33
 33
 139
 41
 41
 139
 191
 186
 190
 33
 33
 33
 33
 139
 191
 186
 190
 33
 33
 33
 33
 139
 191
 186
 190
 33
 33
 33
 33
 139
 191
 186
 190
 33
 139
 41
 41
 139
 137
 3
 187
 139
 191
 186
 190
 139
 137
 1
 187
 139
 191
 186
 190
 139
 137
 1
 187
 139
 191
 186
 190
 139
 137
 3
 187
 33
 139
 41
 41
 139
 189
 184
 188
 139
 137
 63
 187
 139
 189
 184
 188
 139
 137
 65
 187
 139
 189
 184
 188
 139
 137
 63
 187
 139
 189
 184
 188
 33
 139
 41
 41
 33
 33
 33
 33
 139
 189
 184
 188
 33
 33
 33
 33
 139
 189
 184
 188
 33
 33
 33
 33
 139
 189
 184
 188
 33
 33
 33
 33
 33
 139
 41
 41
 33
 33
 33
 33
 33
 33
 33
 33
 33
 33
 33
 33
 33
 33
 33
 33
 33
 33
 33
 33
 33
 33
 33
 33
 33
 33
 33
 33
 33
 139
 41
 72
 14
 14
 14
 14
 14
 14
 14
 14
 14
 14
 14
 14
 14
 14
 14
 14
 14
 14
 14
 14
 14
 14
 14
 14
 14
 14
 14
 14
 14
 14
 73
 14
 10
 16
 10
 1
 5
 1
 13
 0
 0
