 2
 5
 9
 9
 9
 9
 9
 9
 9
 9
 9
 9
 9
 9
 9
 9
 9
 9
 9
 9
 9
 9
 9
 9
 9
 9
 9
 9
 9
 9
 9
 9
 6
 36
 94
 94
 94
 94
 94
 94
 94
 94
 94
 94
 94
 94
 94
 94
 94
 94
 94
 94
 94
 94
 94
 94
 94
 94
 94
 94
 94
 94
 94
 177
 36
 36
 177
 5
 9
 9
 9
 9
 9
 9
 9
 9
 9
 9
 9
 9
 40
 38
 9
 9
 9
 9
 9
 9
 9
 9
 9
 9
 9
 9
 6
 177
 36
 36
 177
 36
 94
 32
 33
 33
 33
 33
 33
 33
 33
 33
 33
 34
 94
 94
 32
 33
 33
 33
 33
 33
 33
 33
 33
 33
 34
 177
 36
 177
 36
 36
 177
 37
 40
 203
 203
 203
 196
 139
 197
 203
 203
 203
 203
 203
 35
 35
 203
 203
 203
 203
 203
 196
 139
 197
 203
 203
 203
 38
 71
 177
 36
 36
 177
 36
 35
 32
 33
 33
 33
 33
 33
 33
 33
 33
 33
 34
 35
 35
 32
 33
 33
 33
 33
 33
 33
 33
 33
 33
 34
 177
 36
 177
 36
 36
 177
 36
 35
 186
 186
 186
 190
 206
 191
 186
 186
 186
 186
 186
 35
 35
 186
 186
 186
 186
 186
 190
 206
 191
 186
 186
 186
 177
 36
 177
 36
 36
 177
 100
 3
 207
 13
 94
 94
 94
 35
 35
 35
 35
 35
 35
 15
 15
 35
 35
 35
 35
 94
 94
 94
 94
 207
 13
 132
 143
 36
 177
 36
 36
 208
 70
 35
 177
 41
 94
 132
 4
 94
 94
 35
 35
 22
 24
 58
 58
 24
 23
 35
 94
 94
 132
 4
 94
 177
 41
 94
 208
 70
 177
 36
 36
 94
 94
 94
 177
 41
 94
 94
 94
 94
 94
 35
 19
 27
 27
 47
 47
 27
 27
 80
 94
 94
 94
 94
 94
 177
 41
 94
 94
 94
 177
 36
 36
 94
 35
 35
 177
 41
 94
 94
 94
 94
 35
 35
 19
 27
 27
 47
 47
 27
 27
 80
 94
 94
 94
 94
 94
 177
 41
 94
 94
 35
 177
 36
 36
 207
 8
 35
 177
 41
 94
 132
 4
 94
 35
 35
 35
 84
 86
 58
 58
 86
 85
 35
 94
 94
 132
 4
 94
 177
 41
 94
 207
 8
 177
 36
 36
 177
 100
 3
 208
 75
 94
 94
 94
 94
 94
 94
 35
 35
 94
 77
 77
 35
 35
 94
 94
 94
 94
 94
 94
 208
 75
 132
 143
 36
 177
 36
 36
 177
 36
 94
 184
 184
 184
 184
 184
 184
 184
 184
 184
 184
 184
 94
 94
 184
 184
 184
 184
 184
 184
 184
 184
 184
 184
 184
 177
 36
 177
 36
 36
 177
 36
 94
 32
 33
 33
 33
 33
 33
 33
 33
 33
 33
 34
 35
 35
 32
 33
 33
 33
 33
 33
 33
 33
 33
 33
 34
 177
 36
 177
 36
 36
 177
 67
 9
 9
 9
 9
 9
 9
 9
 9
 9
 9
 9
 9
 40
 38
 9
 9
 9
 9
 9
 9
 9
 9
 9
 9
 9
 9
 68
 177
 36
 36
 94
 35
 35
 35
 94
 94
 35
 35
 35
 35
 35
 94
 94
 94
 94
 94
 94
 94
 94
 94
 94
 94
 94
 94
 94
 94
 94
 94
 35
 177
 36
 36
 35
 38
 9
 9
 9
 9
 9
 9
 9
 9
 9
 9
 9
 9
 40
 38
 9
 9
 9
 9
 9
 9
 9
 9
 9
 9
 9
 9
 40
 177
 36
 36
 94
 35
 35
 94
 94
 94
 94
 94
 94
 94
 94
 94
 94
 35
 35
 35
 94
 94
 94
 94
 94
 94
 94
 94
 94
 94
 94
 94
 94
 177
 36
 67
 9
 9
 9
 9
 9
 9
 9
 9
 9
 9
 9
 9
 9
 9
 9
 9
 9
 9
 9
 9
 9
 9
 9
 9
 9
 9
 9
 9
 9
 9
 68
 3
 3
 28
 3
 28
 16
 3
 16
 0
 0
