 2
 5
 9
 9
 9
 9
 9
 9
 9
 9
 9
 9
 7
 9
 9
 9
 9
 9
 9
 9
 9
 7
 9
 9
 9
 9
 9
 9
 9
 9
 9
 9
 6
 36
 33
 33
 33
 33
 33
 33
 33
 33
 34
 177
 36
 35
 35
 35
 35
 35
 35
 35
 177
 36
 35
 32
 33
 33
 33
 33
 33
 33
 33
 139
 36
 36
 139
 191
 186
 186
 186
 186
 186
 186
 186
 177
 36
 35
 16
 80
 35
 35
 19
 18
 177
 36
 35
 186
 186
 186
 186
 186
 186
 186
 190
 139
 36
 36
 139
 182
 5
 9
 9
 9
 9
 40
 35
 177
 36
 94
 78
 80
 94
 94
 19
 81
 177
 36
 94
 35
 38
 9
 9
 9
 9
 6
 187
 139
 36
 36
 139
 182
 36
 33
 33
 34
 66
 35
 35
 177
 36
 35
 35
 35
 35
 35
 35
 35
 177
 36
 35
 35
 35
 66
 32
 33
 139
 36
 187
 139
 36
 36
 139
 182
 36
 211
 65
 186
 66
 94
 94
 208
 70
 177
 5
 40
 35
 94
 38
 6
 208
 70
 94
 35
 94
 66
 138
 63
 139
 36
 187
 139
 36
 36
 139
 182
 36
 206
 185
 207
 13
 35
 35
 35
 35
 177
 36
 35
 35
 35
 177
 36
 35
 35
 35
 35
 207
 13
 66
 187
 180
 36
 187
 139
 36
 36
 139
 208
 70
 66
 178
 10
 73
 94
 94
 177
 5
 9
 68
 94
 15
 15
 177
 67
 9
 6
 94
 35
 177
 72
 11
 66
 208
 70
 187
 139
 36
 36
 206
 185
 35
 35
 208
 75
 35
 35
 35
 208
 70
 35
 35
 35
 50
 50
 35
 35
 208
 70
 35
 35
 35
 208
 75
 66
 35
 35
 187
 179
 36
 36
 35
 35
 35
 35
 35
 35
 35
 35
 35
 35
 35
 94
 19
 79
 47
 47
 79
 80
 35
 35
 35
 35
 35
 35
 35
 66
 35
 35
 94
 177
 36
 36
 35
 35
 35
 35
 35
 35
 35
 35
 94
 35
 35
 35
 19
 79
 47
 47
 79
 80
 35
 35
 35
 35
 35
 35
 35
 66
 35
 35
 94
 177
 36
 36
 205
 185
 35
 35
 207
 13
 35
 35
 35
 207
 8
 35
 35
 35
 50
 50
 35
 35
 207
 8
 35
 35
 35
 207
 13
 66
 35
 35
 187
 180
 36
 36
 139
 207
 8
 66
 178
 72
 11
 94
 94
 177
 67
 9
 6
 35
 77
 77
 177
 5
 9
 68
 35
 94
 177
 10
 73
 66
 207
 8
 187
 139
 36
 36
 139
 182
 36
 205
 185
 208
 75
 35
 35
 35
 35
 177
 36
 35
 35
 35
 177
 36
 35
 35
 35
 35
 208
 75
 66
 187
 179
 36
 187
 139
 36
 36
 139
 182
 36
 211
 3
 184
 66
 94
 94
 207
 8
 177
 67
 40
 94
 94
 38
 68
 207
 8
 94
 94
 35
 66
 136
 1
 139
 36
 187
 139
 36
 36
 139
 182
 36
 33
 33
 34
 66
 35
 35
 177
 36
 35
 35
 35
 35
 35
 35
 35
 177
 36
 35
 35
 35
 66
 32
 33
 139
 36
 187
 139
 36
 36
 139
 182
 67
 9
 9
 9
 9
 40
 35
 177
 36
 94
 16
 80
 35
 35
 19
 18
 177
 36
 94
 35
 38
 9
 9
 9
 9
 68
 187
 139
 36
 36
 139
 189
 184
 184
 184
 184
 184
 184
 184
 177
 36
 35
 78
 80
 35
 35
 19
 81
 177
 36
 35
 184
 184
 184
 184
 184
 184
 184
 188
 139
 36
 36
 33
 33
 33
 33
 33
 33
 33
 33
 34
 177
 36
 94
 94
 94
 94
 94
 94
 94
 177
 36
 35
 32
 33
 33
 33
 33
 33
 33
 33
 139
 36
 67
 9
 9
 9
 9
 9
 9
 9
 9
 9
 9
 69
 9
 9
 9
 9
 9
 9
 9
 9
 69
 9
 9
 9
 9
 9
 9
 9
 9
 9
 9
 68
 2
 2
 29
 17
 29
 2
 2
 17
 0
 1
