 2
 10
 14
 14
 14
 14
 14
 14
 14
 14
 14
 14
 14
 14
 14
 14
 14
 14
 14
 14
 14
 14
 14
 14
 14
 14
 14
 14
 14
 14
 14
 14
 11
 41
 33
 33
 33
 33
 33
 33
 33
 33
 33
 33
 33
 33
 33
 33
 33
 33
 33
 33
 33
 33
 33
 33
 33
 33
 33
 33
 33
 33
 33
 139
 41
 41
 33
 33
 33
 33
 33
 33
 33
 33
 33
 33
 33
 33
 33
 33
 33
 33
 33
 33
 33
 33
 33
 33
 33
 33
 33
 33
 33
 33
 33
 139
 41
 41
 33
 211
 1
 203
 203
 203
 203
 203
 203
 203
 203
 203
 212
 65
 33
 211
 65
 203
 203
 203
 203
 203
 203
 203
 203
 203
 212
 1
 33
 139
 41
 41
 33
 139
 204
 33
 33
 33
 33
 33
 33
 33
 33
 33
 33
 33
 33
 33
 33
 33
 33
 33
 33
 33
 33
 33
 33
 33
 139
 204
 33
 139
 41
 41
 33
 211
 65
 139
 191
 203
 203
 203
 203
 203
 203
 203
 212
 65
 33
 211
 65
 203
 203
 203
 203
 203
 203
 203
 203
 190
 211
 65
 33
 139
 41
 41
 33
 33
 33
 211
 65
 33
 33
 33
 33
 33
 33
 33
 33
 33
 33
 33
 33
 33
 33
 33
 33
 33
 33
 33
 211
 65
 33
 33
 33
 139
 41
 41
 33
 211
 65
 33
 33
 211
 65
 203
 203
 203
 203
 203
 212
 65
 33
 211
 65
 203
 203
 203
 203
 203
 212
 65
 33
 33
 211
 65
 33
 139
 41
 41
 33
 139
 204
 211
 65
 33
 33
 33
 33
 33
 33
 33
 33
 33
 33
 33
 33
 33
 33
 33
 33
 33
 33
 33
 211
 65
 139
 204
 33
 139
 41
 41
 33
 139
 204
 139
 204
 211
 65
 211
 1
 186
 186
 186
 138
 65
 33
 211
 65
 186
 186
 186
 138
 1
 211
 65
 139
 204
 139
 204
 33
 139
 41
 41
 33
 139
 204
 139
 204
 211
 65
 211
 1
 184
 184
 184
 136
 65
 33
 211
 65
 184
 184
 184
 136
 1
 211
 65
 139
 204
 139
 204
 33
 139
 41
 41
 33
 139
 204
 211
 65
 33
 33
 33
 33
 33
 33
 33
 33
 33
 33
 33
 33
 33
 33
 33
 33
 33
 33
 33
 211
 65
 139
 204
 33
 139
 41
 41
 33
 211
 65
 33
 33
 211
 65
 203
 203
 203
 203
 203
 212
 65
 33
 211
 65
 203
 203
 203
 203
 203
 212
 65
 33
 33
 211
 65
 33
 139
 41
 41
 33
 33
 33
 211
 65
 33
 33
 33
 33
 33
 33
 33
 33
 33
 33
 33
 33
 33
 33
 33
 33
 33
 33
 33
 211
 65
 33
 33
 33
 139
 41
 41
 33
 211
 65
 139
 189
 203
 203
 203
 203
 203
 203
 203
 212
 65
 33
 211
 65
 203
 203
 203
 203
 203
 203
 203
 203
 188
 211
 65
 33
 139
 41
 41
 33
 139
 204
 33
 33
 33
 33
 33
 33
 33
 33
 33
 33
 33
 33
 33
 33
 33
 33
 33
 33
 33
 33
 33
 33
 33
 139
 204
 33
 139
 41
 41
 33
 211
 1
 203
 203
 203
 203
 203
 203
 203
 203
 203
 212
 65
 33
 211
 65
 203
 203
 203
 203
 203
 203
 203
 203
 203
 212
 1
 33
 139
 41
 41
 33
 33
 33
 33
 33
 33
 33
 33
 33
 33
 33
 33
 33
 33
 33
 33
 33
 33
 33
 33
 33
 33
 33
 33
 33
 33
 33
 33
 33
 139
 41
 41
 33
 33
 33
 33
 33
 33
 33
 33
 33
 33
 33
 33
 33
 33
 33
 33
 33
 33
 33
 33
 33
 33
 33
 33
 33
 33
 33
 33
 33
 139
 41
 72
 14
 14
 14
 14
 14
 14
 14
 14
 14
 14
 14
 14
 14
 14
 14
 14
 14
 14
 14
 14
 14
 14
 14
 14
 14
 14
 14
 14
 14
 14
 73
 2
 6
 29
 6
 2
 13
 29
 13
 0
 0
