 2
 10
 14
 14
 14
 14
 14
 14
 14
 14
 14
 14
 14
 14
 14
 14
 14
 14
 14
 14
 14
 14
 14
 14
 14
 14
 14
 14
 14
 14
 14
 14
 11
 41
 94
 94
 94
 94
 94
 94
 94
 94
 94
 94
 94
 94
 94
 94
 94
 94
 94
 94
 94
 94
 94
 177
 41
 94
 94
 94
 94
 94
 94
 177
 41
 41
 177
 5
 40
 94
 94
 19
 79
 79
 79
 17
 17
 79
 79
 80
 94
 94
 94
 94
 94
 94
 94
 177
 41
 94
 94
 94
 94
 94
 94
 177
 41
 41
 177
 36
 94
 94
 94
 94
 94
 94
 94
 50
 50
 94
 94
 94
 94
 94
 94
 15
 94
 94
 94
 208
 75
 94
 94
 94
 94
 94
 94
 177
 41
 41
 177
 36
 94
 94
 94
 94
 132
 3
 94
 50
 50
 94
 94
 94
 94
 94
 94
 50
 94
 94
 94
 207
 13
 94
 94
 94
 94
 94
 94
 177
 41
 41
 177
 36
 94
 94
 94
 94
 94
 94
 94
 50
 50
 94
 94
 22
 26
 26
 23
 50
 35
 15
 94
 177
 41
 94
 94
 94
 94
 94
 94
 177
 41
 41
 177
 36
 132
 63
 94
 94
 94
 94
 94
 50
 50
 94
 94
 87
 38
 6
 84
 58
 26
 58
 23
 177
 41
 94
 94
 94
 94
 94
 94
 177
 41
 41
 177
 36
 94
 94
 94
 94
 94
 94
 94
 50
 50
 94
 132
 99
 144
 67
 40
 114
 65
 58
 53
 177
 72
 14
 45
 43
 14
 45
 43
 14
 41
 41
 177
 67
 9
 9
 9
 40
 94
 94
 94
 77
 77
 94
 94
 32
 184
 184
 184
 77
 55
 58
 85
 94
 94
 35
 94
 94
 94
 94
 94
 177
 41
 41
 94
 94
 94
 94
 94
 94
 94
 94
 94
 94
 94
 94
 94
 32
 33
 33
 34
 94
 35
 50
 94
 94
 94
 94
 94
 94
 94
 94
 94
 177
 41
 41
 94
 94
 94
 94
 94
 94
 94
 94
 94
 94
 94
 94
 94
 32
 33
 33
 34
 94
 35
 50
 94
 94
 94
 94
 94
 94
 94
 94
 94
 177
 41
 41
 177
 5
 9
 9
 9
 9
 40
 35
 94
 94
 94
 94
 94
 32
 186
 186
 186
 15
 55
 58
 26
 23
 94
 132
 1
 94
 94
 94
 94
 177
 41
 41
 177
 36
 94
 94
 94
 94
 94
 94
 94
 94
 94
 94
 132
 99
 4
 38
 40
 50
 66
 46
 79
 27
 80
 94
 94
 94
 94
 94
 94
 177
 41
 41
 177
 36
 94
 94
 94
 94
 94
 94
 94
 94
 94
 94
 94
 55
 26
 26
 23
 50
 22
 58
 26
 85
 35
 94
 94
 94
 94
 94
 94
 177
 41
 41
 177
 36
 94
 94
 132
 3
 94
 94
 94
 94
 94
 94
 94
 94
 94
 94
 84
 58
 85
 78
 79
 80
 94
 94
 94
 94
 94
 94
 94
 177
 41
 41
 177
 36
 94
 94
 94
 94
 94
 94
 94
 94
 94
 94
 94
 19
 79
 79
 79
 47
 79
 79
 79
 80
 94
 94
 94
 94
 94
 132
 63
 177
 41
 41
 177
 36
 94
 94
 94
 94
 94
 94
 94
 94
 94
 94
 94
 19
 79
 79
 79
 47
 79
 79
 79
 80
 94
 94
 94
 132
 3
 94
 94
 177
 41
 41
 177
 67
 9
 9
 9
 9
 9
 9
 40
 132
 63
 94
 94
 94
 94
 94
 94
 77
 94
 94
 94
 94
 94
 94
 94
 94
 94
 94
 94
 177
 41
 41
 94
 94
 94
 94
 94
 94
 94
 94
 94
 94
 94
 94
 94
 94
 94
 94
 94
 94
 94
 94
 132
 1
 94
 94
 94
 94
 94
 94
 94
 177
 41
 72
 14
 14
 14
 14
 14
 14
 14
 14
 14
 14
 14
 14
 14
 14
 14
 14
 14
 14
 14
 14
 14
 14
 14
 14
 14
 14
 14
 14
 14
 14
 73
 13
 16
 23
 15
 23
 16
 13
 15
 0
 0
