 2
 5
 9
 9
 7
 9
 9
 9
 9
 9
 9
 9
 9
 9
 9
 9
 9
 9
 9
 9
 9
 9
 9
 9
 9
 9
 9
 9
 9
 7
 9
 9
 6
 36
 94
 208
 70
 94
 94
 94
 94
 94
 94
 94
 94
 94
 94
 94
 94
 94
 94
 94
 94
 94
 94
 94
 94
 94
 94
 94
 208
 70
 94
 177
 36
 37
 40
 94
 94
 94
 94
 22
 26
 26
 26
 26
 26
 26
 26
 26
 26
 26
 26
 26
 26
 26
 26
 26
 26
 26
 23
 94
 94
 94
 94
 38
 71
 36
 94
 94
 35
 19
 17
 27
 80
 94
 94
 94
 94
 94
 94
 94
 94
 94
 94
 94
 94
 94
 94
 94
 94
 19
 27
 17
 80
 35
 94
 177
 36
 37
 40
 94
 35
 55
 58
 88
 94
 94
 184
 184
 184
 184
 136
 4
 2
 134
 4
 184
 184
 184
 184
 184
 35
 94
 54
 58
 57
 35
 94
 38
 71
 36
 94
 94
 94
 35
 77
 53
 35
 187
 33
 33
 33
 33
 33
 33
 33
 33
 33
 33
 33
 33
 33
 139
 185
 94
 53
 77
 35
 35
 94
 177
 36
 37
 40
 207
 13
 35
 35
 53
 35
 187
 33
 33
 33
 33
 33
 33
 33
 33
 33
 33
 33
 33
 33
 139
 185
 94
 53
 35
 207
 13
 94
 38
 71
 36
 94
 208
 75
 35
 35
 53
 94
 187
 139
 191
 203
 203
 203
 32
 33
 33
 34
 203
 203
 203
 190
 139
 185
 94
 53
 35
 208
 75
 94
 177
 36
 37
 40
 94
 35
 35
 22
 85
 132
 4
 139
 204
 33
 33
 33
 33
 33
 33
 33
 33
 33
 139
 204
 211
 4
 94
 84
 23
 35
 35
 35
 38
 71
 36
 94
 35
 35
 19
 27
 80
 35
 32
 139
 204
 33
 33
 33
 33
 33
 33
 33
 33
 33
 139
 204
 33
 34
 35
 19
 27
 80
 35
 35
 177
 36
 36
 94
 35
 35
 19
 27
 80
 35
 32
 139
 204
 33
 33
 33
 33
 33
 33
 33
 33
 33
 139
 204
 33
 34
 35
 19
 27
 80
 35
 35
 177
 36
 37
 40
 94
 35
 35
 84
 23
 132
 4
 139
 204
 33
 33
 33
 33
 33
 33
 33
 33
 33
 139
 204
 211
 4
 94
 22
 85
 35
 35
 35
 38
 71
 36
 94
 207
 13
 35
 35
 53
 94
 187
 139
 189
 203
 203
 203
 203
 203
 203
 203
 203
 203
 203
 188
 139
 185
 94
 53
 35
 207
 13
 94
 177
 36
 37
 40
 208
 75
 35
 35
 53
 35
 187
 33
 33
 33
 33
 33
 33
 33
 33
 33
 33
 33
 33
 33
 139
 185
 94
 53
 35
 208
 75
 94
 38
 71
 36
 94
 94
 94
 35
 15
 53
 35
 187
 33
 33
 33
 33
 33
 33
 33
 33
 33
 33
 33
 33
 33
 139
 185
 94
 53
 15
 35
 35
 94
 177
 36
 37
 40
 94
 35
 55
 58
 88
 35
 94
 186
 186
 186
 186
 138
 4
 64
 135
 4
 186
 186
 186
 186
 186
 94
 94
 54
 58
 57
 35
 94
 38
 71
 36
 94
 94
 35
 19
 48
 27
 80
 94
 94
 94
 94
 94
 94
 94
 94
 94
 94
 94
 94
 94
 94
 94
 94
 19
 27
 48
 80
 35
 94
 177
 36
 37
 40
 94
 94
 94
 94
 84
 26
 26
 26
 26
 26
 26
 26
 26
 26
 26
 26
 26
 26
 26
 26
 26
 26
 26
 85
 94
 94
 35
 94
 38
 71
 36
 94
 207
 8
 94
 94
 94
 94
 94
 94
 94
 94
 94
 94
 94
 94
 94
 94
 94
 94
 94
 94
 94
 94
 94
 94
 94
 207
 8
 94
 177
 36
 67
 9
 9
 69
 9
 9
 9
 9
 9
 9
 9
 9
 9
 9
 9
 9
 9
 9
 9
 9
 9
 9
 9
 9
 9
 9
 9
 9
 69
 9
 9
 68
 2
 2
 29
 2
 29
 17
 2
 17
 0
 0
