 2
 10
 14
 14
 14
 14
 14
 14
 14
 14
 14
 14
 12
 14
 14
 14
 14
 14
 14
 14
 14
 12
 14
 14
 14
 14
 14
 14
 14
 14
 14
 14
 11
 41
 33
 33
 33
 34
 35
 35
 94
 94
 94
 177
 41
 94
 184
 32
 33
 33
 34
 184
 177
 41
 94
 94
 94
 94
 35
 35
 32
 33
 33
 139
 41
 41
 139
 191
 186
 186
 132
 65
 94
 132
 65
 208
 75
 187
 33
 33
 33
 33
 33
 139
 208
 75
 132
 65
 94
 132
 65
 94
 186
 186
 190
 139
 41
 41
 139
 137
 1
 184
 184
 184
 184
 184
 184
 184
 184
 188
 139
 5
 9
 9
 6
 139
 189
 184
 184
 184
 184
 184
 184
 184
 136
 1
 187
 139
 41
 41
 206
 185
 187
 33
 33
 33
 33
 33
 33
 33
 33
 33
 139
 36
 35
 177
 36
 33
 33
 33
 33
 33
 33
 33
 33
 33
 139
 185
 187
 180
 41
 41
 35
 94
 187
 211
 1
 186
 190
 64
 180
 5
 9
 9
 9
 68
 35
 177
 67
 9
 9
 9
 6
 64
 206
 191
 138
 1
 139
 185
 94
 177
 41
 41
 207
 8
 187
 139
 185
 94
 94
 94
 177
 36
 94
 94
 94
 94
 35
 35
 94
 94
 94
 177
 36
 94
 94
 94
 94
 187
 139
 207
 8
 177
 41
 41
 208
 70
 187
 139
 185
 94
 94
 94
 177
 36
 94
 94
 207
 13
 35
 207
 13
 35
 94
 177
 36
 94
 94
 94
 94
 187
 139
 208
 70
 177
 41
 41
 205
 189
 188
 139
 185
 94
 177
 5
 9
 68
 94
 94
 43
 76
 35
 177
 42
 45
 94
 177
 67
 9
 6
 94
 94
 187
 139
 189
 188
 179
 41
 41
 33
 33
 33
 139
 207
 8
 208
 70
 94
 94
 94
 94
 208
 75
 35
 208
 75
 94
 94
 94
 94
 208
 70
 207
 8
 187
 33
 33
 33
 139
 41
 41
 33
 33
 33
 139
 208
 70
 207
 8
 94
 94
 94
 94
 207
 13
 35
 207
 13
 94
 94
 94
 94
 207
 8
 208
 70
 187
 33
 33
 33
 139
 41
 41
 206
 191
 190
 139
 185
 94
 177
 67
 9
 6
 94
 94
 43
 76
 35
 177
 41
 45
 94
 177
 5
 9
 68
 94
 94
 187
 139
 191
 190
 180
 41
 41
 207
 8
 187
 139
 185
 94
 94
 94
 177
 36
 94
 94
 208
 75
 35
 208
 75
 35
 94
 177
 36
 94
 94
 94
 94
 187
 139
 207
 8
 177
 41
 41
 208
 70
 187
 139
 185
 94
 94
 94
 177
 36
 94
 94
 94
 94
 94
 94
 94
 94
 94
 177
 36
 94
 94
 94
 94
 187
 139
 208
 70
 177
 41
 41
 35
 94
 187
 211
 1
 184
 188
 2
 179
 67
 9
 9
 9
 6
 35
 177
 5
 9
 9
 9
 68
 2
 205
 189
 136
 1
 139
 185
 94
 177
 41
 41
 205
 185
 187
 33
 33
 33
 33
 33
 33
 33
 33
 33
 139
 36
 35
 177
 36
 33
 33
 33
 33
 33
 33
 33
 33
 33
 139
 185
 187
 179
 41
 41
 139
 137
 1
 186
 186
 186
 186
 186
 186
 186
 186
 190
 139
 67
 9
 9
 68
 139
 191
 186
 186
 186
 186
 186
 186
 186
 138
 1
 187
 139
 41
 41
 139
 189
 184
 184
 132
 65
 94
 132
 65
 207
 13
 187
 33
 33
 33
 33
 33
 139
 207
 13
 132
 65
 94
 132
 65
 94
 184
 184
 188
 139
 41
 41
 33
 33
 33
 34
 35
 35
 35
 35
 35
 177
 41
 94
 186
 32
 33
 33
 34
 186
 177
 41
 94
 94
 94
 94
 35
 35
 32
 33
 33
 139
 41
 72
 14
 14
 14
 14
 14
 14
 14
 14
 14
 14
 74
 14
 14
 14
 14
 14
 14
 14
 14
 74
 14
 14
 14
 14
 14
 14
 14
 14
 14
 14
 73
 2
 2
 29
 17
 29
 2
 2
 17
 0
 0
