 1
 10
 14
 14
 14
 14
 14
 14
 14
 14
 14
 14
 14
 14
 14
 14
 14
 14
 14
 14
 14
 14
 14
 14
 14
 14
 14
 14
 14
 14
 14
 14
 11
 41
 94
 94
 94
 94
 94
 94
 94
 94
 94
 94
 94
 94
 94
 94
 94
 94
 94
 94
 94
 94
 94
 94
 94
 94
 94
 94
 94
 94
 25
 177
 41
 41
 94
 55
 26
 26
 26
 26
 26
 26
 26
 26
 26
 26
 26
 26
 26
 26
 26
 26
 26
 26
 26
 26
 26
 26
 26
 26
 57
 94
 53
 177
 41
 41
 94
 25
 94
 94
 94
 94
 94
 94
 94
 94
 94
 94
 94
 94
 94
 94
 94
 94
 94
 94
 94
 94
 94
 94
 94
 94
 25
 94
 53
 177
 41
 41
 94
 53
 94
 55
 26
 26
 26
 26
 26
 26
 26
 26
 26
 26
 26
 26
 26
 26
 26
 26
 26
 26
 26
 26
 57
 94
 53
 94
 53
 177
 41
 41
 94
 53
 94
 25
 94
 94
 94
 94
 94
 94
 94
 94
 94
 94
 94
 94
 94
 94
 94
 94
 94
 94
 94
 94
 25
 94
 53
 94
 53
 177
 41
 41
 94
 53
 94
 53
 94
 55
 26
 26
 26
 26
 26
 26
 26
 26
 26
 26
 26
 26
 26
 26
 26
 26
 57
 94
 53
 94
 53
 94
 53
 177
 41
 41
 94
 53
 94
 53
 94
 25
 94
 94
 94
 94
 94
 94
 94
 94
 94
 94
 94
 94
 94
 94
 94
 94
 25
 94
 53
 94
 53
 94
 53
 177
 41
 41
 94
 53
 94
 53
 94
 53
 94
 22
 26
 26
 26
 26
 26
 26
 26
 26
 26
 26
 26
 26
 23
 94
 53
 94
 53
 94
 53
 94
 53
 177
 41
 41
 94
 53
 94
 53
 94
 53
 94
 54
 26
 26
 26
 26
 26
 26
 26
 26
 26
 26
 26
 26
 85
 94
 53
 94
 53
 94
 53
 94
 53
 177
 41
 41
 94
 53
 94
 53
 94
 53
 94
 53
 94
 94
 94
 94
 94
 94
 94
 94
 94
 94
 94
 94
 94
 94
 87
 94
 53
 94
 53
 94
 53
 177
 41
 41
 94
 53
 94
 53
 94
 53
 94
 87
 55
 26
 26
 26
 26
 26
 26
 26
 26
 26
 26
 26
 26
 26
 57
 94
 53
 94
 53
 94
 53
 177
 41
 41
 94
 53
 94
 53
 94
 87
 94
 94
 94
 94
 94
 94
 94
 94
 94
 94
 94
 94
 94
 94
 94
 94
 35
 94
 87
 94
 53
 94
 53
 177
 41
 41
 94
 53
 94
 53
 94
 55
 26
 26
 26
 26
 26
 26
 26
 26
 26
 26
 26
 26
 26
 26
 26
 26
 26
 26
 57
 94
 53
 94
 53
 177
 41
 41
 94
 53
 94
 87
 94
 94
 94
 94
 94
 94
 94
 94
 94
 94
 94
 94
 94
 94
 94
 94
 94
 94
 94
 35
 35
 35
 87
 94
 53
 177
 41
 41
 94
 53
 94
 55
 26
 26
 26
 26
 26
 26
 26
 26
 26
 26
 26
 26
 26
 26
 26
 26
 26
 26
 26
 26
 26
 26
 57
 94
 53
 177
 41
 41
 94
 87
 94
 94
 94
 94
 94
 94
 94
 94
 94
 94
 94
 94
 94
 94
 94
 94
 94
 94
 94
 94
 94
 94
 94
 94
 94
 94
 87
 177
 41
 41
 94
 55
 26
 26
 26
 26
 26
 26
 26
 26
 26
 26
 26
 26
 26
 26
 26
 26
 26
 26
 26
 26
 26
 26
 26
 26
 26
 26
 57
 177
 41
 41
 94
 94
 94
 94
 94
 94
 94
 94
 94
 94
 94
 94
 94
 94
 94
 94
 94
 94
 94
 94
 94
 94
 94
 94
 94
 94
 94
 94
 94
 177
 41
 72
 14
 14
 14
 14
 14
 14
 14
 14
 14
 14
 14
 14
 14
 14
 14
 14
 14
 14
 14
 14
 14
 14
 14
 14
 14
 14
 14
 14
 14
 14
 73
 9
 10
 30
 1
 0
 0
