 2
 10
 14
 14
 14
 14
 14
 14
 14
 14
 14
 14
 14
 14
 14
 14
 14
 14
 14
 14
 14
 14
 14
 14
 14
 14
 14
 14
 14
 14
 14
 14
 11
 41
 94
 32
 33
 34
 94
 94
 32
 33
 34
 94
 94
 32
 33
 34
 94
 94
 32
 33
 34
 94
 94
 32
 33
 34
 94
 94
 32
 33
 34
 177
 41
 41
 94
 32
 33
 34
 94
 94
 32
 33
 34
 94
 94
 32
 33
 34
 94
 94
 32
 33
 34
 94
 94
 32
 33
 34
 94
 94
 32
 33
 34
 177
 41
 41
 94
 32
 211
 63
 2
 134
 3
 211
 63
 2
 134
 3
 211
 63
 2
 134
 3
 211
 63
 2
 134
 3
 211
 63
 2
 134
 3
 33
 34
 177
 41
 41
 94
 32
 33
 33
 33
 33
 33
 33
 33
 33
 33
 33
 33
 33
 33
 33
 33
 33
 33
 33
 33
 33
 33
 33
 33
 33
 33
 33
 34
 177
 41
 41
 94
 32
 211
 3
 64
 135
 65
 211
 3
 64
 135
 65
 211
 3
 64
 135
 65
 211
 3
 64
 135
 65
 211
 3
 64
 135
 65
 33
 34
 177
 41
 41
 94
 32
 33
 34
 94
 94
 32
 33
 34
 94
 94
 32
 33
 34
 94
 94
 32
 33
 34
 94
 94
 32
 33
 34
 94
 94
 32
 33
 34
 177
 41
 41
 94
 32
 33
 34
 94
 94
 32
 33
 34
 94
 94
 32
 33
 34
 94
 94
 32
 33
 34
 94
 94
 32
 33
 34
 94
 94
 32
 33
 34
 177
 41
 41
 94
 32
 211
 65
 2
 134
 1
 211
 65
 2
 134
 1
 211
 65
 2
 134
 1
 211
 65
 2
 134
 1
 211
 65
 2
 134
 1
 33
 34
 177
 41
 41
 94
 32
 33
 33
 33
 33
 33
 33
 33
 33
 33
 33
 33
 33
 33
 33
 33
 33
 33
 33
 33
 33
 33
 33
 33
 33
 33
 33
 34
 177
 41
 41
 94
 32
 211
 1
 64
 135
 63
 211
 1
 64
 135
 63
 211
 1
 64
 135
 63
 211
 1
 64
 135
 63
 211
 1
 64
 135
 63
 33
 34
 177
 41
 41
 94
 32
 33
 34
 94
 94
 32
 33
 34
 94
 94
 32
 33
 34
 94
 94
 32
 33
 34
 94
 94
 32
 33
 34
 94
 94
 32
 33
 34
 177
 41
 41
 94
 32
 33
 34
 94
 94
 32
 33
 34
 94
 94
 32
 33
 34
 94
 94
 32
 33
 34
 94
 94
 32
 33
 34
 94
 94
 32
 33
 34
 177
 41
 41
 94
 32
 211
 63
 2
 134
 3
 211
 63
 2
 134
 3
 211
 63
 2
 134
 3
 211
 63
 2
 134
 3
 211
 63
 2
 134
 3
 33
 34
 177
 41
 41
 94
 32
 33
 33
 33
 33
 33
 33
 33
 33
 33
 33
 33
 33
 33
 33
 33
 33
 33
 33
 33
 33
 33
 33
 33
 33
 33
 33
 34
 177
 41
 41
 94
 32
 211
 3
 64
 135
 65
 211
 3
 64
 135
 65
 211
 3
 64
 135
 65
 211
 3
 64
 135
 65
 211
 3
 64
 135
 65
 33
 34
 177
 41
 41
 94
 32
 33
 34
 94
 94
 32
 33
 34
 94
 94
 32
 33
 34
 94
 94
 32
 33
 34
 94
 94
 32
 33
 34
 94
 94
 32
 33
 34
 177
 41
 41
 94
 32
 33
 34
 94
 94
 32
 33
 34
 94
 94
 32
 33
 34
 94
 94
 32
 33
 34
 94
 94
 32
 33
 34
 94
 94
 32
 33
 34
 177
 41
 41
 94
 32
 33
 34
 94
 94
 32
 33
 34
 94
 94
 32
 33
 34
 94
 94
 32
 33
 34
 94
 94
 32
 33
 34
 94
 94
 32
 33
 34
 177
 41
 72
 14
 14
 14
 14
 14
 14
 14
 14
 14
 14
 14
 14
 14
 14
 14
 14
 14
 14
 14
 14
 14
 14
 14
 14
 14
 14
 14
 14
 14
 14
 73
 30
 1
 1
 1
 30
 18
 1
 18
 0
 0
