 2
 5
 9
 9
 9
 9
 9
 9
 9
 9
 9
 9
 9
 9
 9
 9
 9
 9
 9
 9
 9
 9
 9
 9
 9
 9
 9
 9
 9
 9
 9
 9
 6
 36
 94
 94
 132
 99
 99
 99
 4
 94
 94
 94
 94
 94
 35
 35
 132
 99
 99
 99
 4
 94
 94
 94
 94
 94
 94
 94
 94
 94
 94
 177
 36
 36
 94
 35
 94
 94
 94
 94
 94
 94
 132
 99
 99
 99
 4
 35
 35
 94
 94
 94
 94
 94
 132
 99
 99
 99
 4
 94
 94
 94
 35
 177
 36
 36
 94
 25
 132
 95
 95
 95
 95
 95
 95
 95
 95
 95
 97
 97
 97
 97
 97
 1
 132
 96
 96
 96
 96
 96
 96
 96
 3
 94
 25
 177
 36
 36
 94
 53
 94
 94
 35
 94
 94
 94
 94
 94
 35
 19
 80
 94
 94
 94
 94
 94
 35
 19
 80
 94
 94
 94
 94
 94
 94
 94
 53
 177
 36
 36
 94
 53
 132
 95
 95
 95
 65
 122
 95
 65
 132
 95
 1
 134
 97
 97
 1
 94
 132
 3
 132
 96
 96
 96
 96
 96
 3
 94
 53
 177
 36
 36
 94
 53
 94
 94
 35
 132
 65
 114
 65
 139
 204
 211
 1
 211
 1
 33
 211
 1
 132
 3
 132
 3
 94
 94
 94
 94
 94
 94
 53
 177
 36
 36
 94
 84
 26
 23
 94
 132
 65
 114
 65
 139
 204
 211
 1
 211
 1
 33
 211
 1
 132
 3
 132
 96
 96
 96
 96
 96
 3
 94
 53
 177
 36
 36
 94
 94
 19
 27
 80
 132
 65
 114
 65
 139
 204
 211
 1
 211
 1
 33
 211
 1
 132
 3
 94
 94
 94
 94
 94
 94
 94
 94
 53
 177
 36
 36
 94
 94
 94
 53
 94
 132
 65
 114
 65
 139
 204
 211
 1
 211
 1
 33
 211
 1
 132
 3
 132
 96
 96
 96
 96
 96
 3
 94
 53
 177
 36
 36
 207
 8
 94
 53
 94
 132
 65
 114
 65
 139
 204
 211
 1
 211
 1
 33
 211
 1
 132
 3
 132
 3
 94
 94
 94
 94
 94
 94
 53
 177
 36
 36
 208
 70
 94
 53
 94
 132
 65
 114
 65
 139
 204
 211
 1
 211
 1
 33
 211
 1
 132
 3
 132
 3
 94
 94
 22
 26
 26
 26
 85
 177
 36
 36
 94
 94
 94
 53
 94
 132
 65
 114
 65
 139
 204
 211
 1
 211
 1
 33
 211
 1
 132
 3
 132
 3
 94
 94
 53
 94
 94
 94
 94
 177
 36
 36
 207
 8
 94
 53
 94
 132
 65
 114
 65
 139
 204
 211
 1
 135
 97
 97
 97
 1
 132
 3
 132
 3
 94
 94
 53
 94
 94
 94
 94
 177
 36
 36
 208
 70
 94
 53
 94
 132
 65
 114
 65
 139
 204
 211
 1
 35
 94
 94
 94
 94
 132
 3
 132
 3
 94
 94
 53
 94
 132
 63
 94
 177
 36
 36
 94
 94
 94
 53
 94
 132
 65
 114
 65
 206
 204
 135
 97
 97
 97
 97
 97
 1
 132
 3
 132
 3
 94
 94
 53
 94
 94
 94
 132
 143
 36
 36
 207
 8
 94
 53
 94
 19
 79
 48
 80
 35
 94
 35
 19
 79
 79
 79
 79
 80
 94
 94
 94
 94
 94
 19
 27
 80
 132
 63
 94
 177
 36
 36
 208
 70
 94
 84
 26
 26
 26
 26
 26
 26
 26
 26
 26
 26
 26
 26
 26
 26
 26
 26
 26
 26
 26
 26
 85
 94
 94
 94
 132
 143
 36
 36
 94
 94
 94
 94
 94
 94
 94
 94
 94
 94
 94
 94
 94
 94
 94
 94
 94
 94
 94
 94
 94
 94
 94
 35
 94
 94
 132
 63
 94
 177
 36
 67
 9
 9
 9
 9
 9
 9
 9
 9
 9
 9
 9
 9
 9
 9
 9
 9
 9
 9
 9
 9
 9
 9
 9
 9
 9
 9
 9
 9
 9
 9
 68
 10
 6
 12
 6
 19
 14
 5
 12
 0
 0
