 2
 5
 9
 9
 9
 9
 9
 9
 9
 9
 9
 9
 9
 9
 9
 9
 9
 9
 9
 9
 9
 9
 9
 9
 9
 9
 9
 9
 9
 9
 9
 9
 6
 36
 94
 94
 132
 1
 94
 94
 94
 94
 94
 94
 94
 94
 94
 94
 132
 63
 94
 94
 94
 132
 65
 94
 94
 94
 94
 94
 94
 132
 63
 177
 36
 36
 94
 94
 132
 1
 94
 94
 94
 22
 26
 26
 23
 94
 94
 94
 94
 94
 94
 94
 94
 132
 65
 94
 94
 94
 94
 94
 94
 132
 63
 177
 36
 36
 94
 94
 132
 1
 94
 94
 94
 53
 94
 94
 53
 94
 94
 132
 65
 132
 65
 94
 94
 132
 65
 94
 94
 94
 94
 94
 94
 132
 63
 177
 36
 36
 94
 94
 94
 94
 94
 94
 94
 53
 94
 94
 84
 58
 26
 26
 26
 26
 23
 94
 94
 94
 94
 94
 94
 132
 65
 94
 94
 94
 94
 177
 36
 100
 63
 94
 94
 94
 94
 94
 94
 53
 94
 94
 94
 94
 94
 132
 1
 94
 53
 94
 94
 94
 94
 94
 94
 132
 95
 95
 65
 94
 94
 177
 36
 100
 63
 94
 94
 94
 94
 94
 94
 53
 94
 94
 94
 94
 94
 94
 94
 94
 53
 94
 94
 94
 94
 25
 94
 94
 94
 94
 94
 94
 94
 177
 36
 36
 94
 94
 94
 94
 94
 94
 94
 27
 94
 94
 94
 94
 94
 94
 94
 94
 27
 94
 94
 94
 94
 27
 94
 94
 94
 94
 94
 94
 94
 177
 36
 36
 94
 94
 94
 132
 95
 95
 65
 53
 94
 132
 97
 1
 94
 94
 94
 94
 53
 94
 22
 26
 26
 86
 26
 26
 23
 94
 94
 94
 94
 177
 36
 36
 94
 94
 132
 65
 94
 94
 94
 53
 94
 94
 94
 94
 94
 94
 94
 94
 84
 24
 85
 94
 94
 94
 94
 94
 53
 94
 94
 94
 94
 177
 36
 36
 94
 132
 65
 94
 94
 94
 94
 54
 26
 26
 26
 23
 94
 22
 58
 26
 26
 85
 94
 94
 94
 94
 94
 94
 53
 94
 94
 94
 94
 177
 36
 36
 94
 132
 65
 94
 94
 94
 94
 53
 94
 94
 94
 53
 94
 53
 94
 94
 94
 94
 94
 94
 94
 94
 94
 94
 53
 94
 94
 94
 94
 177
 36
 36
 94
 132
 65
 94
 94
 94
 94
 27
 94
 94
 94
 53
 94
 53
 94
 94
 94
 132
 98
 98
 63
 94
 94
 94
 53
 94
 94
 132
 65
 177
 36
 36
 94
 94
 94
 94
 94
 94
 94
 53
 94
 94
 94
 53
 22
 85
 94
 94
 94
 94
 94
 94
 94
 94
 94
 94
 27
 94
 94
 132
 65
 177
 36
 36
 94
 94
 94
 94
 94
 94
 94
 84
 26
 23
 94
 53
 53
 94
 94
 94
 94
 94
 94
 94
 94
 94
 94
 94
 53
 94
 94
 94
 94
 177
 36
 36
 94
 132
 1
 94
 94
 132
 63
 94
 94
 53
 94
 53
 53
 22
 26
 26
 26
 26
 23
 132
 1
 94
 94
 94
 53
 94
 94
 94
 94
 177
 36
 36
 94
 94
 94
 94
 94
 132
 63
 94
 94
 84
 58
 86
 86
 85
 94
 94
 94
 94
 84
 26
 26
 26
 26
 26
 85
 94
 132
 63
 94
 177
 36
 36
 132
 97
 1
 94
 94
 94
 94
 94
 94
 94
 94
 94
 94
 94
 94
 94
 94
 94
 94
 94
 94
 94
 94
 94
 94
 132
 63
 94
 94
 177
 36
 36
 94
 94
 94
 94
 94
 94
 94
 94
 94
 94
 94
 94
 94
 132
 97
 97
 97
 1
 94
 94
 94
 94
 94
 94
 94
 94
 94
 94
 94
 177
 36
 67
 9
 9
 9
 9
 9
 9
 9
 9
 9
 9
 9
 9
 9
 9
 9
 9
 9
 9
 9
 9
 9
 9
 9
 9
 9
 9
 9
 9
 9
 9
 68
 1
 1
 30
 18
 30
 1
 1
 18
 0
 0
