 2
 10
 14
 14
 14
 14
 14
 14
 14
 14
 14
 14
 14
 14
 14
 14
 14
 14
 14
 14
 14
 14
 14
 14
 14
 14
 14
 14
 14
 14
 14
 14
 11
 41
 35
 35
 35
 35
 132
 65
 35
 35
 35
 35
 35
 35
 94
 94
 94
 94
 94
 94
 94
 94
 94
 132
 96
 96
 96
 96
 3
 94
 94
 177
 41
 41
 94
 94
 188
 205
 189
 184
 187
 205
 189
 184
 184
 35
 35
 94
 94
 94
 94
 94
 94
 94
 94
 94
 94
 94
 94
 94
 94
 94
 94
 177
 41
 41
 94
 187
 33
 33
 33
 211
 65
 33
 33
 33
 139
 185
 35
 35
 35
 94
 94
 207
 13
 94
 132
 4
 94
 94
 15
 94
 94
 94
 94
 177
 41
 41
 94
 188
 33
 33
 33
 33
 211
 65
 33
 33
 139
 185
 94
 94
 94
 94
 94
 43
 44
 14
 11
 94
 94
 22
 58
 23
 94
 94
 94
 177
 41
 41
 94
 32
 33
 211
 65
 33
 33
 33
 33
 33
 139
 185
 207
 8
 94
 94
 94
 177
 41
 178
 41
 94
 19
 27
 94
 27
 80
 94
 94
 177
 41
 41
 94
 190
 33
 33
 33
 33
 33
 33
 139
 191
 186
 94
 38
 39
 40
 94
 94
 43
 44
 14
 73
 94
 94
 84
 58
 85
 94
 94
 94
 177
 41
 41
 94
 188
 33
 33
 33
 33
 33
 33
 139
 189
 94
 94
 208
 70
 94
 94
 94
 208
 75
 94
 132
 4
 94
 94
 77
 94
 94
 94
 94
 177
 41
 41
 94
 32
 33
 211
 65
 33
 211
 65
 33
 34
 94
 207
 8
 207
 8
 94
 94
 94
 132
 4
 94
 132
 4
 35
 94
 132
 4
 94
 132
 144
 41
 41
 94
 190
 33
 33
 33
 33
 33
 33
 139
 191
 94
 177
 36
 177
 36
 94
 94
 94
 94
 94
 94
 94
 94
 94
 94
 94
 94
 94
 94
 177
 41
 41
 94
 187
 33
 33
 33
 33
 33
 33
 139
 185
 94
 177
 36
 177
 67
 9
 6
 132
 4
 132
 4
 94
 94
 94
 94
 94
 94
 132
 4
 177
 41
 41
 94
 187
 33
 33
 139
 191
 190
 206
 191
 94
 94
 177
 36
 94
 94
 177
 36
 94
 94
 94
 94
 94
 94
 94
 94
 94
 94
 94
 94
 177
 41
 41
 94
 132
 1
 33
 139
 192
 1
 94
 94
 184
 184
 181
 67
 9
 6
 177
 67
 9
 40
 38
 9
 9
 9
 9
 9
 9
 9
 9
 40
 177
 41
 41
 187
 2
 33
 33
 33
 139
 199
 206
 199
 33
 33
 34
 94
 177
 36
 94
 94
 94
 94
 94
 94
 94
 94
 94
 94
 94
 94
 94
 94
 177
 41
 41
 187
 33
 33
 211
 3
 33
 33
 33
 33
 139
 197
 203
 94
 177
 67
 9
 6
 94
 38
 40
 177
 5
 9
 9
 9
 9
 9
 9
 40
 177
 41
 41
 187
 33
 33
 33
 33
 33
 33
 33
 33
 33
 33
 139
 185
 94
 94
 177
 36
 94
 94
 94
 177
 36
 94
 94
 94
 94
 94
 94
 94
 177
 41
 41
 187
 211
 1
 33
 33
 211
 1
 33
 33
 33
 33
 139
 185
 94
 94
 177
 67
 9
 9
 9
 9
 68
 94
 94
 94
 94
 94
 132
 4
 177
 41
 41
 187
 64
 33
 33
 33
 33
 33
 34
 190
 33
 33
 139
 185
 94
 94
 132
 98
 63
 94
 94
 132
 63
 94
 94
 94
 94
 94
 94
 94
 177
 41
 41
 94
 94
 186
 186
 186
 186
 186
 186
 94
 186
 186
 186
 94
 132
 63
 94
 94
 94
 132
 63
 94
 94
 94
 94
 94
 94
 94
 94
 132
 144
 41
 72
 14
 14
 14
 14
 14
 14
 14
 14
 14
 14
 14
 14
 14
 14
 14
 14
 14
 14
 14
 14
 14
 14
 14
 14
 14
 14
 14
 14
 14
 14
 73
 2
 5
 2
 8
 2
 17
 2
 13
 0
 0
