 2
 10
 14
 14
 14
 14
 14
 14
 14
 14
 14
 14
 14
 14
 14
 14
 14
 14
 14
 14
 14
 14
 14
 14
 14
 14
 14
 14
 14
 14
 14
 14
 11
 41
 33
 33
 33
 33
 33
 33
 33
 33
 33
 33
 33
 33
 33
 33
 33
 33
 33
 33
 33
 33
 33
 33
 33
 33
 33
 33
 33
 33
 33
 139
 41
 41
 211
 99
 4
 64
 64
 64
 135
 4
 33
 33
 33
 33
 33
 33
 33
 33
 33
 33
 33
 33
 33
 211
 4
 64
 64
 64
 135
 99
 4
 139
 41
 41
 211
 4
 94
 94
 94
 94
 94
 94
 186
 186
 186
 186
 186
 186
 186
 186
 186
 186
 186
 186
 186
 186
 94
 94
 94
 94
 94
 132
 4
 139
 41
 41
 33
 34
 132
 99
 99
 99
 4
 94
 94
 94
 94
 94
 94
 94
 94
 94
 94
 94
 94
 94
 94
 94
 132
 99
 99
 99
 4
 94
 32
 139
 41
 41
 33
 34
 132
 4
 94
 94
 94
 94
 94
 94
 94
 94
 94
 94
 94
 94
 94
 94
 94
 94
 94
 94
 94
 94
 94
 132
 4
 94
 32
 139
 41
 41
 33
 34
 132
 4
 132
 99
 4
 64
 64
 64
 135
 99
 99
 99
 99
 99
 99
 99
 4
 64
 64
 64
 135
 99
 4
 132
 4
 94
 32
 139
 41
 41
 33
 34
 132
 4
 132
 4
 94
 94
 184
 184
 94
 94
 94
 94
 94
 94
 94
 94
 94
 94
 184
 184
 94
 132
 4
 132
 4
 94
 32
 139
 41
 41
 33
 139
 185
 94
 132
 4
 132
 4
 33
 211
 4
 2
 2
 2
 2
 2
 2
 2
 134
 4
 33
 211
 4
 132
 4
 94
 94
 187
 33
 139
 41
 41
 33
 139
 185
 94
 132
 4
 187
 33
 33
 33
 33
 33
 33
 33
 33
 33
 33
 33
 33
 33
 33
 33
 139
 137
 4
 94
 94
 187
 33
 139
 41
 41
 33
 139
 185
 94
 132
 4
 187
 33
 33
 33
 33
 33
 33
 33
 33
 33
 33
 33
 33
 33
 33
 33
 139
 137
 4
 94
 94
 187
 33
 139
 41
 41
 33
 139
 185
 94
 132
 4
 132
 4
 33
 211
 4
 64
 64
 64
 64
 64
 64
 64
 135
 4
 33
 211
 4
 132
 4
 94
 94
 187
 33
 139
 41
 41
 33
 34
 132
 4
 132
 4
 94
 94
 186
 186
 94
 94
 94
 94
 94
 94
 94
 94
 94
 94
 186
 186
 94
 132
 4
 132
 4
 94
 32
 139
 41
 41
 33
 34
 132
 4
 132
 99
 4
 2
 2
 2
 134
 99
 99
 99
 99
 99
 99
 99
 4
 2
 2
 2
 134
 99
 4
 132
 4
 94
 32
 139
 41
 41
 33
 34
 132
 4
 94
 94
 94
 94
 94
 94
 94
 94
 94
 94
 94
 94
 94
 94
 94
 94
 94
 94
 94
 94
 94
 132
 4
 94
 32
 139
 41
 41
 33
 34
 132
 99
 99
 99
 4
 94
 94
 94
 94
 94
 94
 94
 94
 94
 94
 94
 94
 94
 94
 94
 132
 99
 99
 99
 4
 94
 32
 139
 41
 41
 211
 4
 94
 94
 94
 94
 94
 94
 184
 184
 184
 184
 184
 184
 184
 184
 184
 184
 184
 184
 184
 184
 94
 94
 94
 94
 94
 187
 33
 139
 41
 41
 211
 4
 2
 2
 2
 2
 134
 4
 33
 33
 33
 33
 33
 33
 33
 33
 33
 33
 33
 33
 33
 211
 4
 2
 2
 2
 134
 99
 4
 139
 41
 41
 33
 33
 33
 33
 33
 33
 33
 33
 33
 33
 33
 33
 33
 33
 33
 33
 33
 33
 33
 33
 33
 33
 33
 33
 33
 33
 33
 33
 33
 139
 41
 72
 14
 14
 14
 14
 14
 14
 14
 14
 14
 14
 14
 14
 14
 14
 14
 14
 14
 14
 14
 14
 14
 14
 14
 14
 14
 14
 14
 14
 14
 14
 73
 14
 10
 16
 10
 1
 8
 30
 11
 0
 0
