 1
 5
 9
 9
 9
 9
 9
 9
 9
 9
 9
 9
 9
 9
 9
 9
 9
 9
 9
 9
 9
 9
 9
 9
 9
 9
 9
 9
 9
 9
 9
 9
 6
 36
 33
 33
 34
 19
 79
 79
 79
 79
 79
 79
 79
 79
 79
 79
 79
 79
 79
 79
 79
 79
 79
 79
 79
 79
 79
 79
 80
 32
 33
 139
 36
 37
 9
 9
 9
 9
 9
 9
 9
 9
 9
 9
 9
 9
 9
 9
 9
 9
 9
 9
 9
 9
 9
 9
 9
 9
 9
 9
 40
 32
 33
 139
 36
 36
 33
 33
 34
 19
 79
 79
 79
 79
 79
 79
 79
 79
 79
 79
 79
 79
 79
 79
 79
 79
 79
 79
 79
 79
 79
 79
 80
 32
 33
 139
 36
 36
 33
 33
 34
 38
 9
 9
 9
 9
 9
 9
 9
 9
 9
 9
 9
 9
 9
 9
 9
 9
 9
 9
 9
 9
 9
 9
 9
 9
 9
 9
 71
 36
 33
 33
 34
 19
 79
 79
 79
 79
 79
 79
 79
 79
 79
 79
 79
 79
 79
 79
 79
 79
 79
 79
 79
 79
 79
 79
 80
 32
 33
 139
 36
 37
 9
 9
 9
 9
 9
 9
 9
 9
 9
 9
 9
 9
 9
 9
 9
 9
 9
 9
 9
 9
 9
 9
 9
 9
 9
 9
 40
 32
 33
 139
 36
 36
 33
 33
 33
 33
 34
 19
 79
 79
 79
 79
 79
 79
 79
 79
 79
 79
 79
 79
 79
 79
 79
 79
 79
 79
 79
 79
 80
 32
 33
 139
 36
 36
 33
 33
 211
 65
 9
 9
 9
 9
 9
 9
 9
 9
 9
 9
 9
 9
 9
 9
 9
 9
 9
 9
 9
 9
 9
 9
 9
 9
 9
 9
 71
 36
 33
 33
 33
 33
 33
 33
 33
 33
 33
 33
 33
 33
 33
 33
 33
 33
 33
 33
 33
 33
 33
 33
 33
 33
 33
 33
 33
 33
 33
 139
 36
 36
 33
 33
 33
 33
 33
 33
 33
 33
 33
 33
 33
 33
 33
 33
 33
 33
 33
 33
 33
 33
 33
 33
 33
 33
 33
 33
 33
 33
 33
 139
 36
 37
 9
 9
 9
 9
 9
 9
 9
 9
 9
 9
 9
 9
 9
 9
 9
 9
 9
 9
 9
 9
 9
 9
 9
 9
 9
 9
 65
 33
 33
 139
 36
 36
 33
 33
 34
 19
 79
 79
 79
 79
 79
 79
 79
 79
 79
 79
 79
 79
 79
 79
 79
 79
 79
 79
 79
 79
 80
 32
 33
 33
 33
 139
 36
 36
 33
 33
 34
 38
 9
 9
 9
 9
 9
 9
 9
 9
 9
 9
 9
 9
 9
 9
 9
 9
 9
 9
 9
 9
 9
 9
 9
 9
 9
 9
 71
 36
 33
 33
 34
 19
 79
 79
 79
 79
 79
 79
 79
 79
 79
 79
 79
 79
 79
 79
 79
 79
 79
 79
 79
 79
 79
 79
 80
 32
 33
 139
 36
 37
 9
 9
 9
 9
 9
 9
 9
 9
 9
 9
 9
 9
 9
 9
 9
 9
 9
 9
 9
 9
 9
 9
 9
 9
 9
 9
 40
 32
 33
 139
 36
 36
 33
 33
 34
 19
 79
 79
 79
 79
 79
 79
 79
 79
 79
 79
 79
 79
 79
 79
 79
 79
 79
 79
 79
 79
 79
 79
 80
 32
 33
 139
 36
 36
 33
 33
 34
 38
 9
 9
 9
 9
 9
 9
 9
 9
 9
 9
 9
 9
 9
 9
 9
 9
 9
 9
 9
 9
 9
 9
 9
 9
 9
 9
 71
 36
 33
 33
 34
 19
 79
 79
 79
 79
 79
 79
 79
 79
 79
 79
 79
 79
 79
 79
 79
 79
 79
 79
 79
 79
 79
 79
 80
 32
 33
 139
 36
 67
 9
 9
 9
 9
 9
 9
 9
 9
 9
 9
 9
 9
 9
 9
 9
 9
 9
 9
 9
 9
 9
 9
 9
 9
 9
 9
 9
 9
 9
 9
 68
 1
 1
 30
 18
 0
 0
