 2
 65
 9
 9
 9
 7
 9
 9
 9
 9
 7
 9
 9
 9
 9
 9
 9
 9
 9
 9
 9
 9
 9
 7
 9
 9
 9
 9
 7
 9
 9
 9
 65
 36
 94
 94
 177
 36
 94
 94
 94
 177
 36
 94
 94
 94
 94
 94
 94
 94
 94
 94
 94
 94
 177
 36
 94
 94
 94
 177
 36
 94
 94
 177
 36
 36
 94
 66
 208
 70
 66
 66
 66
 208
 70
 66
 66
 66
 66
 66
 66
 66
 66
 66
 66
 66
 208
 70
 66
 66
 66
 208
 70
 66
 66
 177
 36
 1
 94
 66
 94
 94
 94
 94
 94
 94
 94
 94
 94
 94
 94
 94
 94
 94
 94
 94
 94
 94
 94
 94
 94
 94
 94
 94
 94
 94
 66
 132
 1
 1
 94
 66
 94
 66
 66
 66
 66
 66
 66
 66
 66
 66
 66
 66
 66
 66
 66
 66
 66
 66
 66
 66
 66
 66
 66
 66
 66
 94
 66
 132
 1
 36
 94
 66
 132
 1
 94
 94
 94
 94
 94
 94
 94
 184
 184
 188
 2
 205
 189
 184
 184
 94
 94
 94
 94
 94
 94
 132
 1
 94
 66
 177
 36
 36
 94
 66
 94
 66
 94
 66
 66
 133
 65
 66
 187
 33
 33
 33
 33
 33
 33
 33
 139
 185
 133
 65
 66
 66
 66
 94
 66
 94
 66
 177
 36
 1
 94
 66
 94
 66
 94
 66
 94
 94
 35
 35
 187
 139
 191
 190
 64
 206
 191
 190
 139
 185
 94
 94
 94
 94
 66
 94
 66
 94
 66
 132
 1
 1
 94
 66
 94
 66
 94
 66
 94
 66
 66
 66
 188
 139
 192
 4
 66
 133
 4
 188
 139
 189
 66
 66
 66
 94
 66
 94
 66
 94
 66
 132
 1
 36
 94
 66
 94
 66
 94
 66
 94
 66
 94
 94
 32
 33
 34
 66
 94
 94
 66
 32
 33
 34
 94
 94
 66
 94
 66
 94
 66
 94
 66
 177
 36
 36
 94
 66
 94
 66
 94
 66
 94
 66
 94
 94
 32
 33
 34
 66
 94
 94
 66
 32
 33
 34
 94
 94
 66
 94
 66
 94
 66
 94
 66
 177
 36
 1
 94
 66
 94
 66
 94
 66
 94
 66
 66
 66
 190
 139
 194
 4
 66
 133
 4
 190
 139
 191
 66
 66
 66
 94
 66
 94
 66
 94
 66
 132
 1
 1
 94
 66
 94
 66
 94
 66
 94
 94
 94
 94
 187
 139
 189
 188
 2
 205
 189
 188
 139
 185
 94
 94
 94
 94
 66
 94
 66
 94
 66
 132
 1
 36
 94
 66
 94
 66
 94
 66
 66
 133
 65
 66
 187
 33
 33
 33
 33
 33
 33
 33
 139
 185
 133
 65
 66
 66
 66
 94
 66
 94
 66
 177
 36
 36
 94
 66
 132
 1
 94
 94
 94
 94
 35
 35
 35
 186
 186
 190
 64
 206
 191
 186
 186
 94
 94
 94
 94
 94
 94
 132
 1
 94
 66
 177
 36
 1
 94
 66
 94
 66
 66
 66
 66
 66
 66
 66
 66
 66
 66
 66
 66
 66
 66
 66
 66
 66
 66
 66
 66
 66
 66
 66
 66
 94
 66
 132
 1
 1
 94
 66
 94
 94
 94
 94
 94
 94
 94
 94
 94
 94
 94
 94
 94
 94
 94
 94
 94
 94
 94
 94
 94
 94
 94
 94
 94
 94
 66
 132
 1
 36
 35
 66
 207
 8
 66
 66
 66
 207
 8
 66
 66
 66
 66
 66
 66
 66
 66
 66
 66
 66
 207
 8
 66
 66
 66
 207
 8
 66
 66
 177
 36
 36
 94
 94
 177
 36
 94
 94
 94
 177
 36
 94
 94
 94
 94
 94
 94
 94
 94
 94
 94
 94
 177
 36
 94
 94
 94
 177
 36
 94
 94
 177
 36
 65
 9
 9
 9
 69
 9
 9
 9
 9
 69
 9
 9
 9
 9
 9
 9
 9
 9
 9
 9
 9
 9
 69
 9
 9
 9
 9
 69
 9
 9
 9
 65
 6
 9
 25
 9
 6
 10
 25
 10
 0
 1
