 1
 5
 9
 9
 9
 9
 9
 9
 9
 9
 9
 9
 9
 9
 9
 9
 9
 9
 9
 9
 9
 9
 9
 9
 9
 9
 9
 9
 9
 9
 9
 9
 6
 100
 99
 99
 99
 99
 99
 99
 99
 99
 99
 99
 99
 99
 99
 99
 99
 99
 4
 94
 94
 94
 94
 94
 94
 94
 94
 94
 94
 94
 94
 177
 36
 37
 9
 9
 9
 9
 9
 9
 9
 9
 9
 9
 9
 9
 9
 9
 9
 9
 9
 9
 9
 9
 9
 9
 9
 9
 9
 9
 9
 9
 6
 177
 36
 36
 94
 94
 94
 94
 94
 94
 94
 94
 94
 94
 94
 94
 94
 94
 94
 94
 94
 94
 94
 94
 94
 94
 94
 94
 94
 94
 94
 177
 36
 177
 36
 37
 9
 9
 9
 9
 9
 9
 9
 9
 9
 9
 9
 9
 9
 9
 9
 9
 9
 9
 9
 9
 9
 9
 9
 9
 9
 9
 6
 177
 36
 177
 36
 36
 94
 94
 94
 94
 94
 94
 94
 94
 94
 94
 94
 94
 94
 94
 94
 94
 94
 94
 94
 94
 94
 94
 94
 94
 94
 177
 36
 177
 36
 177
 36
 36
 177
 5
 9
 9
 9
 9
 9
 9
 9
 9
 9
 9
 9
 9
 9
 9
 9
 9
 9
 9
 9
 9
 9
 9
 6
 177
 36
 177
 36
 177
 36
 36
 177
 36
 94
 94
 94
 94
 94
 94
 94
 94
 94
 94
 94
 94
 94
 94
 94
 94
 94
 94
 94
 94
 94
 177
 36
 177
 36
 177
 36
 177
 36
 36
 177
 36
 177
 5
 9
 9
 9
 9
 9
 9
 7
 9
 9
 9
 7
 9
 9
 9
 7
 9
 9
 9
 6
 177
 36
 177
 36
 177
 36
 177
 36
 36
 177
 36
 177
 36
 94
 94
 94
 35
 35
 177
 36
 94
 94
 177
 36
 94
 94
 177
 36
 94
 94
 177
 36
 177
 36
 177
 36
 177
 36
 177
 36
 36
 177
 36
 177
 36
 207
 8
 94
 35
 94
 177
 36
 207
 8
 177
 36
 207
 8
 177
 36
 207
 8
 177
 36
 177
 36
 177
 36
 177
 36
 177
 36
 36
 177
 36
 177
 36
 177
 36
 94
 35
 35
 208
 70
 177
 36
 208
 70
 177
 36
 208
 70
 177
 36
 208
 70
 177
 36
 177
 36
 177
 36
 177
 36
 36
 177
 36
 177
 36
 177
 36
 94
 94
 94
 35
 94
 177
 36
 94
 94
 177
 36
 35
 35
 177
 36
 94
 94
 177
 36
 177
 36
 177
 36
 177
 36
 36
 177
 36
 177
 36
 177
 67
 9
 9
 9
 9
 9
 9
 69
 9
 9
 9
 69
 9
 9
 9
 69
 9
 9
 9
 68
 177
 36
 177
 36
 177
 36
 36
 177
 36
 177
 36
 94
 94
 94
 94
 94
 94
 94
 94
 94
 94
 94
 94
 94
 94
 94
 94
 94
 94
 35
 35
 35
 177
 36
 177
 36
 177
 36
 36
 177
 36
 177
 67
 9
 9
 9
 9
 9
 9
 9
 9
 9
 9
 9
 9
 9
 9
 9
 9
 9
 9
 9
 9
 9
 9
 68
 177
 36
 177
 36
 36
 177
 36
 94
 94
 94
 94
 94
 94
 94
 94
 94
 94
 94
 94
 94
 94
 94
 94
 94
 94
 94
 94
 94
 94
 35
 35
 35
 177
 36
 177
 36
 36
 177
 67
 9
 9
 9
 9
 9
 9
 9
 9
 9
 9
 9
 9
 9
 9
 9
 9
 9
 9
 9
 9
 9
 9
 9
 9
 9
 9
 68
 177
 36
 36
 94
 94
 94
 94
 94
 94
 94
 94
 94
 94
 94
 94
 94
 94
 94
 94
 94
 94
 94
 94
 94
 94
 94
 94
 94
 94
 94
 94
 94
 177
 36
 67
 9
 9
 9
 9
 9
 9
 9
 9
 9
 9
 9
 9
 9
 9
 9
 9
 9
 9
 9
 9
 9
 9
 9
 9
 9
 9
 9
 9
 9
 9
 68
 18
 1
 1
 3
 0
 0
