0
0
0
0
0
0
0
0
0
0
0
0
0
0
0
0
0
0
0
0
0
0
0
0
7
0
15
0
15
0
15
0
15
0
15
0
15
0
6
0
7
0
3
0
3
0
3
0
3
0
3
0
3
0
15
0
3
0
8
0
0
0
0
0
0
0
0
0
0
0
0
0
0
0
0
0
0
0
0
0
0
0
0
0
12
0
1
0
1
0
1
0
1
0
1
0
1
0
1
0
1
0
15
0
15
0
15
0
15
0
6
0
9
0
1
0
3
0
8
0
0
0
0
0
0
0
0
0
0
0
0
0
0
0
0
0
0
0
0
0
0
0
0
0
4
0
14
0
14
0
14
0
14
0
14
0
14
0
14
0
14
0
14
0
14
0
14
0
14
0
13
0
9
0
14
0
3
0
8
0
0
0
0
0
0
0
7
23
15
0
3
23
3
0
3
0
3
0
3
0
3
0
3
18
3
0
3
0
3
18
3
0
3
0
3
0
3
0
3
0
3
0
3
0
3
0
3
0
3
0
5
0
7
0
15
0
15
0
6
0
0
0
0
0
0
0
4
13
5
23
0
0
0
0
0
0
0
0
0
0
0
0
0
0
0
0
0
0
0
0
0
0
0
0
0
0
0
0
0
0
0
0
0
0
0
0
0
0
0
0
0
0
12
0
1
0
1
0
13
0
0
0
0
0
0
0
0
0
7
12
15
0
15
2
15
24
15
6
15
4
6
12
0
0
0
0
0
0
0
0
7
0
6
25
7
0
15
0
6
20
7
0
15
0
15
0
15
0
6
0
0
0
12
0
1
0
1
0
13
0
0
0
0
0
0
0
0
0
12
6
1
0
1
23
1
0
1
0
1
0
13
0
0
0
0
0
0
0
0
0
12
0
1
0
12
0
1
0
1
0
12
0
14
0
14
0
14
0
5
0
0
0
4
0
14
0
1
0
13
0
0
0
0
0
0
0
0
0
12
0
1
0
1
0
1
23
1
23
1
0
13
23
0
0
0
0
0
0
0
0
12
6
13
6
12
0
1
0
13
0
12
0
15
0
15
0
15
0
15
0
15
0
15
0
6
0
12
0
13
0
0
0
0
0
0
0
0
0
12
0
1
0
1
0
1
0
1
0
1
0
13
0
0
0
0
0
0
0
0
0
4
6
5
6
12
0
1
0
13
0
12
0
1
0
1
0
1
0
1
0
1
0
1
0
13
0
12
0
13
0
0
0
0
0
0
0
0
0
12
0
1
0
1
0
1
0
1
0
1
0
13
0
0
0
0
0
0
0
0
0
9
8
3
14
14
14
14
0
5
12
12
0
1
0
1
0
1
0
1
0
1
0
1
0
13
0
12
0
13
0
0
0
0
0
0
0
0
0
4
20
14
0
14
0
1
0
14
0
14
0
5
12
0
0
7
0
15
0
15
0
15
0
15
0
15
0
15
0
6
0
12
0
1
0
1
0
1
0
1
0
1
0
1
0
13
0
12
0
13
0
0
0
0
0
0
0
0
0
0
0
0
0
0
0
2
0
0
0
0
0
0
0
0
0
12
0
1
0
1
0
1
0
1
0
1
0
1
0
1
0
4
16
14
0
14
0
14
0
14
0
1
0
14
0
5
0
12
0
13
0
0
0
0
0
0
0
0
0
0
0
0
0
0
0
4
0
3
0
3
0
3
0
3
0
1
0
1
0
1
0
1
0
1
0
1
0
1
0
1
0
13
0
7
0
15
0
15
0
6
0
2
0
9
5
3
14
12
11
13
0
0
0
0
0
0
0
0
0
0
0
0
0
0
0
0
0
0
0
0
0
0
0
0
0
4
0
14
0
14
0
14
0
14
0
14
0
14
0
14
0
5
0
4
0
14
0
14
0
14
0
14
0
3
0
3
0
3
0
5
0
