7
5
15
12
15
0
6
0
0
0
0
0
0
0
0
0
7
0
15
0
15
0
15
0
6
0
7
0
6
0
7
20
15
0
6
0
7
0
15
0
6
0
7
0
15
0
15
0
15
0
6
0
7
0
15
0
15
0
6
0
12
14
1
0
1
0
13
0
0
0
0
0
0
0
0
0
12
0
1
0
1
0
1
0
13
0
12
0
13
0
12
0
1
0
13
0
12
0
1
0
13
11
12
11
1
0
1
0
1
0
13
0
12
0
1
0
1
0
13
0
12
0
1
0
1
0
13
0
0
0
0
0
0
0
0
0
12
0
1
0
1
0
1
0
13
0
12
0
13
0
4
0
14
0
13
0
12
0
1
0
13
0
12
0
1
0
1
0
1
0
13
0
12
0
1
0
1
0
13
0
12
22
1
0
1
0
13
22
7
0
15
0
15
0
15
0
5
0
1
0
1
0
1
0
13
0
12
0
4
0
15
0
6
0
2
0
12
0
1
0
13
0
12
0
1
0
1
0
1
0
13
0
12
0
1
0
1
0
13
0
12
0
1
0
1
0
13
0
12
0
1
0
1
0
1
0
1
0
1
0
1
0
1
0
13
0
4
0
14
0
14
0
14
0
1
0
1
0
1
0
13
0
12
0
1
0
1
0
13
0
2
0
12
0
1
0
1
0
13
0
12
0
1
0
1
0
13
0
12
0
1
0
1
0
1
0
1
0
1
0
1
0
1
0
1
0
3
0
3
0
3
0
3
0
13
0
12
0
1
0
13
0
12
0
1
0
1
0
13
0
2
0
12
0
1
0
1
0
13
0
12
0
1
0
1
0
13
0
4
0
15
0
14
0
14
0
14
0
14
0
14
0
14
0
5
0
7
0
3
0
15
0
3
0
5
0
4
0
14
0
5
0
4
0
14
0
14
0
5
0
2
0
12
0
1
0
1
0
13
0
12
0
1
0
1
0
13
0
7
0
1
0
15
0
15
0
15
0
6
0
7
0
3
0
3
0
13
16
6
0
2
0
7
0
15
0
15
0
15
0
15
0
15
0
3
0
3
0
3
0
5
0
12
0
1
0
1
0
13
0
12
0
1
0
1
0
13
0
12
0
1
0
1
0
1
0
1
0
13
0
12
0
15
0
6
0
2
0
2
0
2
0
12
0
1
0
1
0
1
0
1
0
13
0
7
2
15
4
15
0
15
0
5
23
1
0
1
0
13
0
12
0
1
0
1
25
13
0
12
0
1
0
1
0
1
0
1
0
13
0
12
0
1
0
13
0
2
0
2
0
4
0
12
0
1
0
1
0
1
0
1
0
13
0
12
2
1
3
1
0
1
23
1
0
1
0
1
0
13
0
10
0
4
0
14
16
5
0
12
0
1
0
1
0
1
0
1
0
13
0
12
0
1
0
5
0
2
0
4
0
6
0
12
0
1
0
1
0
1
0
1
0
13
0
12
1
1
7
1
0
1
0
1
0
1
0
1
0
13
0
7
0
3
0
14
0
3
0
1
0
1
0
1
0
1
0
1
0
13
0
12
0
13
0
7
0
1
0
6
0
2
0
12
0
1
0
1
0
1
0
1
0
13
0
4
24
14
0
14
0
14
23
14
0
14
0
14
18
13
0
4
0
3
0
3
0
6
0
12
0
1
0
1
0
1
0
1
0
13
0
12
0
13
0
12
0
1
0
13
0
2
0
4
0
14
0
14
0
14
0
14
0
14
0
3
0
3
0
3
0
3
0
3
0
3
0
8
21
2
0
9
19
3
0
3
0
5
0
4
0
14
0
14
0
14
0
14
0
5
20
4
0
5
0
4
0
14
0
5
0
4
0
3
0
3
0
3
0
3
0
3
0
3
0
3
0
3
0
3
0
3
0
3
0
3
0
3
0
5
0
