7
0
15
12
8
20
7
0
15
0
15
0
15
0
15
0
15
0
15
12
15
0
15
0
15
0
15
12
15
0
15
0
15
0
15
12
15
0
15
0
15
0
15
0
15
10
15
9
15
3
15
3
15
0
15
0
15
0
6
0
12
0
5
0
7
0
14
0
14
0
14
0
14
0
14
12
14
0
14
0
14
0
14
0
14
0
14
0
14
0
14
0
14
0
14
0
14
0
14
12
14
0
14
0
14
0
14
4
14
5
14
4
14
0
14
0
14
0
5
14
12
0
3
0
1
25
3
0
3
0
3
0
3
0
3
0
3
0
3
0
3
0
3
0
3
0
3
0
3
0
3
0
3
0
3
0
3
0
3
0
3
0
3
0
3
0
3
0
3
0
3
0
3
0
3
0
8
11
8
0
2
0
0
0
2
0
9
20
3
0
3
0
3
0
15
0
15
0
15
0
15
0
15
0
15
0
15
0
15
0
6
0
7
21
15
0
15
22
15
22
15
22
15
22
15
0
6
0
0
0
7
0
15
0
3
0
14
0
6
0
2
0
0
0
4
0
3
0
3
0
3
0
6
0
12
0
1
0
1
0
1
0
1
0
1
0
1
0
1
0
13
0
12
0
1
0
1
0
1
0
1
0
1
12
1
0
13
0
0
0
12
0
14
0
6
0
11
12
2
0
2
0
0
0
0
0
0
0
0
0
0
0
2
0
4
0
14
0
14
0
14
0
14
0
14
0
1
0
1
0
13
0
12
0
1
0
1
0
1
0
1
0
1
0
1
0
1
0
3
0
5
0
0
0
2
0
2
0
2
0
2
0
0
0
0
0
0
0
0
0
0
0
12
0
15
0
15
0
15
0
15
0
15
0
6
0
4
0
1
0
5
0
12
0
1
0
1
0
1
0
1
0
1
14
1
0
13
0
0
0
0
0
7
0
13
16
13
0
2
0
2
0
7
10
15
3
6
1
0
0
0
0
12
0
1
0
1
0
1
0
1
0
1
0
13
0
0
0
2
0
0
0
12
0
1
0
1
0
1
0
1
0
1
14
1
0
13
0
0
0
0
0
2
0
2
0
2
0
2
0
12
0
8
16
1
4
13
1
0
0
0
0
12
0
1
0
1
0
1
0
1
0
1
0
13
0
0
0
2
0
0
0
12
0
1
0
1
0
1
0
1
0
1
0
1
0
13
0
0
0
0
0
2
0
2
0
2
0
2
0
2
0
12
12
1
12
13
2
0
0
0
0
12
0
1
0
1
0
1
0
1
0
1
0
13
0
0
0
2
0
0
0
12
3
1
0
1
0
1
0
1
0
1
0
1
0
13
0
0
0
0
0
4
0
5
0
2
0
2
0
2
0
4
12
14
6
5
3
0
0
0
0
4
0
14
0
14
0
14
0
14
0
14
0
5
0
0
0
2
0
0
0
4
6
14
0
14
0
14
0
14
0
14
0
14
0
5
0
0
0
0
0
0
0
0
0
10
6
2
0
2
0
0
0
0
0
0
0
0
0
0
0
0
0
0
0
0
0
0
0
0
0
0
0
0
0
0
0
2
0
0
0
0
0
7
6
15
6
15
6
15
12
15
7
15
8
6
9
0
0
0
0
0
0
0
0
11
0
2
0
4
0
3
0
3
0
3
0
3
0
3
0
3
0
3
0
3
0
3
0
3
0
3
0
3
0
3
15
5
0
0
0
0
0
12
6
1
5
1
5
1
19
1
0
1
12
13
23
0
0
9
0
3
4
3
8
9
16
5
0
0
0
0
0
0
0
0
0
0
0
0
0
0
0
0
0
0
0
0
0
0
0
0
0
0
0
0
0
0
0
0
0
0
0
4
20
14
2
14
12
14
4
14
4
14
23
5
24
0
0
0
0
0
0
0
0
10
0
0
0
