11
0
7
0
3
0
3
0
3
0
3
0
8
0
7
0
15
0
15
0
15
0
15
0
3
0
3
0
3
0
3
0
3
0
3
0
3
0
3
0
3
0
3
0
3
0
3
0
3
0
3
0
3
0
3
0
15
0
6
0
12
0
1
0
3
0
3
0
3
0
3
0
3
0
12
16
1
0
1
0
1
0
13
0
7
0
15
0
15
0
15
0
15
0
15
0
15
0
15
0
15
0
6
0
0
0
7
0
15
0
15
0
15
0
15
0
1
0
13
0
2
0
2
0
0
0
7
0
3
0
3
0
6
0
12
0
1
0
1
0
1
0
13
0
4
0
14
0
14
0
14
0
14
0
14
0
1
0
1
0
1
0
13
0
0
0
12
0
1
0
1
0
1
0
1
0
1
0
13
0
2
0
2
0
0
0
2
0
7
0
3
0
5
0
12
0
1
0
1
0
1
0
1
0
3
0
3
0
3
0
3
0
3
0
3
0
1
0
1
0
1
0
13
0
0
0
12
0
1
0
1
0
1
0
1
0
1
0
13
0
2
0
4
0
8
0
2
0
4
0
3
0
3
0
12
16
1
0
1
0
1
0
13
0
7
0
15
0
15
0
15
0
15
0
15
0
1
0
1
0
1
0
13
0
0
0
12
0
1
0
1
0
1
0
1
0
1
0
13
0
4
0
8
0
7
0
5
0
7
0
15
0
6
0
12
0
1
0
1
0
1
0
13
0
4
0
14
0
14
0
14
0
14
0
14
0
14
0
14
0
14
0
5
0
0
0
4
0
14
0
14
0
14
0
14
0
14
0
5
0
9
20
3
0
5
0
7
0
1
0
1
0
13
0
12
0
1
0
1
0
1
0
1
0
3
0
3
0
3
0
3
0
3
0
3
0
3
0
3
0
3
0
3
0
3
23
3
0
3
0
3
0
3
0
3
23
3
0
8
24
7
0
15
0
15
0
1
0
1
0
1
0
1
0
12
16
1
0
1
25
1
0
13
0
7
5
15
0
15
14
15
14
15
14
15
0
15
0
15
0
15
0
6
0
7
0
15
0
15
0
15
0
15
0
15
0
15
0
6
0
12
0
1
0
1
0
1
0
1
0
1
0
13
0
12
0
1
0
1
0
1
0
13
0
4
5
14
0
14
14
14
14
1
14
1
0
1
0
1
0
1
0
13
0
12
0
1
0
1
0
1
0
1
0
1
0
1
0
13
0
12
0
14
0
14
0
14
0
14
0
14
0
5
0
12
0
1
0
1
0
1
0
1
0
3
0
3
0
3
0
3
0
1
0
1
0
1
0
1
0
1
0
13
0
12
0
1
0
1
0
1
0
1
0
1
0
1
0
13
0
0
0
7
0
15
0
15
0
15
0
15
0
15
0
12
16
1
0
1
0
1
0
13
0
9
0
3
0
3
0
3
0
14
0
14
0
14
0
14
0
14
0
5
0
12
0
1
0
1
0
1
0
1
0
1
0
1
0
13
0
0
0
12
19
1
0
1
0
1
0
1
0
13
0
12
0
1
0
1
0
1
0
13
0
9
21
3
0
3
0
3
0
3
0
3
0
3
0
3
0
3
0
3
0
1
0
1
0
1
0
1
0
1
0
1
0
1
0
13
0
0
0
4
0
14
0
14
0
14
0
14
0
5
0
12
0
1
0
1
0
1
0
13
16
3
14
8
8
9
6
3
6
3
0
3
0
3
14
3
14
3
14
3
0
1
0
1
0
1
0
1
0
1
0
1
0
1
0
13
0
9
0
3
0
3
0
3
0
3
0
3
0
3
0
14
0
14
0
14
0
14
0
5
0
9
20
3
0
3
0
3
0
3
0
3
0
3
0
3
0
3
0
3
0
14
0
14
0
14
0
14
0
14
0
14
0
14
0
5
0
