7
0
3
0
3
0
15
0
3
0
3
0
3
0
3
0
3
0
3
0
3
0
3
0
3
0
3
0
3
0
3
0
3
0
3
0
3
0
3
0
3
0
3
0
3
0
3
0
6
0
7
0
15
0
15
0
3
0
6
0
2
0
9
0
3
0
14
0
3
0
15
0
3
0
3
0
3
0
3
0
3
0
3
0
15
0
15
0
15
0
15
0
15
0
6
0
7
0
15
0
15
0
15
0
6
0
0
0
2
0
4
0
14
0
1
0
6
0
2
0
2
0
7
0
15
0
15
0
6
0
2
0
9
0
3
0
3
0
3
0
15
0
6
0
2
0
12
0
1
0
1
0
1
0
13
0
12
0
1
0
1
0
1
0
13
0
7
0
1
0
15
0
6
0
12
0
13
0
2
0
2
0
12
0
1
0
1
0
13
0
2
0
7
0
15
0
15
0
6
0
12
0
13
0
2
0
12
0
1
0
1
0
1
0
13
0
12
0
1
0
1
0
1
0
13
0
12
0
1
0
1
0
13
0
12
0
13
0
2
0
12
0
1
0
1
0
1
0
13
0
2
0
12
0
1
0
1
0
13
0
12
0
13
0
2
0
4
0
14
0
14
0
14
0
5
0
12
0
1
0
1
0
13
0
2
0
12
0
1
0
1
0
13
0
12
0
13
0
2
0
2
0
12
0
1
0
1
0
13
0
2
0
12
0
1
0
1
0
13
0
12
0
1
0
13
0
0
0
0
0
0
0
0
0
0
0
4
0
14
0
14
0
5
0
2
0
12
0
1
0
1
0
13
0
4
0
5
0
2
0
2
0
12
0
1
0
1
0
13
0
2
0
12
0
1
0
1
0
13
0
12
0
13
0
4
0
3
0
6
0
0
0
0
0
7
0
15
0
15
0
15
0
6
0
2
0
4
0
14
0
14
0
5
0
7
0
15
0
13
0
2
0
4
0
14
0
14
0
5
0
4
0
14
0
1
0
1
0
13
0
12
0
1
0
15
0
6
0
2
0
0
0
0
0
12
0
1
0
1
0
1
0
13
0
4
0
6
0
7
20
15
0
15
0
1
0
1
0
13
0
2
0
7
0
15
0
15
0
15
0
15
0
6
0
12
0
1
0
13
0
12
0
1
0
1
0
13
0
2
0
0
0
0
0
12
0
1
0
1
0
1
0
1
0
15
0
13
0
12
20
1
0
1
0
1
0
1
0
5
0
2
0
12
0
1
0
1
0
1
0
1
0
13
0
12
0
1
0
13
0
4
0
14
0
14
0
5
0
2
0
0
0
0
0
4
0
14
0
14
0
14
0
14
0
5
0
2
0
12
0
1
0
1
0
1
0
1
0
6
0
2
0
12
0
1
0
1
0
1
0
1
0
13
0
4
0
14
0
5
0
0
0
7
0
15
0
15
0
1
0
15
0
6
0
7
0
15
0
15
0
15
0
15
0
6
20
2
0
4
0
1
0
1
0
1
0
1
0
13
0
4
0
1
0
1
0
1
0
1
0
1
0
13
0
0
0
0
0
0
0
0
0
12
0
1
0
1
0
1
0
1
0
13
0
12
0
1
0
1
0
1
0
1
0
13
0
12
0
6
0
12
0
1
0
1
0
1
0
5
0
7
0
1
0
1
0
1
0
1
0
1
0
13
0
0
0
0
0
0
0
0
0
12
0
1
0
1
0
1
0
1
0
13
16
1
0
1
0
1
0
1
0
1
0
13
0
12
0
13
0
4
0
14
0
14
16
5
0
11
0
4
0
14
0
14
0
14
0
14
0
14
0
5
0
0
0
0
0
0
0
0
0
4
0
14
0
14
0
14
0
14
0
5
0
4
0
14
0
14
0
14
0
14
0
5
0
4
0
14
0
3
0
3
0
14
0
3
0
5
0
