7
0
3
0
15
25
3
0
3
0
15
0
3
0
3
0
15
0
15
0
15
0
3
0
3
0
3
0
3
0
3
0
3
0
3
0
3
0
3
0
3
0
3
0
3
0
15
0
3
0
3
0
3
0
3
12
3
12
8
12
2
0
0
0
2
14
7
0
3
0
13
0
7
0
6
0
2
0
2
14
12
0
3
0
3
0
3
0
3
12
3
12
3
12
8
9
7
14
15
14
15
14
15
0
6
6
2
0
7
0
3
14
3
0
6
0
7
0
6
0
2
0
0
0
2
14
2
0
0
0
2
0
12
0
5
0
12
14
5
0
2
0
7
0
15
0
15
0
15
0
6
0
7
14
15
0
1
0
14
14
14
14
14
0
5
6
2
0
2
0
7
0
6
0
4
0
5
14
2
0
12
0
3
0
1
0
15
0
3
0
1
0
14
0
15
0
14
0
3
0
14
0
14
0
14
0
14
0
1
0
13
0
12
0
14
0
5
0
7
0
15
0
15
0
6
6
2
0
2
0
2
6
4
0
3
0
3
0
5
0
2
14
0
0
2
14
2
0
7
0
1
14
6
0
2
0
7
0
15
0
15
0
15
0
15
0
6
6
12
0
13
0
12
0
3
0
6
0
12
0
1
0
1
20
13
0
2
0
2
0
2
0
7
0
6
0
7
0
6
0
2
14
0
0
2
14
2
0
12
22
1
0
13
22
2
0
12
12
1
12
1
12
1
14
1
14
13
5
4
0
5
20
12
0
6
0
2
0
12
0
1
0
1
0
13
0
2
0
2
0
4
0
5
0
4
0
5
14
2
0
2
14
11
0
2
14
2
0
4
10
14
12
5
12
2
0
12
12
1
12
1
12
1
14
1
14
13
14
0
0
0
0
12
0
13
0
2
0
12
14
1
0
1
14
13
0
2
0
2
0
7
0
3
0
3
0
6
0
2
0
12
0
1
0
1
0
1
0
3
0
3
0
3
0
1
0
14
0
14
0
14
0
14
0
14
0
5
0
7
0
15
0
1
0
13
0
2
0
4
14
14
16
14
14
5
0
2
0
2
0
2
0
7
0
6
0
2
14
2
0
2
0
2
0
2
0
12
14
15
0
15
0
6
0
2
0
0
0
9
22
3
0
3
0
3
0
6
0
12
0
1
0
1
0
13
0
4
0
3
0
14
0
3
0
6
0
2
0
2
0
4
0
5
0
2
0
4
0
5
0
4
0
5
0
2
0
12
0
1
0
1
0
13
0
12
0
15
0
15
0
15
0
6
0
7
0
13
0
12
0
1
14
1
14
13
14
7
14
15
14
15
0
15
0
13
0
2
0
2
0
7
0
3
0
5
0
7
14
6
0
7
0
15
14
13
14
12
14
1
14
1
14
13
0
12
0
1
0
1
0
1
0
13
6
2
0
2
0
4
0
14
14
14
14
5
0
12
0
1
0
1
0
1
0
13
0
2
0
2
0
2
0
7
14
3
0
5
0
2
0
12
4
1
0
13
14
12
0
1
14
1
5
13
6
4
0
14
0
14
5
14
0
5
0
2
0
2
0
7
0
15
14
15
0
15
0
1
0
1
0
1
0
1
0
13
0
2
0
2
0
4
0
5
0
7
0
3
0
5
0
12
4
1
0
13
0
4
0
14
6
14
0
5
6
7
0
3
0
3
0
3
0
3
0
5
0
12
0
12
16
1
14
1
0
1
0
1
0
14
0
14
0
14
0
5
0
2
0
4
0
3
0
6
0
4
0
3
0
6
0
4
1
14
1
5
4
9
21
3
0
3
0
3
0
5
0
9
22
3
0
3
0
3
0
3
0
5
0
4
0
14
14
14
0
14
0
5
14
0
0
0
0
0
0
9
20
14
0
8
0
9
20
14
0
3
0
3
0
5
0
