7
12
15
6
15
15
15
0
15
15
3
0
3
0
3
0
3
0
15
0
3
0
3
0
3
0
3
0
3
0
3
0
15
0
3
0
3
0
3
0
3
0
3
0
3
0
3
0
15
0
15
0
15
0
15
22
15
22
6
0
12
12
1
15
1
15
1
0
13
15
7
0
15
0
15
0
15
15
1
15
6
0
0
0
0
0
0
0
0
0
0
0
2
22
7
0
15
0
15
0
15
0
6
0
0
0
0
0
12
3
1
3
1
0
1
0
1
0
13
0
12
12
1
0
1
0
1
12
13
12
12
22
1
15
1
0
1
12
1
15
13
15
7
0
15
22
15
0
15
22
6
0
2
0
12
5
1
12
1
12
1
22
13
0
0
0
0
0
4
3
14
0
14
12
14
0
5
12
2
0
12
6
1
0
1
15
1
1
13
15
12
0
1
15
1
15
1
0
1
12
13
0
12
0
1
0
1
12
1
15
13
12
2
0
12
5
1
12
1
12
1
15
1
15
3
0
3
0
3
0
3
0
3
0
3
0
3
0
13
25
4
0
14
0
14
0
14
1
5
0
12
0
1
0
1
0
1
0
1
0
13
0
12
0
1
0
1
0
1
0
13
0
2
0
12
6
1
12
1
12
1
0
13
0
7
0
15
0
15
0
6
1
7
0
15
6
6
0
2
0
0
0
0
0
7
1
15
19
6
1
12
0
1
0
1
15
1
0
1
0
13
0
12
0
1
0
1
0
1
15
1
15
13
15
4
0
14
15
14
0
14
15
5
0
12
0
1
0
1
0
13
0
12
0
1
0
13
22
2
0
0
0
0
0
12
0
1
0
13
0
4
22
14
12
14
0
14
0
14
6
5
0
12
6
1
0
1
0
1
15
13
0
2
0
11
12
7
0
15
0
15
0
15
0
1
0
1
15
1
0
13
1
12
15
1
15
13
1
2
0
7
0
15
15
1
0
1
0
1
22
6
22
7
0
15
15
15
0
15
0
6
0
4
0
14
0
14
0
14
0
5
0
2
15
2
12
12
0
1
0
1
0
1
0
1
0
1
0
14
0
5
3
12
0
1
15
13
22
2
0
12
0
1
0
1
0
1
0
1
0
13
16
1
0
1
15
1
0
1
0
1
0
15
0
15
0
15
0
15
15
6
15
2
0
2
12
4
0
14
0
1
15
14
0
14
0
5
0
7
0
3
0
14
0
14
0
5
22
2
0
4
0
1
0
3
0
14
0
14
0
5
0
4
0
14
0
14
0
14
0
14
0
14
0
14
0
14
0
14
0
5
4
2
0
12
0
3
0
3
0
1
0
3
0
3
0
3
15
14
16
3
0
3
0
3
0
3
0
13
0
7
0
15
16
15
0
15
0
6
0
7
6
15
0
15
0
15
0
15
0
15
15
3
0
3
0
3
0
3
15
3
0
5
0
12
0
6
0
7
0
1
15
15
0
15
0
6
0
2
0
7
12
15
12
15
0
6
22
2
0
12
0
1
0
1
0
1
1
13
0
12
6
1
0
1
0
1
0
1
15
13
0
0
0
0
0
0
0
7
0
15
0
15
0
1
0
13
0
12
0
1
15
1
0
1
0
13
0
2
0
12
12
1
0
1
0
13
22
2
0
12
0
1
15
1
0
1
0
13
15
12
0
1
15
1
15
1
15
1
15
13
0
0
0
0
0
0
0
12
0
1
0
1
0
1
0
13
0
12
0
1
0
1
0
1
0
13
0
2
0
12
15
1
0
1
2
1
2
13
0
4
20
14
0
14
0
14
0
5
0
4
0
14
0
14
0
14
0
14
0
5
0
0
0
0
0
0
0
4
12
14
12
14
0
14
12
5
0
4
0
14
15
14
0
14
15
5
0
10
21
4
0
14
0
14
0
14
0
5
0
