248248248248248238238238238238238238238238238238238238238246246246246246246246246246246246246246
248248248248248238238238238238238238238238238238238238238238238246246246246246246246246246246246
248248248248248248238238238238238238238238238238238238238238238238238238238238238238238238238238
248248248248248248248238238238238248248238238238238238238238238238238238238238238238238238238238
248248248248248248248248238238238248248248238238238238238238238238238238238238238238238238238238
248248248248248248248248248248248248238238238238238238238238238238238238238238238238238238238238
248248248248248248248248248248248248248238238238238238238238238238238238238238238238238238238238
248248248248248248248248248248248248248238238238238238238238238238238238238238238238238238238238
248248248248248248248248248248248248248248248238238238238238238238238238238238238238238238238238
248248248248248248248248248248248248248248248248238238238238238238238238238238238238238238238238
248248248248248248248248248248248238248248238248238238238238238238238238238238238238238238238238
248248248248248248248248248248248238248248238238238238238238238238238238238238238238238238238238
248248248248248248238238248248248238238248238238238238238238238238238238238238238238238238238238
248248248248248248238238238248248238238238238238238238238238238238238238238238238238238238238248
248248248248248248238238238238238238238238238238238238238238238248238238238238238238238238238248
248248248248248248238238238238238238238238238238238238238238238248248238238248238238238238248248
248248248248248248248234234234234234234234234234234234248248248248248238248238238238238238248248
248248248248248248248248234234234234234234234234234234248248248248248248248238238238238248248248
248248248248248248248248234234234234234234234234234234248248248248248248248248248248238248248248
248248248248248248248248234234234234234234234234234234234248248248248248248248248248248248248248
248248248248248248248248234234234234234234234248248234234248248248248248248248248248246246246248
248248248248248248248248234234234234234234234248248234248248248248248248248248248248246246248248
248248248248248248248248248248246246246246246248248248248248248248248248248248248248246246248248
248248248248248248248248248248246248246246246248248248248248248248248248248248248248248248248248
248248248248248248248248248248248248246248248248248248248248248248248248248248248248248248248248
