238238238238238238238238238238238238238238238238238246246246246246246246246246246246246246246246
238238238238238238238238238238238238238238238246238238246246246246246246246246246246246246246246
238238238238238238238238238238238238238238238238238246246246246246246246246246246246246246246246
238238238238238238238238246246246246246246246246246246246246246246246246246246246246246246246246
238238238238238238238246246246246246246246246246246246246246246246246246246246246246246246246246
238238238238238238238238246246246246246246246246246246246246246246246246246246246246246246246246
238238238238238238246238238238246246246246246246246246246246246246246246246246246246246246246246
238238238238238246246246246238238238238246246246246246246246246246246246246246246246246246246246
238238238238238246246246246246238238246246246246246246246246246246246246246246246246246246246246
238238238246246246246246246238238238246246246246246246246246246246246246246246246246246246246246
238238238246246246246246238238238246246246246246246246246246246246246246246246246246246246246246
238238238246246246246238238238246246246246246246246246246246246246246246246246246246246246246246
238238238238238238238238238246246246246246246246246246246246246246246246246246246246246246246246
238238238238238238238238238238246246246246246246246246246246246246246246246246246246246246246246
238238238238238238238238238238238246246246246246246246246246246246246246246246246246246246246246
238238238238238238238238238238238238246246246246246246246246246246246246246246246246246246246246
238238238238238238238238238238238238246246246246246246246246246246246246246246246246246246246246
238238238238238238238238238238238238238238246246246246246246246246246246246246246246246246246246
238238238238238238238238238238238238238238238246246246246246246246246246246246246246246246246246
238238238238238238238238238238238238238238238238238246246246246246246246246246246246246246246246
238238238238238238238238238238238238238238238238238238238246246246246246246246246246246246246246
238238238238238238238238238238238238238238238238238238238238246246246246246246246246246246246246
238238238238238238238238238238238238238238238238238238238246246246246246246246246246246246246246
238238238238238238238238238238238238238238238238238238238238238238238238238246246246246246246246
238238238238238238238238238238238238238238238238238238238238238238238238238246246246246246246246
