244244244244244244244244244244244244244244244244244244244244244244244244244244244244244244244244
244244244244244244244244244244244244244244244244244244244244244244244244244244244244244244244244
244244244244244244244234234244244244244244244244244244244244244244244244244244244244244244244244
244244244244244234234234234244244244244244244244244244244244244244244244244244244244244244244244
244244244244244234234234244244244244244244244244244244244244244244244244244244244244244244244244
244244244244244244234234234234244244244244244244244244244244244244244244244244244244244244244244
244244244244244244244244244234234244244244244244244244244244244244244244244244244244244244244244
244244244244244244244244244234234244244244244244244244244244244244244244244244244244244244244244
244244244244244244244234234234244244244244244244244244244244244244244244244244244244244244244244
244244244244244244234234234244244244244244244244244244244244244244244244244244244244244244244244
244244244244244244234234234234234234234234234234234234234234234234244244244244244244244244244244
244244244244244244244234234234234244244244244244244244244244244234234234244244244244244244234234
244244244244244244244244244244244244244244244244244244244244234234234234234234234234234244244244
244244244244244244244244244244244244244244244244244244244244244244244244244244244244244244244244
244244244244244244244244244244244244244244244244244244244244244244244244244244244244244244244244
244244244244244244244244244244244244244244244244244244244244244244244244244244244244244244244244
244244244244244244244244244244244244244244244244244244244244244244244244244244244244244244244244
244244244244244244244244244244244244244244244244244244244244244244244244244244244244244244244244
244244244244244244244244244244244244244244244244244244244244244244244244244244244244244244244244
244244244244244244244244244244244244244244244244244244244244244244244244244244244244244244244244
244244244244244244244244244244244244244244244244244244244244244244244244244244244244244244244244
244244244244244244244244244244244244244244244244244244244244244244244244244244244244244244244244
244244244244244244244244244244244244244244244244244244244244244244244244244244244244244244244244
244244244244244244244244244244244244244244244244244244244244244244244244244244244244244244244244
244244244244244244244244244244244244244244244244244244244244244244244244244244244244244244244244
