246246246246246246246246246246246246246246246246246246246246246246246246246246246246246246246246
238238238238238238238238238246246238238238238238246246246246246246246246246246246246246246246246
238238238238238238238238238238238238238238238238238246246238246246246246246246246246246246246246
238238238238238238238238238238238238238238238238238238238238246246246238238246246246246246246246
246246246246246238238238238238238238238238238238238238238238238238238238238238238246246246246246
246246246246246238238234234234234234234238238238238238238238238238238238238238238238238246246246
246246246238238238234234234234234234234234238238238238238238238238238238238238238238238238246246
246246246238238238234234234234234234234234234234238238238238238238238238238238238238238238246246
246246246246238238234234234234234234234234234234234234238238238238238238238238238238246246246246
246246246246246246246234234234234234234234234234234234234238238238238238238238246246246246246246
246246246246246246246246234234234234234234234234234234234234238238238238238238246246246246246246
246246246246246246246246246246246246234234234234234234234234234238238238238238246246246246246246
246246246246246246246246246246246246246246246234234234234234234238238238238238246246246246246246
246246246246246246246246246246246246246246246246234234234234238238238238238238238246246246246246
246246246246246246246246246246246246246246246246234234234238238238238238238238238238238238238238
246246246246246246246246246246246246246246246246246234234234234234234234238238238238238238238238
246246246246246246246246246246246246246246246246246234234234234234234234234234234234234234234234
246246246246246246246246246246246246246246246246238234234234234234234234234234234234234234234234
246246246246246246246246246246246246246246246238238234234246246234234234234234234234234234234234
246246246246246246246246246246246246246246238238238246246246246246246234234234234234234234234234
246246246246246246246246246246246246246238246238238246246246246246246246234234234234234234234234
246246246246246246246246246246246238238238246238238246246246246246246246246234234234234234234234
246246246246246246246246238238238238238238246246238238246246234234246246246246234234234234234234
246246246246246246238238238238238238238238246246238238246246234234246246246246234234234234234234
238238238246246246246246246238238238238238246246238238238234234234246246246246246246246246234234
