246246246246246246246246246246246246246246246246246246246246246246246246246246246246246246246246
246246246246246246246246246246246246246246246246246246246246246246246246246246246246246238238238
246246246246246246246246246246246246246246246246246246246246246246246246246246238238238238238238
246246246246246246246246246246246246246246246246246246246246246238238238238238238238238238238238
246246246246246246246246246246246246246246246246246246238238238238238238238238238238238238238238
246246246246246246246246246246246246246246246246238238238238238238238238238238238238238238238238
246246246246246246246246246246246246238238238238238238238238238238238238238238238238238238238238
246246246246246246246246246246246238238238238238238238238238238238238238238238238238238238238238
246246246246246246246246246246238238238238238238238238238238238238238238238238238238238238238238
246246246246246246246246246238238238238238238238238238238238238238238238238238238238238238238238
246246246246246246246246238238238238238238238238238238238238238238238238238238238238238238238238
246246246246246246246246238238238238238238238238238238238238238238238238238238238238238238238238
246246246246246246246246238238238238238238238238238238238238238238238238238238238238238238238238
246246246246246246246246238238238238238238238238238238238238238238238238238238238238238238238238
246246246246246246246246246238238238238238238238238238238238238238238238238238238238238238238238
246246246246246246246246246238238238238238238238238238238238238238238238238238238238238238238238
246246246246246246246246246238238238238238238238238238238238238238238238238238238238238238238238
246246246246246246246246246238238238238238238238238238238238238238238238238238238238238238238238
246246246246246246246246246238238238238238238238238238238238238238238238238238238238238238238238
246246246246246246246246246246238238238238238238238238238238238238238238238238238238238238238238
246246246246246246246246246246246238238238238238238238238238238238238238238238238238238238238238
246246246246246246246246246246246238238238238238238238238238238238238238238238238238238238238238
246246246246246246246246246246246246238238238238238238238238238238238238238238238238238238238238
246246246246246246246246246246246246246238238238238238238238238238238238238238238238238238238238
246246246246246246246246246246246246246246238238238238238238238238238238238238238238238238238238
