248248248248248248248248248248248248248248248248248244244244244244244244244244244244244244244244
248248248248248248248248248248248248248248248248248244244244244244244244244244244244244244244244
248248248248248248248248248248248248248248248248248244244244244244244244244244244244244244244244
246248248248246246246246248248248248248248248248248244244244244244244244244244244244244244244244
246248248248246246246246246248248248248248248248248244244244244244244244244244244244244244244244
246248248248246246246246246246248248248248248248248244244244244244244244244244244244244244244244
246246248248246246246246246246246246246246246246246244244244244244244244244244244244244244244244
246246248246246246246246246246246246246246246246246244244244244244244244244244244244244244244244
246246248246246246246246246246246246246246246246246244244244244244244244244244244244244244244244
246246246246246246246246246246246246246246246246246244244244244244244244244244244244244244244244
246246246246246246246246246246246246246246246246246244244244244244244244244244244244244244244244
246246246246246246246246246246246246246246246246246246244244244244244244244244244244244244244244
246246246246246246246246246246246246246246246246246246244244244244244244244244244244244244244244
246246246246246246246246246246246246246246246246246246246244244244244244244244244244244244244244
246246246246246246246246246246246246246246246246246246246244244244244244244244244244244244244244
246246246246246246246246246246246246246246246246246246246246244244244244244244244244244244244244
246246246246246246246246246246246246246246246246246246246246244244244244244244244244244244244244
246246246246246246246246246246246246246246246246246246246246244244244244244244244244244244244244
246246246246246246246246246246246246246246246246246246246246244244244244244244244244244244244244
246246246246246246246246246246246246246246246246246246246246244244244244244244244244244244244244
246246246246246246246246246246246246246246246246246246246246246244244244244244244244244244244244
246246246246246246246246246246246246246246246246246246246246246246244244244244244244244244244244
246246246246246246246246246246246246246246246246246246246246246246244244244244244244244244244244
246246246246246246246246246246246246246246246246246246246246246246244244244244244244244244244244
246246246246246246246246246246246246246246246246246246246246246246244244244244244244244244244244
