244244244244244244244244244244244244244244244244244244244244244244244244244244244244244244244244
244244244244244244244244244244244244244244244244244244244244244244244244244244244244244244244244
244244244244244244244244244244244244244244244244244244244244244244244244244244244244244244244244
244244244244244244244244244244244244244244244244244244244244244244244244244244244244244244244244
244244244244244244244244244244244244244244244244244244244244244244244244244244244244244244244244
244244244244244244244244244244244244244244244244244244244244244244244244244244244244244244244244
244244244244244244244244244244244244244244244244244244244244244244244244244244244244244244244244
244244244244244244244244244244244244244244244244244244244244244244244244244244244244244244244244
244244244244244244244244244244244244244244244244244244244244244244244244244244244244244244244244
244244244244244244244244244244244244244244244244244244244244244244244244244244244244244244244244
244244244244244244244244244244244244244244244244244244244244244244244244244244244244244244244244
244244244244244244244244244244244244244244244244244244244244244244244244244244244244244244244244
244244244244244244244244244244244244244244244244244244244244244244244244244244244244244244244244
244244244244244244244244244244244244244244244244244244244244244244244244244244244244244244244244
244244244244244244244244244244244244244244244244244244244244244244244244244244244244244244244244
244244244244244244244244244244244244244244244244244244244244244244244244244244244244244244244244
244244244244244244244244244244244244244244244244244244244244244244244244244244244244244244244244
244244244244244244244244244244244244244244244244244244244244244244244244244244244244244244244244
244244244244244244244244244244244244244244244244244244244244244244244244244244244244244244244244
244244244244244244244244244244244244244244244244244244244244244244244244244244244244244244244244
244244244244244244244244244244244244244244244244244244244244244244244244244244244244244244244244
244244244244244244244244244244244244244244244244244244244244244244244244244244244244244244244244
244244244244244244244244244244244244244244244244244244244244244244244244244244244244244244244244
244244244244244244244244244244244244244244244244244244244244244244244244244244244244244244244244
244244244244244244244244244244244244244244244244244244244244244244244244244244244244244244244244
