238238238238238238238238246246246246246246246246246246246246246246246246246246246246246246246246
238238238238238238238246246246246246246246246246246246246246246246246246246246246246246246246246
238238238238238246246246246246246246246246246246246246246246246246246246246246246246246246246246
238238238238246246246246246246246246246246246246246246246246246246246246246246246246246246246246
238238246246246246246246246246246246246246246246246246246246246246246246246246246246246246246246
238238246246246246246246246246246246246246246246246246246246246246246246246246246246246246246246
238238238238238238246246246246246246246246246246246246246246246246246246246246246246246246246246
238238238238238238238238238238238238238238246246246246246246246246246246246246246246246246246246
238238238238238238238238238238238238238238238238246246246246246246246246246246246246246246246246
238238238238238238238238238238238238238238238238238238238246246246246246246246246246246246246246
238238238238238238238238238238238238238238238238238238238238238238238238238238246246246246246246
238238238238238238238238238238238238238238238238238238238238238238238238238238238238238238246246
238238238238238238238238238238238238238238238238238238238238238238238238238238238238238238238238
238238238238238238238238238238238238238238238238238238238238238238238238238238246246246246246246
238238238238238238238238238238238246246246238238238238238238238238246246246246246246246246246246
238238238238238238246246246238246246246246238238238238238238246246246246246246246246246246246246
238238238238238238246246246238238238238238238238246246246246246246246246246246246246246246246246
238238238238238238238246246238238238238238246246246246246246246246246246246246246246246246246246
238238238238238238238238238238238238238238246246238246246238238246246246246246246246246246246246
238238238238238238238238238238238238238238238238238238238238238238246246246246246246246246246246
238238238238238238238238238238238238238238238238238238238238246246246246246246246246246246246246
238238238238238238238238238238238238238238238238238246246246246246246246246246246246246246246246
238238238238238238238238238238238238238238238238238246246246246246246246246246246246246246246246
238238238238238238238238238238238238238238238238238246246246246246246246246246246246246246246246
238238238238238238238238238238238238238238238238238238238246246238246246246246246246246246246246
