248248248248248248248246246246246246246246246246246246246246246246246248248248246246246246246246
248248248248248248248246246246246246246246246246246246246246248248248248248248248248246246246246
248248248248248248248246246246246246246246246246246246246248248248248248248248248248246246246246
248248248248248248248246246246246246246246246246246246248248248248248248248248248248248248248248
248248248248248248248246246246246246246246246246246248248248248248248248248248248248248248248248
248248248248248248248246246246246246246246246246246246246248248248248248248248248248248248248248
248248248248248248248246246246246246246246246246246246246246246246248248248248248248248248248248
248248248248248248248246246246246246246246246246246246246246246246246248248248248248248248248248
248248248248248248248246246246246246246246246246246246246246246246246246246246246246246246246246
246246246246246246246246246246246246246246246246246246246246246246246246246246246246246246246246
246246246246246246246246246246246246246246246246246246246246246246246246246246246246246246246246
246246246246246246246246246246246246246246246246246246246246246246246246246246246246246246246246
246246246246246246246244244244244244244244244244244246246246246246246246246246246246246246246246
246246246246246246246244244244244244244244244244244246246246246246246246246246246246246246246246
246246246246246246246246244244244244244244244244244246246246246246246246246246246246246246246246
246246246246246246246246244244244244244244244244244246246246246246246246246246246246246246246246
246246246246246246246246244244244244244244244244244244244246246246246246246246246246246246246246
246246246246246246246246244244244244244244244244244244244244244246246246246246246246246246246246
246246246246246246246246244244244244244244244244244244244244244244246246246246246246246244244244
246246246246246246246246246244244244244244244244244244244244244244244246244244244244244244244244
246246246246246246246246246244244244244244244244244244244244244244244244244244244244244244244244
246246246246246246246246246244244244244244244244244244244244244244244244244244244244244244244244
246246246246246246246246246246244244244244244244244244244244244244244244244244244244244244244244
246246246246246246246246246246244244244244244244244244244244244244244244244244244244244244244244
246246246246246246246246246246246246244244244244244244244244244244244244244244244244244244244244
