246246246246246246246246246246246246246246246246246246246246246246246246246246246246246246246246
246246246246246246246246246246246246246246246246246246246246246246246246246246246246246246246246
246246246246246246246246246246246246246246246246246246246246246246246246246246246246246246246246
246246246246246246246246246246246246246246246246246246246246246246246246246246246246246246246246
246246246246246246246246246246246246246246246246246246246246246246246246246246246246246246246246
246246246246246246246246246246246246246246246246246246246246246246246246246246246246246246246246
246246246246246246246246246246246246246246246246246246246246246246246246246246246246246246246246
246246246246246246246246246246246246246246246246246246246246246246246246246246246246246246246246
246246246246246246246246246246246246246246246246246246246246238238238238238238238238238238238238
246246246246246246246238238238238238238238238238238238238238238238238238238238238238238238238238
238238238238238238238238238238238238238238238238238238238238238238238238238238238238238238238238
238238238238238238238238238238238238238238238238238238238238238238238238238238238238238238238238
238238238238238238238238238238238238238238238238238238238238238238238238238238238238238238238238
238238238238238238238238238238238238238238238238238238238238238238238238238238238238238238238238
238238238238238238238238238238238238238238238238238238238238238238238238238238238238238238238238
238238238238238238238238238238238238238238238238238238238238238238238238238238238238238238238238
238238238238238238238238238238238238238238238238238238238238238238238238238238238238238238238238
238238238238238238238238238238238238238238238238238238238238238238238238238238238238238238238238
246238238238238238238238238238238238238238238238238238238238238238238238238238238238238238238238
246246238238238238238238238238238238238238238238238238238238238238238238238238238238238238238238
246246246238238238238238238238238238238238238238238238238238238238238238238238238238238238238238
246246246246238238238238238238238238238238238238238238238238238238238238238238238238238238238238
246246246246246238238238238238238238246246238238238238238238238238238238238238238238238238238238
246246246246246238238238238246246246246246246246238238238238238238238238238238238238238238238238
246246246246246246238238246246246246246246246246238238238238238238238238238238238238238238238238
