248248248248248248248248248248248248248248248248248248248248248248248248248248248248248248248248
248248248248248248248248248248248248248248248248248248248248248248248248248248248248248248248248
248248248248248248248248248248248248248248248248248248248248248248248248248248248248248248248248
248248248248248248248248248248248248248248248248248248248248248248248248248248248248248248248248
246246246246246246246246246246246246246246248248248248248248248248248248248248248248248248248248
246246246246246246246246246246246246246246248248248248248248248248248248248248248248248248248248
246246246246246246246246246246246246246246248248248248248248248248248248248248248248248248248248
246246246246246246246246246246246246246248248248248248248248248248248248248248248248248248248248
246246246246246246246246246246246246248248248248248248248248248248248248248248248248248248248248
246246246246246246246246246246248248248248248248248248246246246246248248248248248248248248248248
246246246246246246246246246246246246246246246246246246246246246246246246246246246246248248248248
248248246246246246246246246246246246246246246246246246246246246246246246246246246246246246246246
248248248248246246246246246246246246246246246246246246246246246246246246246246246246246246246246
248248248248248246246246246246246246246246246246246246246246246246246246246246246246246246246246
248248248248248248248246246246246246246246246246246246246246246246246246246246246246246246246246
248248248248248248248248248246246246246246246246246246246246246246246246246246246246246246246246
248248248248248248248248248248248246246246246246246246246246246246246246246246246246246246246246
248248248248248248248248248248248248248246246246246246246246246246246246246246246246246246246246
248248248248248248248248248248248248248248248248248248248248248248248248248248248248248248248248
248248248248248248248248248248248248248248248248248248248248248248248248248248248248248248248248
248248248248248248248248248248248248248248248248248248248248248248248248248248248248248248248248
248248248248248248248248248248248248248248248248248248248248248248248248248248248248248248248248
248248248248248248248248248248248248248248248248248248248248248248248248248248248248248248248248
248248248248248248248248248248248248248248248248248248248248248248248248248248248248248248248248
248248248248248248248248248248248248248248248248248248248248248248248248248248248248248248248248
