246246246246246246246246246246246246246246246246246246246246246246246246246246246246246246246246
246246246246246246246246246246246246246246246246246246246246246246246246246246246246246246246246
246246246246246246246246246246246246246246246246246246246246246246246246246246246246246246246246
238238238238238238238238246246246246246246246246246246246246246246246246246246246246246246246246
238238238238238238238238238238246246246246246246246246246246246246246246246238246246246246246246
238238238238238238238238238238246246246246246246246246246246246246246238238238238246246238246246
238238238238238238238238238238238238238238238238238238238238238238238238238238238238238238238246
238238238238238238238238238238238238238238238238238238238238238238238238238238238238238238238238
238238238238238238238238238238238238238238238238238238238238238238238238238238238238238246246246
238238238238238238238238238238238238238238238238238238238238238238246238238238238238246246246246
238238238238238238238238238238238238238238246246246238238238238238246246238238238238246246246246
238238238238238238238238238238238238238246246246246246238238238238238238238238238238238238238246
238238238238238238238238238238238238238238238238238238238238238238238238238238238238238238246246
238238238238238238238238238238238238238238238238238238238238238238238238238238238238238238246246
238238238238238238238238238238238238238238238238238238238238238238238238238238238238238246246246
238238238238238238238238238238238238238238238238238238238238238238238238238238238238238238246246
238238238238238238238238238238238246238238238238238238238238238238238238238238238238238238246246
238238238238238238238238238238238246246238238238238238238238238238238238238238238238238246246246
238238238238238238238238238246246246246246238238238238238238238238238238238238238246246246246246
238238238238238238238238246246246246246246238238238238238238238238238238238238238238246246246246
238238238238238238238238246246246246246246238238238238238238238238238238238238238238238238238238
238238238238238238238238238238238238238238238238238238238238238238238238238238238238238238238238
238238238238238238238238238238238238238238238238238238238238238238238238238238238238238238238238
238238238238238238238238238238238238238238238238238238238238238238238238238238238238238238238238
238238238238238238238238238238238238238238238238238238238238238238238238238238238238238238238238
