246246246246246246246246246246246246246246246246246246246246246246246246246246246246246246246246
246246246246246246246246246246246246246246246246246246246246246246246246246246246246246246246246
246246246246246246246246246246246246246246246246246246246246246246246246246246246246246246246246
246246246246246246246246246246246246246246246246246246246246246246246246246246246246246246246246
246246246246246246246246246246246246246246246246246246246246246246246246246246248248248248248246
246246246246246246246246246246246246246246246246246246246246246246246246246246248248248248246246
246246246246246246246246246246246246246246246246246248248248248246246246246246246246246246246246
246246246246246246246246246246246246246246246246246248248248248248246246246246246246246246246246
246246246246246246246246246246246246246246246246246248248248248248246246246246246246246246246246
246246246246246246246246246246246246246246246246246248248248248248246246246246246246246246246246
246246246246246246246246246246246246248248248248248248246246246246246246246246246246246246246246
246246246246246246246246246246246246248248248248248248246246246246246246246246246246246246246246
246246246248248248248248248248248246246246246246246246246246246246246246246246246246246246246246
246246246248248248248248248248246246246246246246246246246246246246246246246246246246246246246246
246246246246246246246246246246246246246246246246246246246246246246246246246246246246246246246246
246246246246246246246246246246246246246246246246246246246246246246246246246246246246246246246246
246246246246246246246246246246246246246246246246246246246246246246246246246246246246246246246246
246246246246246246246246246246246246246246246246246246246246246246246246246246246246246246234234
248248246246246246246246246246246246246246246246246246246246246246246246246246246246246234234234
248248246246246246246246246246246246246246246246246246246246246246246246246246246246234234234234
248248248246246246246246246246246246246246246246246246246246246246246246246246246246234234234234
248248246246246246246246246246246246246246246246246246246246246246246246246246246234234234234234
248248246246246246246246246246246246246246246246246246246246246246246246246246234234234234234234
248248246246246246246246246246246246246246246246246246246246246246246246246234234234234234234234
248248246246246246246246246246246246246246246246246246246246246246246246246234234234234234234234
