248248248248248248248248248248248248248248248248248248248248248248248248248248248248248248248248
248248248248248248248248248248248248248248248248248248248248248248248248248248248248248248248248
248248248248248248248248248248248248248248248248248248248248248248248248248248248248248248248248
248248248248248248248248248248248248248248248248248248248246246246246246246246246246246246246246
248248248248248248248248248248248248248248248248248248248248246246246246246246246246246246246246
248248248248248248248248248248248248248248248248248248248248246246246246246246246246246246246246
246246246246246246246246246246246246246246246246246246246246246246246246246246246246246246246246
246246246246246246246246246246246246246246246246246246246246246246246246246246246246246246246246
246246246246246246246246246246246246246246246246246246246246246246246246246246246246246246246246
248248248248248248246246246246246246246246246246246246246246246246246246246246246246246246246246
248248248248248248248246246246246246246246246246246246246246246246246244244246246246246246246246
248248248248248248248248246246246246246246246246246246246246246246244244244244244244246246246246
248248248248248248248248246246246246246246246246246246246246246244244244244244244244246246246246
248248248248248248248248246246246246246246246246246246246244244244244244244244244244246246246246
248248248248248248248248246246246246246246246246246244244244244244244244244244244244246246246246
248248248248248248248248248246246248248246246244244244244244244244244244244244244244244246246246
248248248248248248248248248248246248248244244244244244244244244244244244244244244244244244246246
248248248248248248248248248248248248248244244244244244244244244244244244244244244244244244248248
248248248248248248248248248248248248248248244244244244244244244244244244244244244244244248248248
248248248248248248248248248248248248248248244244244244244244244244244244244244244248248248248248
248248248248248248248248248248248248248248244244244244244244244244244244244244244248248248248248
248248248248248248248248248248248248248248248244244244244244244244244244248248244248248248248248
248248248248248248248248248248248248248248248248244244244244244244244244248248248248248248248248
248248248248248248248248248248248248248248248248244244244244244244244244244248248248248248248248
248248248248248248248248248248248248248248248248248244244244244244244248248248248248248248248248
