248248248248248248248248248248248248248248248248248248248248248248248248248248248248248248248248
248248248248248248248248248248248248248248248248248248248248248248248248248248248248248248248248
246246246246246246246246246246246246248248248248248248248248248248248248248248248248248248248248
238238238238238238246246246246246246246246246248248248248248248248248248248248248248248248248248
238238238238238238238238246246246246246246246246246246248248248248248248248248248248248248248248
238238238238238238238238246246246246246246246246246246246246246246248248248248248248248248248248
238238238238238238238246246246246246246246246246246246246246246246246246248248248248248248248248
238238238238238238238246246246246246246246246246246246246246246246246246246246248248248248248248
238238238238238238238238246246246246246246246246246246246246246246246246246246246246248248248248
238238238238238238238238238238238246246246246246246246246246246246246246246246246246246248248248
238238238238238238238238238238238238238238246246246246246246246246246246246246246246246246246248
238238238238238238238238238238238238238238238238246246246246246246246246246246246246246246246248
238238238238238238238238238238238238238238238238246246246246246246246246246246246246246246246246
238238238238238238238238238238238238238238238246246246246246246246246246246246246246246246246246
238238238238238238238238238238238238238238238238238238246246246246246246246246246246246246246246
238238238238238238238238238238238238238238238238238246246246246246246246246246246246246246246246
238238238238238238238238238238238238238238238238238238238238238238238238238238246246246246246246
238238238238238238238238238238238238238238238238238238238238238238238238238238246246246246246246
238238238238238238238238238238238238238238238238238238238238238238238238238238246246246246246246
238238238238238238238238238238238238238238238238238238238238238238238238238246246246246246246246
238238238238238238238238238238238238238238238238238238238238238238238238246246246246246246246246
238238238238238238238238238238238238238238238238238238238238238238238246246246246246246246246246
238238238238238238238238238238238238238238238238238238238238238238246246246246246246246246246246
238238238238238238238238238238238238238238238238238238238238238246246246246246246246246246246246
238238238238238238238238238238238238238238238238238238238238246246246246246246246246246246246246
