234234234234234234234234234234234234234234234234234234234246246246246246246246246246246246246246
234234234234234234234234234234234234234234234234234234246246246246246246246246246246246246246246
234234234234234234234234234234234234234234234234234246246246246246246246246246246246246246246246
234234234234234234234234234234234234234234234234246246246246246246246246246246246246246246246246
234234234234234234234234234234234234234234234246246246246246246246246246246246246246246246246246
234234234234234234234234234234234234246246246246246246246246246246246246246246246246246246246246
234234234234234234234234234234234234234246246246246246246246246246246246246246246246246246246246
234234234234234234234234234234234234234234234234246246246246246246246246246246246246246246246246
234234234234234234234234234234234234234234234234234246246246246246246246246246246246246246246246
234234234234234234234234234234234234234234234234246246246246246246246246246246246246246246246246
234244244244234234234234234234234234234234234234234234246246246246246246246246246246246246246246
244244244244234234234234234234234244244244244244244244244244246246246246246246246246246246246246
234234234234234234234244244244244244244244244244244244244244246246246246246246246246246246246246
234234234234244244244244244244244244244244244244244244244244234234234234234234246246246246246246
244244244244244244244244244244244244244244244244244244234234234234234234234234246246246246246246
244244244244244244244244244244244244244244244244244244234234234234234234234234234246246246246246
244244244244244244244244244244244244244244244244244234234234234234234234234234234246246246246246
244244244244244244244244244244244244244244244244244234234234234234234234234234234234246246246246
244244244244244244244244244244244244244244244244234234234234234234234234234234234234234234246246
244244244244244244244244244244244244244244244234234234234234234234234234234234234234234234234246
244244244244244244244244244244244244244244234234234234234234234234234234234234234234234234234234
244244244244244244244244244244244244244234234234234234234234234234234234234234234234234234234234
244244244244244244244244244244244244234234234234234234234234234234234234234234234234234234234234
244244244244244244244244244244244234234234234234234234234234234234234234234234234234234234234234
244244244244244244244244244244244234234234234234234234234234234234234234234234234234234234234234
