246246246246246246246246244244244244244244244244244244244244244244244244244244246246246246246246
246246246246246246246246246246244244244244244244244244244244244244244244244244246246246246246246
246246246246246246246246246246246244244244244244244244244244244244244244244244246246246246246246
246246246246246246246246246246246246246244244244244244244244244244244244244244246246246246246246
246246246246246246246246246246246246246244244244244244244244244244244244244244244244246246246246
246246246246246246246246246246246246246244244244244244244244244244244244244244244244244244244244
246246246246246246246246246246246246246244244244244244244244244244244244244244244244244244244244
246246246246246246246246246246246246246244244244244244244244244244244244244244244244244244244244
246246246246246246246246246246246246246244244244244244244244244244244244244244244244244244244244
246246246246246246246246246246246246246246244244244244244244244244244244244244244244244244244244
246246246246246246246246246246246246246246244244244244244244244244244244244244244244244244244244
246246246246246246246246246246246246246246244244244244244244244244244244244244244244244244244244
246246246246246246246246246246246246246246246244244244244244244244244244244244244244244244244244
246246246246246246246246246246246246246246246244244244244244244244244244244244244244244244244244
246246246246246246246246246246246246246246246246244244244244244244244244244244244244244244244244
246246246246246246246246246246246246246246246246244244244244244244244244244244244244244244244244
246246246246246246246246246246246246246246246246246244244244244244244244244244244244244244244244
246246246246246246246246246246246246246246246246246246246244244244244244244244244244244244244244
246246246246246246246246246246246246246246246246246246246246246244244244244244244244244244244244
246246246246246246246246246246246246246246246246246246246246246246244244244244244244244244244244
246246246246246246246246246246246246246246246246246246246246246246246246244244244244244244244244
246246246246246246246246246246246246246246246246246246246246246246246246246244244244244244244244
246246246246246246246246246246246246246246246246246246246246246246246246246246246244244244244244
246246246246246246246246246246246246246246246246246246246246246246246246246246246246244244244244
246246246246246246246246246246246246246246246246246246246246246246246246246246246246246244244244
