248248248248248248248248248248248248248248248248248248248248248248248248248248248248248248248248
248248248248248248248248248248248248248248248248248248248248248248248248248248248248248248248248
248248248248248248248248248248248248248248248248248248248248248248248248248248248248248248248248
248248248248248248248248248248248248248248248248248248248248248248248248248248248248248248248248
248248248248248248248248248248248248248248248248248248248248248248248248248248248248248248248248
248248248248248248248248248248248248248248248248248248248248248248248248248248248248248248248248
248248248248248248248248248248248248248248248248248248248248248248248248248248248248248248248248
246246246246246248248248248248248248248248248248248248248248248248248248248248248248248248248248
246246246246246246246246246246246246248248248248248248248248248248248248248248248248248248248248
246246246246246246246246246246246246246246246246246246246246246246246246246246246246246246246246
246246246246246246246246246246246246246246246246246246246246246246246246246246246246246246246246
246246246246246246246246246246246246246246246246246246246246246246246246246246246246246246246246
238238238238238238238238238238238238238238238246246246246246246246246246246246246246246246246246
238238238238238238238238238238238238238238238238238238238238238238238238246246246246246246246246
238238238238238238238238238238238238238238238238238238238238238238238238238238238238238238238238
238238238238238238238238238238238238238238238238238238238238238238238238238238238238238238238238
238238238238238238238238238238238238238238238238238238238238246246246246238238238246246246246246
238238238238238238238238238238238238238238238238246246246238246246246246246246246246246246246246
238238238238238238238238238238238238238238238246246246246246246246246246246246246246246246246246
246246246246246246246246246246246246246246246246246246246246246246246246246246246246246246246246
246246246246246246246246246246246246246246246246246246246246246246246246246246246246246246246246
246246246246246246246246246246246246246246246246246246246246246246246246246246246246246246246246
246246246246246246246246246246246246246246246246246246246246246246246246246246246246246246246246
246246246246246246246246246246246246246246246246246246246246246246246246246246246246246246246246
246246246246246246246246246246246246246246246246246246246246246246246246246246246246246246246246
