238238238238238238238238238238238238238238238238238238238238238238238238238238238238238238238238
248238238238238238238238238238238238238238238238238238238238238238238238238238238238238238238238
248248238238238238238238238238238238238238238238238238238238238238238238238238238238238238238238
248248248238238238238238238238238238238238238238238238238238238238238238238238238238238238238238
248248248246246238238238238238238238238238238238238238238238238238238238238238238238238238238238
248248248246246246238238238238238238238238238238238238238238238238238238238238238238238238238238
248248248246246246246238238238238238238238238238238238238238238238238238238238238238238238238238
248248248248246246246246238238238238238238238238238238238238238238238238238238238238238238238238
248248248248246246246246246238238238238238238238238238238238238238238238238238238238238238238238
248248248248246246246246246246238238238238238238238238238238238238238238238238238238238238238238
248248248248248246246246246246246246246238238238238238238238238238238238238238238238238238238238
248248248248248246246246246246238238246238238238238238238238238238238238238238238238238238238238
248248248248248246246246246246238238238238238238238238238238238238238238238238238238238238238238
248248248248248246246246238238238238238238238238238238238238238238238238238238238238238238238238
248248248248248246246246238238238238238238238238238238238238238238238238238238238238238238238238
248248248248248246246246238238238238238238238238238238238238238238238238238238238238238246246246
248248248248248246246246246238238238238238238238238238238238238238238246246246246246246246246246
248248248248248246246246246246246238238246246246246246246246246246246246246246246246246246246246
248248248248246246246246246246246246246246246246246246246246246246246246246246246246246246246246
248248248248246246246246246246246246246246246246246246246246246246246246246246246246246246246246
248248248248246246246246246246246246246246246246246246246246246246246246246246246246246246246246
248248248248248246246246246246246246246246246246246246246246246246246246246246246246246246246246
248248248248248248248248248246246246248248248246246246246246246246246246246246246246246246248248
248248248248248248248248248248248248248248248248248248248248248248248248248248248248248248248248
248248248248248248248248248248248248248248248248248248248248248248248248248248248248248248248248
