246246246246246246246246246246246246246246246234234234234234234234234234234246246246246246246246
246246246246246246246246246246246234234234234234234234234234234234234234246246246246246246246246
246246246246246246246246246234234234234234234234234234234234234234234246246246246246246246246246
246246246246246246246246246246246246246246246246246246246234234246246246246246246246246246246246
246246246246246246246234234234234234234234234234234246246246246246246246246246246246246246246246
234246246246246234234234234234234234234234234234234246246246246246246246246246246246246246246246
234234234234234234234234234234234234234234234234234246246246246246246246246246246246246246246246
234234234234234234234234234234234234234234234234234246246246246246246246246246246246246246246246
234234234234234234234234234234234234234234234234234234234234246246246246246246246246246246246246
234234234234234234234234234234234234234234234234234234246246246246246246246246246246246246246246
234234234234234234234234234234234234234234234234234234234246246246246246246246246246246246246246
234234234234234234234234234234234234234234234234234234234246246246246246246246246246246246246246
234234234234234234234234234234234234234234234234234234234234234234234246246246246246246246246246
234234234234234234234234234234234246234234234234234234234234234234234234234234234234234234234234
234234234234234234234234234234246246246246246246246246246246246246246234234234234234234234234234
234234234234234234234234234234246246246246246246246246246246246246246246246246246246246234234234
234234234234234234234234234246246246246246246246246246246246246246246246246246246246246246234234
234234234234234234234234246246246246246246246246246246246246246246246246246246246246246246246246
234234234234234234234246246246246246246246246246246246246246234234234234234234234234234246246234
234234234234234234234234246246246246246246246246246246246246246246246234234234234234234246246234
234234234234234246246246246246246246246246246246246246246246246246246246246246246246246246234234
234234234234234234246246246246246246246246246246246246246246246246246246246246246246246246246246
234234234234234246246234234234234234234246246246246246246246246246246246246246246246246246246246
246246246246246234234234234234234234234234234234234234234234234234234234234234246246246246246246
246246246246246246234234234246246246246246246234234234234234234246246246246234234234234234246246
