248248248248248248248248248248248248248248248248248248248248248248248248248248248248248248248248
248248248248248248248248248248248248248248248248248248248248248248248248248248248248248248248248
246246246246246246246246246246246246246246246246246246246248248248248248248248248248248248248248
246246246246246246246246246246246248246246246246246246246246246246246246246246246246246246246246
246246246246246246246246246246248248248246246246246246246246246246246246246246246246246246246246
246246246246246246246246246246248248248248246246246246246246246246246246246246246246246246246246
246246246246246246246246246246248248248248246246246246246246246246246246246246246246246246246246
246246246246246246246246246248248248248248248246244244244244244244244246246246246246246246246246
246246246246246246246246248248248248248248248246244244244244244244246246246246246246246246246246
246246246246246246246248248248248248248248248246244244244244244246246246246246246246246246246246
246246244246246246248248248248248248248248248246246244244244244246246246246246246246246246246246
246244244246246248248248248248248248248248248246246246244244244244244244246246246246246246246246
244244244246248248248248248248248248248248248246246246246244244244244244246246246246246246246246
244244246246248248248248248248248248248248248248246246246244244244244234244246246246246246246246
244244246246248248248248248248248248248248248248246246246244244244244234234246234246246246246246
244246246248248248248248248248248248248248248248248246246244244244244234234234234246246246246246
246246248248248248248248248248248248248248248248248246246244244244234234234244244246246246246246
246248248248248248248248248248248248248248248248248248246246234234234244244244244244246246246246
248248248248248248248248248248248248248248248248248248246246246234234244244244244244244246246246
248248248248248248248248248248248248248248248248248248246246246246246246244244246246244244244244
248248248248248248248248248248248248248248248248248248246246246246246246246244248248248244244244
248248248248248248248248248248248248248248248248248248248248248248248248248248248248248248248244
248248248248248248248248248248248248248248248248248248248248248248248248248248248248248248248248
248248248248248248248248248248248248248248248248248248248248248248248248248248248248248248248248
248248248248248248248248248248248248248248248248248248248248248248248248248248248248248248248248
