246246246246246246246246246246246246246246246246246246246246246246246246246246246246246246246246
246246246246246246246246246246246246246246246246234234234234234234234234234234234234234234234246
246246246246246246246246246246246246246246246234234234234246246246246246246246246246246246246246
234246246246246246246246246246246246246246246246246246246246246246246246246246246246246246246246
234234246246246246246246246246246246246246246246246246246246246246246246246246246246246246246246
234246246246246246246246246246246246246246246246246246246246246246246246246246234234234246246246
246246246246246246246246246246246246246246246246246246246246246246234234234234234246246246246246
246246246246246246246246234246246246246246246246246246246234234234234234234246246246246246246246
246246246246234234234234246246246246246246246246234234234234234234234246246246246246246246246246
246246246234234234234246246246246246246246234234234234234234234246246246246246246246246246246246
246234234234234234246246246246246246246234234234234234234234246246246246246246246246246246246246
234234234234234246246246246246246234234234234234234234234246246246246246246246246246246246246246
234234234234246246246246246246246234234234234234234234246246246246246246246246246246246246246246
234234246246246246246246234234234234234234234234234234246246246246246246246246246246246246246246
234246246246246246246246234234234234234234234234234246246246246246246246246246246246246246246246
246246246246246246246246234234234234234234234234234246246246246246246246246246246246246246246246
246246246246246246246234234234234234234234234234246246246246246246246246246246246246246246246246
246246246246246246234234234234234234234234234234246246246246246246246246246246246246246246246246
246246246246246246234234234234234234234234234234246246246246246246246246246246246246246246246246
246246246246246234234234234234234234234234234234246246246246246246246246246246246246246246246246
246246246246234234234234234234234234234234234234234246246246246246246246246246246246246246246246
246246246234234234234234234234234234234234234234234246246246246246246246246246246246246246246246
246246246234234234234234234234234234234234234234234234246246246246246246246246246246246246246246
246246246234234234234234234234234234234234234234234234234246246246246246246246246246246246246246
246246246234234234234234234234234234234234234234234234234246246246246246246246246246246246246246
