mainbank.sbobs
0 0 11 14 12 14 11 15 13 15
1 0 16 19 17 19 16 20 18 20
2 0 21 22 23 22 21 24 25 24
3 2 21 22 23 22 21 24 25 24
8 0 26 29 27 29 26 30 28 30
9 0 31 34 32 34 31 35 33 35
10 0 36 37 38 37 36 39 40 39
11 2 36 37 38 37 36 39 40 39
16 0 41 44 42 44 41 45 43 45
17 0 46 49 47 49 46 50 48 50
18 0 51 52 53 52 51 54 55 54
19 2 51 52 53 52 51 54 55 54
24 1 56
25 1 57
26 1 58
27 0 59 62 60 62 59 63 61 63
28 0 64 67 65 67 64 68 66 68
29 0 69 70 71 70 69 72 73 72
30 2 69 70 71 70 69 72 73 72
31 0 74 77 75 77 74 78 76 78
32 0 79 82 80 82 79 83 81 83
33 0 84 85 86 85 84 87 88 87
34 2 84 85 86 85 84 87 88 87
35 1 89
36 1 90
37 1 91 92 92 92 92 92 92 91 91 91
38 1 93
39 1 94
40 0 95 98 96 98 95 99 97 99
41 0 100 103 101 103 100 104 102 104
42 0 105 106 107 106 105 108 109 108
43 2 105 106 107 106 105 108 109 108
44 0 110 113 111 113 110 114 112 114
45 0 115 118 116 118 115 119 117 119
46 0 120 121 122 121 120 123 124 123
47 2 120 121 122 121 120 123 124 123
52 0 125 128 126 128 125 129 127 129
53 0 130 133 131 133 130 134 132 134
54 0 135 136 137 136 135 138 139 138
55 2 135 136 137 136 135 138 139 138
4 1 140 141 142 143 144 145 144
60 1 146
61 1 147 148 149 148
5 1 144 145
6 1 150
7 1 151 152 153 154 155 156 156 156 156
56 1 157 158 159
57 1 159
58 1 160
59 1 161 162 163 164
4090 1 168
62 0 171 172 171 173
63 0 174 175 174 176
64 0 177 178 177 179
65 2 177 178 177 179
66 1 180
67 1 181
68 1 182
69 1 183
70 1 183
71 1 183
72 1 183
73 1 183 183 183 184 184 185
74 1 185
75 1 185
76 1 185 186 187 188 189 189
77 1 190 190 191 191
78 1 192
79 1 193 194 195 196 197
12 1 198 199 200
13 1 200
14 1 201
15 1 202 203 204 205 205 205
20 0 206 206 207 207 208 208 209
21 0 209
22 0 210 211
23 0 212 212 213 214 215 216 216 216
48 1 217 218 219 220 221 221
49 1 221
50 1 222 223
51 1 221 224 224 225 226 227 227
80 1 228 228 228 229 229 229 230 230 230 230
81 1 230 230 230 230 230 231 231 231 231 231
82 1 232
83 1 233
84 1 234 234 235 235 236 236
90 0 239 240 241 240
91 3 239 240 241 240
92 0 238 237
93 2 237 238
94 1 238 237 239 240 241 240 238
95 1 238
96 1 238
97 1 239 240 241 240
98 1 242 243 244 245 244 243
100 0 246 247 246 248
101 3 246 247 246 248
102 0 249 250 249 251
103 2 249 250 249 251
104 1 250
105 1 246
106 1 250
107 1 247 247 247
109 1 252
108 1 252
110 1 253
113 1 253
111 1 254
112 0 255 256 257 256 255
**EOF**
