430
460
490
520
535
550
565
580
595
610
625
640
655
670
790
805
925
940
955
970
1000
1015
1045
1060
1075
1090
1120
1135
1150
1165
1195
1210
1240
1255
1270
1285
1315
1330
1345
1360
1375
1390
1405
1420
1435
1450
1465
1495
1510
1540
1555
1570
1585
1600
1615
1630
1660
1675
1690
1705
1720
1735
1750
1765
1795
1825
1840
1870
1885
1900
1915
1945
1960
1975
2005
2020
2035
2050
2080
2095
2110
2125
2155
2170
2185
2200
2230
2245
2260
2275
2305
2320
2350
2365
2380
2395
2425
2440
2455
2470
2500
2515
2530
2560
2575
2590
2620
2635
2650
2665
2725
2755
2815
2830
2845
2860
2890
2905
2920
2950
2965
2980
2995
3025
3040
3055
3085
3100
3115
3130
3220
3235
3250
3340
3355
3370
3385
3430
