 1008
 150
 76
 0
 195
 1
 0
 196
 1
 0
 160
 2
 42
 157
 3
 60
 197
 4
 93
 160
 5
 111
 208
 6
 133
 160
 7
 149
 211
 8
 129
 112
 11
 34
 201
 14
 24
 203
 14
 199
 208
 14
 162
 134
 15
 208
 87
 16
 256
 76
 17
 275
 42
 18
 238
 135
 18
 287
 116
 19
 253
 207
 20
 318
 184
 21
 359
 80
 21
 355
 27
 33
 407
 22
 34
 393
 157
 34
 389
 220
 35
 445
 202
 36
 448
 117
 36
 457
 55
 35
 462
 5
 34
 512
 8
 33
 528
 99
 32
 528
 141
 32
 528
 183
 32
 494
 141
 32
 493
 181
 32
 493
 182
 32
 528
 182
 32
 512
 207
 33
 430
 75
 33
 528
 44
 21
 536
 128
 21
 554
 198
 19
 576
 136
 18
 571
 69
 17
 573
 13
 17
 630
 68
 17
 629
 8
 17
 660
 188
 16
 687
 126
 16
 673
 55
 15
 670
 2
 14
 700
 196
 13
 730
 135
 13
 786
 210
 12
 807
 166
 11
 807
 165
 11
 851
 201
 10
 852
 201
 10
 920
 197
 9
 933
 126
 9
 897
 141
 8
 941
 65
 7
 867
 109
 7
 792
 105
 8
 751
 73
 9
 733
 13
 8
 797
 40
 9
 845
 55
 10
 888
 54
 11
 925
 14
 12
 844
 0
 10
 786
 0
 11
 123
 27
 10
 174
 37
 10
 186
 95
 7
