 1008
 150
 58
 0
 98
 19
 0
 242
 20
 91
 241
 20
 175
 240
 20
 248
 238
 21
 204
 244
 25
 331
 240
 33
 377
 242
 34
 377
 243
 34
 421
 241
 35
 465
 239
 35
 465
 240
 35
 524
 242
 36
 571
 241
 35
 625
 242
 36
 667
 241
 35
 715
 242
 34
 775
 240
 33
 838
 245
 27
 874
 242
 28
 899
 238
 21
 924
 73
 18
 113
 56
 16
 123
 102
 15
 204
 36
 14
 265
 32
 13
 318
 76
 12
 269
 46
 11
 400
 42
 10
 465
 76
 9
 517
 74
 8
 616
 74
 8
 616
 4
 8
 623
 54
 6
 607
 12
 5
 614
 129
 14
 602
 48
 15
 581
 0
 14
 680
 75
 13
 744
 71
 14
 823
 74
 13
 907
 78
 13
 908
 78
 13
 277
 39
 13
 450
 64
 16
 451
 64
 16
 493
 64
 17
 0
 93
 17
 0
 165
 17
 15
 164
 18
 50
 194
 19
 51
 196
 19
 59
 147
 19
 894
 185
 18
 855
 148
 17
 896
 142
 16
 945
 146
 16
 782
 183
 15
