 1008
 150
 65
 0
 240
 32
 0
 199
 32
 0
 159
 32
 34
 159
 32
 34
 199
 32
 34
 240
 32
 67
 239
 32
 67
 199
 32
 68
 159
 32
 77
 195
 33
 81
 142
 34
 131
 115
 35
 136
 183
 35
 173
 189
 36
 188
 111
 33
 233
 109
 21
 232
 188
 20
 305
 222
 19
 284
 152
 18
 308
 105
 17
 356
 105
 16
 365
 166
 15
 394
 100
 13
 444
 98
 14
 427
 190
 15
 512
 189
 16
 478
 100
 15
 544
 137
 16
 566
 209
 16
 596
 167
 17
 552
 83
 18
 635
 100
 17
 626
 136
 15
 631
 201
 14
 690
 195
 14
 688
 95
 13
 745
 175
 13
 765
 114
 12
 802
 98
 11
 808
 149
 10
 817
 207
 9
 856
 98
 14
 906
 81
 15
 881
 185
 16
 933
 163
 17
 917
 229
 17
 974
 231
 17
 713
 244
 17
 612
 243
 17
 602
 243
 17
 342
 239
 17
 332
 239
 17
 168
 239
 17
 18
 239
 17
 254
 27
 16
 254
 0
 16
 388
 24
 17
 389
 0
 17
 515
 38
 18
 517
 0
 18
 515
 39
 19
 706
 31
 20
 705
 0
 21
 112
 59
 21
 98
 0
 20
