 1008
 150
 105
 0
 0
 21
 0
 60
 20
 0
 114
 19
 0
 154
 18
 0
 153
 18
 0
 198
 17
 0
 125
 17
 0
 86
 17
 47
 14
 18
 54
 65
 19
 43
 183
 20
 81
 129
 21
 83
 128
 21
 124
 199
 20
 117
 149
 19
 123
 66
 18
 136
 6
 17
 190
 0
 16
 213
 98
 16
 209
 177
 17
 176
 228
 18
 198
 0
 18
 199
 0
 18
 220
 55
 19
 220
 56
 19
 237
 113
 20
 247
 175
 21
 294
 209
 21
 307
 142
 20
 294
 80
 19
 273
 5
 18
 351
 122
 18
 321
 195
 18
 410
 179
 18
 487
 188
 17
 392
 67
 16
 452
 101
 17
 470
 35
 16
 511
 10
 17
 559
 0
 16
 494
 76
 15
 493
 132
 14
 530
 176
 13
 552
 126
 14
 579
 49
 13
 604
 0
 12
 657
 26
 10
 634
 117
 9
 619
 177
 8
 586
 213
 7
 576
 213
 7
 672
 204
 8
 698
 137
 8
 697
 87
 9
 719
 34
 10
 729
 197
 10
 742
 143
 11
 744
 96
 12
 745
 96
 12
 772
 59
 13
 697
 0
 14
 755
 0
 15
 846
 0
 16
 845
 0
 16
 812
 169
 17
 812
 166
 17
 832
 214
 18
 829
 146
 18
 816
 85
 19
 816
 84
 19
 790
 117
 19
 878
 55
 20
 932
 0
 20
 870
 2
 21
 947
 113
 22
 909
 144
 23
 948
 156
 24
 1005
 241
 32
 977
 234
 32
 937
 234
 32
 938
 234
 32
 916
 212
 32
 915
 211
 32
 963
 208
 32
 934
 179
 32
 965
 161
 32
 968
 158
 32
 938
 139
 32
 931
 134
 32
 940
 123
 32
 977
 104
 32
 982
 96
 32
 976
 87
 32
 968
 86
 32
 944
 78
 32
 969
 116
 32
 972
 141
 32
 913
 173
 32
 964
 176
 32
 989
 194
 32
 411
 27
 32
 411
 0
 32
 411
 40
 32
 329
 64
 19
 330
 64
 19
