 1008
 150
 114
 0
 208
 9
 0
 166
 9
 0
 167
 9
 0
 168
 9
 1
 201
 9
 0
 200
 9
 0
 188
 9
 0
 175
 9
 0
 162
 9
 0
 134
 10
 0
 133
 10
 0
 84
 11
 0
 72
 12
 0
 85
 13
 143
 64
 11
 143
 108
 10
 145
 67
 11
 146
 68
 11
 148
 68
 11
 147
 182
 8
 151
 228
 4
 147
 128
 3
 285
 64
 2
 290
 119
 3
 288
 176
 5
 287
 172
 13
 277
 102
 14
 276
 50
 15
 270
 44
 14
 279
 209
 14
 0
 180
 14
 0
 155
 13
 1
 63
 13
 469
 58
 12
 472
 80
 11
 470
 126
 10
 475
 172
 9
 479
 229
 8
 479
 174
 9
 473
 118
 9
 472
 69
 9
 473
 69
 9
 469
 38
 9
 480
 98
 8
 476
 44
 8
 482
 112
 3
 76
 239
 2
 212
 233
 2
 214
 233
 2
 242
 234
 2
 355
 231
 2
 393
 231
 2
 394
 231
 2
 430
 231
 2
 429
 231
 2
 430
 231
 2
 531
 230
 2
 532
 230
 2
 563
 231
 2
 601
 230
 2
 635
 230
 2
 637
 230
 2
 681
 230
 2
 709
 232
 2
 710
 231
 2
 744
 233
 2
 771
 232
 2
 800
 233
 2
 833
 234
 2
 635
 231
 1
 682
 224
 1
 559
 218
 5
 628
 213
 6
 717
 212
 8
 778
 214
 9
 841
 220
 10
 910
 203
 10
 942
 158
 10
 949
 100
 10
 950
 100
 10
 939
 72
 10
 939
 73
 10
 931
 40
 10
 932
 38
 10
 935
 117
 10
 936
 117
 10
 725
 136
 10
 727
 79
 10
 728
 79
 10
 729
 79
 10
 732
 39
 11
 788
 49
 11
 853
 50
 11
 891
 53
 11
 676
 70
 10
 677
 70
 10
 636
 107
 10
 569
 106
 10
 519
 73
 10
 548
 99
 9
 602
 110
 8
 671
 86
 7
 672
 86
 7
 818
 54
 13
 772
 54
 13
 863
 54
 13
 864
 53
 13
 773
 50
 14
 861
 45
 14
 806
 55
 16
 807
 55
 16
 759
 56
 17
 735
 50
 15
 0
 93
 15
