 1008
 150
 74
 0
 0
 7
 0
 50
 8
 0
 51
 8
 0
 102
 11
 0
 160
 12
 0
 188
 11
 45
 214
 10
 45
 213
 10
 50
 154
 11
 53
 102
 12
 53
 53
 11
 54
 53
 11
 52
 0
 10
 92
 28
 11
 116
 83
 12
 108
 137
 13
 84
 195
 14
 85
 195
 14
 156
 191
 15
 0
 82
 15
 170
 33
 16
 170
 32
 16
 180
 115
 16
 181
 115
 16
 219
 72
 17
 200
 137
 18
 288
 73
 17
 327
 50
 16
 325
 147
 17
 267
 191
 18
 353
 181
 17
 345
 103
 18
 362
 53
 19
 413
 63
 20
 242
 0
 20
 175
 11
 19
 477
 50
 19
 461
 80
 18
 340
 138
 18
 440
 96
 17
 575
 246
 32
 575
 206
 32
 575
 166
 32
 575
 125
 32
 610
 125
 32
 609
 125
 32
 610
 166
 32
 610
 207
 32
 610
 247
 32
 540
 58
 33
 584
 54
 34
 617
 51
 35
 647
 62
 36
 470
 226
 35
 670
 227
 34
 685
 59
 33
 747
 62
 32
 781
 62
 32
 815
 62
 32
 850
 62
 32
 849
 0
 32
 850
 103
 32
 862
 57
 33
 908
 58
 34
 948
 50
 35
 863
 137
 36
 914
 132
 35
 953
 142
 34
 884
 227
 32
 918
 227
 32
 926
 217
 21
 788
 216
 21
 787
 138
 20
 730
 82
 19
