 1008
 150
 67
 0
 218
 19
 0
 182
 20
 0
 120
 21
 0
 119
 21
 60
 135
 21
 87
 178
 20
 127
 133
 21
 82
 107
 21
 169
 96
 21
 171
 192
 20
 204
 154
 21
 234
 215
 21
 273
 151
 20
 238
 90
 19
 195
 125
 19
 353
 237
 17
 386
 175
 17
 393
 103
 16
 379
 41
 16
 402
 0
 17
 418
 51
 16
 433
 125
 17
 419
 188
 18
 472
 126
 10
 449
 65
 11
 436
 11
 12
 435
 12
 12
 501
 56
 13
 509
 208
 14
 529
 144
 33
 530
 143
 33
 513
 0
 33
 572
 81
 35
 573
 81
 35
 562
 1
 36
 582
 162
 36
 625
 204
 36
 677
 224
 36
 611
 129
 35
 664
 135
 34
 707
 157
 33
 753
 239
 32
 787
 239
 32
 770
 199
 32
 803
 199
 32
 821
 240
 32
 754
 125
 33
 808
 154
 33
 844
 212
 26
 887
 197
 25
 904
 201
 21
 925
 159
 20
 925
 158
 20
 848
 150
 19
 809
 133
 19
 615
 227
 18
 866
 45
 23
 267
 3
 24
 108
 42
 25
 65
 64
 26
 638
 83
 28
 708
 116
 29
 653
 88
 29
 605
 64
 29
 671
 101
 29
 769
 86
 31
 156
 60
 31
