 1008
 150
 76
 0
 241
 20
 0
 176
 21
 59
 176
 20
 91
 142
 19
 111
 192
 18
 178
 152
 21
 210
 191
 20
 237
 139
 19
 278
 187
 18
 309
 134
 20
 369
 117
 21
 372
 190
 21
 427
 109
 20
 432
 191
 19
 415
 233
 18
 506
 116
 16
 506
 183
 15
 551
 113
 16
 593
 113
 17
 578
 183
 18
 628
 97
 19
 649
 147
 14
 610
 133
 14
 715
 143
 11
 708
 202
 10
 718
 86
 9
 771
 85
 11
 772
 85
 11
 778
 159
 12
 752
 205
 13
 814
 101
 14
 860
 88
 15
 819
 185
 16
 877
 166
 17
 906
 146
 18
 915
 203
 19
 929
 92
 20
 0
 139
 20
 151
 128
 29
 137
 73
 30
 281
 107
 32
 281
 66
 32
 281
 26
 32
 316
 35
 32
 335
 58
 32
 354
 35
 32
 389
 24
 32
 389
 64
 32
 389
 104
 32
 449
 74
 32
 453
 35
 32
 471
 0
 32
 496
 0
 32
 511
 35
 32
 521
 75
 32
 484
 54
 32
 586
 0
 32
 621
 0
 32
 655
 0
 32
 585
 24
 32
 605
 49
 32
 636
 49
 32
 666
 49
 32
 580
 100
 32
 613
 100
 32
 647
 100
 32
 680
 100
 32
 685
 70
 32
 759
 46
 32
 758
 6
 32
 759
 86
 32
 791
 35
 32
 825
 34
 32
 827
 0
 32
 828
 0
 32
 827
 73
 32
