 1008
 150
 65
 0
 177
 17
 58
 168
 16
 74
 114
 15
 107
 190
 16
 162
 180
 17
 193
 177
 18
 158
 125
 19
 269
 208
 19
 254
 130
 18
 263
 87
 16
 359
 165
 16
 304
 107
 19
 402
 143
 19
 387
 187
 18
 477
 185
 18
 414
 59
 16
 340
 46
 14
 306
 207
 14
 143
 171
 14
 1
 169
 14
 463
 78
 14
 533
 123
 13
 576
 87
 12
 618
 103
 11
 533
 33
 11
 487
 9
 11
 566
 178
 10
 638
 195
 10
 618
 154
 8
 519
 166
 7
 685
 148
 6
 695
 92
 5
 708
 199
 4
 730
 144
 3
 776
 196
 2
 799
 156
 1
 844
 194
 8
 896
 186
 9
 897
 186
 9
 954
 183
 10
 955
 183
 10
 855
 139
 11
 920
 132
 19
 749
 113
 19
 680
 202
 20
 284
 4
 22
 136
 27
 23
 779
 24
 24
 0
 231
 33
 58
 239
 34
 125
 241
 35
 86
 238
 36
 163
 241
 21
 164
 241
 21
 247
 236
 20
 329
 239
 20
 390
 226
 19
 457
 227
 18
 569
 219
 17
 654
 233
 16
 682
 220
 15
 768
 230
 14
 860
 237
 13
 942
 235
 12
 258
 49
 31
