 1008
 150
 72
 9
 22
 2
 10
 21
 2
 0
 87
 3
 0
 148
 4
 0
 204
 5
 55
 152
 6
 55
 89
 7
 58
 44
 8
 0
 0
 9
 70
 0
 11
 54
 207
 12
 55
 207
 12
 98
 137
 13
 113
 218
 14
 114
 218
 14
 91
 69
 15
 134
 136
 15
 148
 228
 16
 213
 211
 16
 214
 211
 16
 174
 100
 17
 186
 101
 17
 239
 160
 17
 217
 91
 18
 284
 186
 17
 292
 127
 18
 112
 21
 19
 179
 54
 20
 235
 70
 19
 304
 78
 19
 323
 198
 19
 359
 151
 20
 384
 86
 21
 440
 73
 20
 424
 142
 19
 414
 192
 18
 512
 189
 17
 526
 113
 16
 522
 61
 17
 543
 19
 18
 547
 84
 19
 547
 153
 20
 554
 216
 21
 629
 184
 21
 617
 109
 20
 623
 57
 19
 679
 108
 18
 711
 182
 17
 764
 165
 16
 710
 49
 15
 773
 62
 14
 837
 31
 13
 901
 20
 12
 949
 0
 11
 808
 152
 12
 837
 120
 13
 805
 190
 14
 869
 192
 15
 896
 85
 16
 946
 64
 17
 922
 127
 18
 928
 203
 19
 884
 218
 19
 757
 252
 20
 635
 238
 20
 625
 238
 20
 468
 223
 21
 458
 223
 21
 322
 225
 22
 321
 186
 22
 320
 145
 22
 400
 7
 23
