 1008
 150
 120
 0
 216
 1
 0
 161
 2
 49
 133
 3
 59
 182
 4
 83
 225
 5
 105
 115
 2
 106
 115
 2
 116
 178
 1
 140
 220
 7
 155
 98
 9
 171
 170
 13
 212
 210
 14
 204
 93
 14
 260
 117
 14
 270
 84
 13
 269
 208
 14
 342
 144
 16
 353
 209
 17
 351
 85
 17
 372
 82
 18
 397
 144
 17
 423
 193
 16
 424
 193
 16
 424
 127
 15
 463
 193
 14
 445
 85
 14
 501
 85
 14
 556
 88
 12
 535
 162
 11
 534
 161
 11
 537
 200
 10
 573
 132
 9
 601
 198
 8
 620
 89
 7
 641
 149
 13
 644
 225
 14
 645
 225
 14
 666
 100
 14
 694
 174
 15
 695
 174
 15
 784
 199
 16
 740
 112
 17
 754
 113
 18
 798
 162
 19
 801
 217
 20
 802
 217
 20
 859
 137
 21
 859
 138
 21
 886
 210
 33
 946
 133
 33
 941
 196
 33
 142
 71
 32
 142
 30
 32
 142
 0
 32
 221
 64
 32
 221
 24
 32
 221
 0
 32
 255
 0
 32
 256
 0
 32
 280
 0
 32
 282
 40
 32
 283
 71
 32
 220
 85
 32
 250
 52
 32
 284
 90
 32
 331
 88
 32
 331
 48
 32
 332
 7
 32
 358
 0
 32
 380
 26
 32
 402
 0
 32
 428
 7
 32
 428
 8
 32
 429
 48
 32
 429
 88
 32
 506
 0
 32
 505
 40
 32
 504
 81
 32
 504
 97
 32
 537
 98
 32
 537
 25
 32
 570
 61
 32
 616
 0
 32
 616
 41
 32
 571
 98
 32
 571
 23
 32
 616
 81
 32
 645
 102
 32
 646
 0
 32
 647
 0
 32
 680
 0
 32
 679
 40
 32
 678
 81
 32
 728
 0
 32
 729
 0
 32
 728
 40
 32
 728
 81
 32
 728
 104
 32
 763
 0
 32
 790
 19
 32
 760
 56
 32
 784
 85
 32
 801
 109
 32
 802
 109
 32
 850
 0
 32
 851
 0
 32
 850
 41
 32
 850
 82
 32
 850
 108
 32
 892
 111
 32
 927
 111
 32
 961
 111
 32
 969
 71
 32
 947
 45
 32
 913
 45
 32
 893
 15
 32
 911
 0
 32
 943
 0
 32
 972
 0
 32
 973
 0
 32
