 1008
 150
 53
 0
 207
 15
 0
 192
 16
 25
 160
 16
 0
 135
 16
 46
 132
 16
 53
 123
 15
 103
 183
 16
 163
 197
 16
 141
 167
 16
 141
 166
 16
 79
 126
 16
 106
 99
 16
 123
 49
 16
 102
 85
 17
 117
 73
 17
 120
 11
 17
 125
 76
 18
 150
 133
 19
 185
 175
 20
 175
 126
 20
 219
 184
 20
 269
 194
 20
 313
 187
 20
 326
 161
 20
 351
 122
 19
 368
 71
 18
 393
 199
 17
 422
 148
 21
 430
 102
 22
 443
 203
 20
 482
 141
 19
 492
 204
 18
 470
 66
 17
 560
 121
 16
 546
 176
 15
 608
 81
 14
 620
 175
 12
 674
 121
 9
 718
 88
 8
 617
 211
 7
 687
 205
 6
 734
 162
 5
 744
 219
 4
 775
 161
 14
 819
 140
 13
 839
 216
 12
 894
 139
 11
 911
 200
 10
 940
 143
 9
 952
 113
 8
 748
 132
 8
 744
 16
 6
 364
 3
 6
