 1008
 150
 58
 0
 225
 20
 58
 221
 19
 48
 168
 18
 111
 169
 20
 156
 190
 21
 0
 159
 21
 139
 105
 21
 185
 169
 20
 38
 223
 21
 151
 240
 19
 239
 228
 18
 327
 199
 17
 280
 155
 16
 322
 119
 17
 379
 162
 11
 233
 102
 11
 383
 209
 11
 453
 177
 10
 515
 189
 14
 593
 186
 34
 658
 187
 35
 635
 119
 35
 636
 119
 35
 581
 136
 36
 515
 118
 34
 414
 89
 33
 393
 137
 32
 394
 137
 32
 393
 96
 32
 488
 141
 32
 488
 100
 32
 523
 100
 32
 499
 118
 33
 325
 165
 19
 503
 220
 19
 256
 232
 19
 201
 113
 18
 701
 181
 18
 819
 194
 34
 880
 197
 35
 942
 200
 36
 943
 200
 36
 973
 128
 35
 934
 243
 35
 769
 226
 35
 762
 147
 21
 684
 117
 21
 388
 0
 20
 835
 131
 21
 940
 163
 32
 940
 122
 32
 975
 122
 32
 963
 136
 33
 771
 96
 33
 657
 62
 30
 149
 51
 30
 782
 76
 29
 523
 59
 32
