 1008
 150
 87
 0
 18
 1
 0
 80
 2
 0
 175
 2
 51
 138
 3
 53
 95
 4
 98
 135
 5
 59
 199
 6
 104
 185
 7
 97
 93
 7
 23
 56
 7
 146
 139
 8
 169
 178
 9
 207
 121
 10
 240
 177
 11
 275
 127
 11
 299
 88
 12
 325
 35
 11
 345
 115
 10
 291
 187
 9
 338
 186
 9
 342
 0
 9
 374
 66
 8
 389
 131
 7
 387
 184
 8
 444
 186
 9
 419
 106
 10
 483
 133
 11
 515
 190
 11
 548
 134
 10
 591
 188
 9
 615
 126
 8
 656
 195
 9
 628
 123
 9
 618
 123
 9
 680
 103
 10
 715
 153
 11
 730
 66
 10
 760
 31
 10
 765
 107
 9
 710
 188
 9
 765
 190
 8
 813
 194
 7
 805
 142
 8
 801
 83
 8
 860
 209
 9
 836
 151
 8
 901
 165
 8
 926
 193
 9
 955
 132
 9
 821
 119
 9
 872
 142
 10
 873
 142
 10
 920
 136
 11
 724
 21
 11
 0
 115
 11
 259
 101
 11
 0
 40
 11
 66
 134
 11
 194
 214
 11
 0
 200
 34
 56
 223
 35
 126
 230
 36
 166
 220
 34
 218
 210
 33
 254
 228
 20
 328
 233
 19
 399
 222
 18
 495
 221
 17
 563
 213
 16
 618
 224
 16
 632
 216
 15
 720
 202
 14
 536
 27
 14
 152
 34
 13
 457
 81
 13
 616
 83
 12
 674
 72
 11
 861
 90
 11
 931
 75
 11
 888
 127
 9
 889
 127
 9
 779
 87
 13
 225
 85
 12
 226
 85
 12
 104
 62
 16
 374
 152
 17
 531
 119
 17
