 1008
 150
 79
 0
 69
 19
 0
 71
 18
 0
 139
 20
 0
 152
 33
 0
 207
 34
 55
 210
 33
 55
 209
 33
 70
 173
 34
 93
 121
 34
 0
 69
 34
 129
 99
 21
 94
 71
 21
 163
 71
 20
 213
 71
 20
 285
 70
 20
 308
 69
 19
 203
 78
 19
 371
 70
 18
 416
 196
 17
 410
 128
 17
 361
 114
 9
 456
 216
 8
 440
 63
 7
 488
 67
 6
 521
 67
 4
 434
 110
 4
 573
 64
 3
 574
 64
 3
 613
 65
 1
 643
 60
 14
 687
 71
 15
 761
 96
 16
 791
 144
 16
 822
 171
 16
 813
 124
 17
 868
 168
 17
 882
 130
 17
 960
 206
 17
 954
 135
 17
 918
 197
 17
 837
 141
 18
 923
 191
 18
 931
 191
 18
 908
 88
 18
 846
 87
 18
 754
 91
 18
 803
 90
 18
 954
 83
 18
 836
 158
 19
 683
 89
 19
 927
 186
 20
 755
 201
 21
 700
 121
 21
 415
 241
 21
 96
 215
 21
 19
 141
 36
 477
 126
 36
 611
 228
 32
 611
 187
 32
 611
 146
 32
 646
 188
 32
 681
 188
 32
 715
 188
 32
 730
 170
 33
 571
 70
 33
 500
 91
 33
 507
 215
 34
 369
 210
 34
 152
 221
 34
 109
 149
 34
 0
 207
 20
 385
 13
 25
 546
 12
 25
 464
 13
 25
 266
 214
 26
 322
 215
 29
 546
 192
 29
 185
 196
 29
 248
 199
 29
