 1008
 150
 76
 0
 90
 32
 35
 90
 32
 70
 90
 32
 105
 90
 32
 140
 90
 32
 0
 116
 33
 0
 186
 34
 47
 188
 34
 49
 120
 35
 102
 192
 36
 106
 124
 36
 150
 208
 36
 168
 88
 31
 179
 131
 31
 175
 173
 31
 204
 207
 31
 227
 243
 31
 224
 163
 32
 149
 141
 33
 243
 207
 31
 269
 230
 31
 272
 190
 31
 233
 189
 31
 254
 154
 31
 420
 225
 31
 382
 229
 31
 310
 243
 31
 303
 204
 31
 296
 160
 31
 334
 179
 31
 339
 215
 31
 361
 245
 31
 372
 191
 31
 409
 192
 31
 327
 137
 31
 288
 122
 31
 315
 92
 31
 364
 162
 31
 344
 110
 31
 345
 110
 31
 360
 129
 31
 401
 162
 31
 384
 139
 31
 452
 236
 31
 450
 200
 31
 440
 160
 31
 478
 171
 31
 486
 216
 31
 523
 238
 31
 511
 196
 31
 515
 156
 31
 346
 47
 27
 115
 33
 26
 215
 96
 25
 486
 67
 24
 520
 181
 21
 578
 156
 20
 590
 204
 19
 557
 236
 18
 630
 144
 19
 673
 219
 20
 702
 142
 21
 735
 114
 21
 736
 196
 20
 781
 144
 20
 792
 200
 20
 870
 142
 16
 917
 193
 17
 924
 139
 13
 938
 198
 13
 680
 206
 13
 681
 206
 13
 811
 114
 13
 867
 93
 13
 932
 104
 13
 575
 59
 10
