 1008
 150
 68
 0
 170
 14
 57
 179
 13
 86
 143
 14
 129
 179
 13
 148
 128
 15
 210
 192
 16
 256
 178
 16
 252
 107
 16
 290
 141
 16
 315
 206
 16
 216
 90
 16
 270
 69
 16
 316
 72
 17
 342
 20
 18
 328
 137
 19
 331
 183
 20
 365
 77
 20
 398
 0
 19
 315
 29
 19
 162
 98
 19
 446
 207
 16
 443
 137
 16
 416
 59
 15
 449
 20
 14
 448
 120
 14
 448
 201
 14
 591
 188
 10
 579
 132
 9
 577
 83
 8
 574
 28
 7
 584
 0
 6
 640
 0
 5
 637
 61
 4
 649
 136
 3
 658
 204
 2
 706
 105
 31
 707
 152
 31
 707
 199
 31
 707
 247
 31
 736
 126
 31
 737
 171
 31
 738
 212
 31
 738
 254
 31
 763
 105
 31
 765
 150
 31
 767
 192
 31
 769
 233
 31
 741
 87
 32
 741
 47
 32
 741
 7
 32
 667
 140
 33
 577
 75
 33
 611
 217
 33
 610
 217
 33
 730
 222
 34
 773
 134
 35
 807
 190
 35
 848
 198
 36
 837
 159
 32
 736
 107
 31
 912
 218
 28
 913
 218
 28
 956
 157
 27
 907
 158
 26
 882
 133
 25
 909
 181
 21
 911
 98
 20
 114
 27
 20
