 1008
 150
 65
 0
 97
 20
 70
 97
 20
 127
 97
 20
 192
 96
 20
 256
 96
 20
 317
 96
 20
 384
 96
 20
 458
 96
 20
 515
 96
 20
 585
 96
 20
 641
 96
 20
 0
 119
 21
 0
 197
 20
 48
 170
 18
 130
 172
 19
 114
 204
 18
 229
 184
 17
 287
 188
 16
 320
 179
 17
 372
 178
 16
 425
 191
 17
 431
 166
 18
 515
 189
 17
 570
 169
 16
 602
 180
 15
 715
 95
 20
 773
 95
 20
 831
 95
 20
 895
 95
 20
 951
 95
 20
 675
 175
 21
 740
 180
 33
 785
 186
 33
 833
 191
 34
 874
 188
 35
 926
 189
 36
 989
 191
 36
 933
 241
 36
 798
 249
 36
 855
 246
 36
 729
 250
 36
 544
 250
 36
 534
 251
 36
 441
 251
 36
 351
 250
 36
 341
 250
 36
 237
 250
 36
 141
 250
 36
 31
 250
 36
 0
 208
 36
 0
 133
 36
 272
 57
 32
 455
 57
 32
 280
 7
 22
 192
 6
 24
 510
 8
 23
 347
 76
 29
 608
 49
 28
 620
 58
 29
 667
 50
 26
 668
 6
 25
 667
 50
 26
 724
 42
 30
 822
 56
 31
 827
 19
 32
