 1008
 150
 79
 0
 236
 32
 34
 236
 32
 68
 236
 32
 101
 236
 32
 134
 236
 32
 166
 236
 32
 0
 195
 32
 34
 195
 32
 68
 195
 32
 101
 195
 32
 127
 177
 33
 130
 99
 34
 133
 5
 34
 177
 3
 35
 185
 71
 36
 183
 149
 36
 184
 195
 36
 236
 0
 34
 242
 78
 33
 234
 130
 33
 240
 179
 33
 241
 180
 33
 306
 59
 32
 340
 59
 32
 321
 100
 32
 355
 100
 32
 374
 59
 32
 389
 100
 32
 408
 59
 32
 423
 100
 32
 442
 59
 32
 457
 100
 32
 476
 59
 32
 491
 100
 32
 336
 141
 32
 370
 141
 32
 403
 141
 32
 437
 141
 32
 471
 141
 32
 246
 137
 20
 172
 223
 20
 290
 210
 20
 301
 174
 19
 365
 206
 18
 367
 155
 18
 458
 202
 17
 478
 137
 16
 450
 52
 15
 506
 3
 14
 559
 0
 14
 531
 109
 13
 512
 179
 12
 505
 214
 11
 571
 202
 10
 597
 144
 9
 594
 81
 8
 624
 27
 7
 655
 103
 6
 652
 167
 5
 643
 207
 4
 698
 205
 3
 696
 135
 2
 678
 64
 1
 648
 0
 2
 697
 0
 3
 723
 41
 4
 730
 91
 5
 752
 141
 6
 750
 188
 7
 741
 0
 9
 758
 51
 10
 773
 0
 10
 774
 116
 10
 792
 178
 10
 810
 195
 15
 891
 192
 16
 934
 193
 17
 986
 195
 17
 844
 183
 17
