 1008
 150
 54
 0
 201
 17
 24
 184
 18
 74
 189
 19
 136
 172
 20
 189
 181
 21
 0
 141
 21
 76
 133
 21
 147
 135
 21
 210
 133
 20
 260
 129
 19
 249
 194
 18
 339
 183
 17
 367
 130
 16
 369
 175
 15
 383
 121
 14
 442
 119
 13
 462
 200
 12
 433
 226
 11
 510
 174
 9
 515
 119
 10
 565
 121
 11
 560
 186
 12
 560
 209
 13
 610
 145
 14
 661
 123
 15
 683
 201
 16
 733
 202
 17
 724
 128
 18
 754
 187
 18
 804
 138
 19
 832
 205
 20
 900
 149
 21
 928
 212
 36
 885
 235
 36
 104
 0
 36
 158
 0
 35
 197
 0
 34
 229
 0
 33
 343
 96
 32
 343
 55
 32
 343
 14
 32
 309
 14
 32
 391
 14
 32
 426
 14
 32
 387
 55
 29
 387
 80
 29
 387
 107
 29
 469
 31
 23
 548
 0
 21
 597
 0
 20
 655
 0
 19
 729
 0
 18
 820
 0
 17
 869
 0
 16
