320
1.89
10
1.90
0
1.91
0
1.92
0
1.93
0
6.98
12
11.00
5
15.65
1
17.40
2
18.60
5
20.40
9
23.20
5
24.50
2
24.80
1
34.10
7
36.00
6
37.80
6
43.20
11
45.86
12
49.20
10
49.21
0
49.22
0
49.23
0
49.24
0
49.91
6
50.40
3
51.815
10
51.890
10
51.965
10
52.04
10
52.115
10
52.19
10
52.265
10
53.00
2
53.01
0
53.02
0
53.03
0
53.04
0
53.858
8
54.25
13
54.50
3
54.51
0
54.52
0
54.53
0
54.54
0
55.39
1
55.50
15
55.51
0
55.52
0
55.53
0
55.54
0
64.76
1
66.48
10
74.43
3
77.90
8
81.50
10
81.70
9
81.71
0
81.72
0
81.73
0
81.74
0
82.40
11
84.02
13
85.65
10
87.40
14
87.60
10
87.61
0
87.62
0
87.63
0
87.64
0
92.50
10
93.94
2
96.21
1
96.66
2
100.00
10
100.25
11
100.60
7
100.61
0
100.62
0
100.63
0
100.64
0
102.10
3
103.80
11
105.50
5
105.51
0
105.52
0
105.53
0
105.54
0
111.18
3
114.23
9
119.50
1
120.15
15
120.60
3
130.30
10
130.31
0
130.32
0
130.33
0
130.34
0
130.35
0
132.85
7
133.10
10
133.12
0
133.13
0
133.14
0
133.15
0
133.16
0
135.03
14
136.30
0
137.71
3
137.90
13
137.91
0
137.92
0
137.93
0
137.94
0
139.71
5
139.75
5
140.00
11
140.01
0
140.02
0
140.03
0
143.40
12
143.92
1
146.45
8
146.9
11
147.65
15
149.85
10
150.10
7
151.90
1
152.20
10
152.48
5
152.80
3
153.65
1
154.25
11
154.68
14
157.90
1
159.00
9
159.54
4
162.98
1
168.30
5
168.68
7
169.06
6
169.48
11
171.00
1
171.75
1
172.00
2
172.16
12
173.09
4
173.35
8
173.70
9
174.60
11
174.90
5
176.10
1
178.80
3
180.25
1
183.45
10
185.00
6
185.50
4
185.82
10
186.40
15
186.65
15
187.67
1
187.69
0
187.71
0
187.73
0
187.75
0
191.13
0
191.37
15
193.10
8
193.42
1
193.44
0
193.46
0
193.48
0
193.50
0
195.60
7
199.75
3
200.93
7
204.7
3
207.30
14
207.41
9
207.97
11
207.99
0
208.24
2
208.26
0
208.70
10
209.08
6
209.20
10
209.21
0
209.22
0
209.23
0
209.24
0
209.25
0
209.99
15
210.93
10
211.005
10
211.080
10
211.155
10
211.23
10
211.305
10
211.38
10
211.455
10
211.53
10
211.605
10
211.68
10
211.755
10
211.83
10
211.905
10
211.98
10
213.10
3
214.58
1
214.80
7
216.00
11
218.47
1
220.65
10
221.09
5
222.40
5
224.55
11
224.73
6
225.90
5
226.70
2
227.57
14
233.03
15
238.90
6
239.51
12
242.30
10
242.31
0
242.32
0
242.33
0
242.34
0
243.95
1
244.66
7
244.95
2
245.50
11
245.51
11
245.52
11
246.30
3
249.40
5
250.80
2
252.25
10
253.14
11
255.50
1
257.81
1
259.30
10
259.69
3
261.35
7
261.54
1
279.85
1
282.52
3
285.20
11
285.50
11
287.65
2
288.22
2
288.94
1
289.50
10
289.52
2
289.54
2
291.75
4
292.58
3
292.70
3
295.60
5
297.50
14
299.98
1
300.62
6
301.90
8
303.70
15
305.70
9
306.40
9
309.9
1
310.70
12
312.00
10
312.01
0
312.02
0
312.03
0
312.04
0
314.65
9
315.65
1
316.36
5
317.16
8
318.40
3
323.10
10
323.12
0
323.14
0
323.16
0
325.90
9
327.80
1
328.70
11
331.40
3
331.50
6
331.75
10
331.77
0
331.79
0
331.81
0
331.83
0
332.80
5
334.03
0
334.045
0
334.06
0
334.075
0
334.09
0
335.60
1
338.50
15
339.60
7
340.77
1
341.00
2
341.28
5
341.51
11
341.60
10
341.92
4
342.15
2
342.32
8
342.70
9
342.71
0
342.72
0
342.73
0
342.74
0
343.86
1
344.08
11
344.09
11
344.10
11
344.11
11
344.12
11
End
