493
0.25
0.1
200
150
05
-1
0.45
0.05
1
120
4
-1
0.45
0.15
200
250
14
-1
0.70
0.07
500
210
2
1
0.71
0.0043
1
400
10
1
0.72
0.003
50
400
15
1
1.05
0.05
150
95
3
-1
1.50
0.05
66
76
10
-1
1.504
0.044
1
134
9
-1
1.50
0.05
66
114
7
-1
1.50
0.05
66
136
3
-1
6.80
0.05
140
90
15
1
6.80
0.05
140
100
3
1
10.70
0.05
140
90
15
-1
10.70
0.05
140
100
3
-1
15.15
0.05
140
90
15
1
15.15
0.05
140
100
3
1
23.35
0.01
270
50
9
1
23.35
0.01
270
60
10
1
23.41
0.02
170
100
2
1
23.41
0.02
170
110
3
1
23.48
0.02
100
165
10
1
23.48
0.02
100
175
0
1
23.63
0.09
420
100
5
1
24.165
0.01
20
50
9
1
24.16
0.00
0.00
370
10
1
24.16
0.00
0.00
385
3
1
24.35
0.01
90
175
3
1
24.35
0.01
90
225
1
1
24.35
0.01
90
230
0
1
31.10
0.05
140
90
15
-1
31.10
0.05
140
100
3
-1
37.08
0.08
1
175
3
-1
37.08
0.08
300
175
5
-1
41.60
0.05
140
90
14
1
41.60
0.05
140
100
2
1
44.30
0.03
140
90
14
-1
44.30
0.03
140
100
2
-1
46.90
0.03
140
90
14
1
46.90
0.03
140
100
2
1
50.80
0.04
500
120
3
-1
50.80
0.04
500
130
0
-1
50.95
0.04
500
120
3
-1
50.95
0.04
500
130
0
-1
51.10
0.04
500
120
3
-1
51.10
0.04
500
130
0
-1
51.25
0.04
500
120
3
-1
51.25
0.04
500
130
0
-1
51.40
0.05
140
90
15
-1
51.40
0.05
140
100
3
-1
51.70
0.10
0.01
18
10
1
51.70
0.07
0.01
18
10
-1
52.37
0.08
0.01
10
1
1
52.37
0.08
10
12
10
-1
52.55
0.05
1
300
2
-1
52.55
0.05
200
300
1
-1
52.65
0.02
1
300
10
1
52.65
0.02
200
300
1
1
52.76
0.05
100
120
15
1
52.90
0.13
1
400
14
-1
52.90
0.13
300
402
15
-1
52.91
0.07
1
400
15
1
52.91
0.07
200
402
5
1
53.18
0.02
100
150
10
1
53.30
0.01
30
115
11
1
53.30
0.01
30
150
12
1
53.30
0.01
30
170
11
1
53.40
0.008
100
400
15
-1
53.376
0.0
0.0
401
10
-1
53.45
0.13
250
100
15
-1
53.736
0.03
190
100
15
1
53.74
0.008
0.12
250
2
1
53.96
0.12
292
150
15
1
53.96
0.020
145
275
3
-1
53.96
0.020
145
325
1
-1
53.96
0.020
145
377
0
-1
53.96
0.07
15
100
3
-1
53.96
0.068
15
120
0
-1
54.15
0.02
100
75
0
1
54.415
0.01
30
50
9
-1
54.42
0.00
0.00
370
10
-1
54.42
0.00
0.00
385
3
-1
56.16
0.05
140
90
14
1
56.16
0.05
140
100
2
1
57.76
0.05
140
90
14
1
57.76
0.05
140
100
2
1
62.66
0.05
140
90
14
-1
62.66
0.05
140
100
2
-1
65.66
0.05
140
90
14
1
65.66
0.05
140
100
2
1
66.04
0.012
75
175
1
1
66.04
0.010
75
195
3
1
66.05
0.07
24
105
1
1
66.05
0.065
1
112
3
1
69.976
0.01
0.12
145
11
-1
70.00
0.005
0.1
30
0
-1
70.00
0.01
30
125
11
-1
70.00
0.01
30
160
12
-1
70.00
0.01
30
180
11
-1
70.01
0.003
0.001
165
11
-1
70.05
0.01
50
65
5
1
70.09
0.05
140
90
15
-1
70.09
0.05
140
100
3
-1
70.43
0.013
30
110
1
-1
70.43
0.011
28
135
3
-1
70.431
0.010
190
41
10
-1
70.431
0.010
188
60
3
-1
71.25
0.0
2
50
0
1
71.25
0.04
1
40
14
1
71.25
0.04
60
40
15
1
71.25
0.04
64
50
0
1
71.25
0.035
64
60
3
1
71.25
0.045
1
50
0
1
71.83
0.001
990
32
8
1
72.015
0.00
1590
15
8
1
72.30
0.001
50
35
0
-1
72.30
0.001
50
45
3
-1
74.80
0.03
30
40
11
1
74.80
0.03
30
55
5
1
74.90
0.05
140
90
15
1
74.90
0.05
140
100
3
1
75.100
0.013
30
110
1
1
75.100
0.011
28
135
3
1
75.101
0.010
190
41
10
1
75.101
0.010
188
60
3
1
75.252
0.048
1
110
12
1
75.25
0.05
120
110
11
1
75.25
0.05
120
120
0
1
77.16
0.05
140
90
14
-1
77.16
0.05
140
100
2
-1
78.225
0.01
20
50
9
1
78.23
0.00
0.00
270
10
1
78.23
0.00
0.00
285
3
1
84.25
0.04
1
75
2
-1
84.25
0.04
300
75
5
-1
84.395
0.081
590
85
14
-1
84.40
0.08
590
100
7
-1
91.29
0.05
140
90
14
-1
91.29
0.05
140
100
2
-1
96.06
0.05
140
90
14
1
96.06
0.05
140
100
2
1
98.66
0.05
140
90
14
1
98.66
0.05
140
100
2
1
103.40
0.03
32
56
15
1
103.40
0.029
32
124
1
1
103.40
0.028
32
140
3
1
103.66
0.015
20
50
9
1
103.68
0.00
0.00
270
10
1
103.68
0.00
0.00
285
3
1
103.88
0.09
100
115
2
-1
104.03
0.01
70
155
3
1
104.03
0.01
70
205
1
1
104.03
0.01
70
210
0
1
108.82
0.05
140
90
14
1
108.82
0.05
140
100
2
1
112.20
0.08
225
110
15
-1
112.20
0.08
225
110
15
1
114.06
0.05
140
90
14
1
114.06
0.05
140
100
2
1
116.56
0.05
140
90
14
-1
116.56
0.05
140
100
2
-1
120.03
0.008
60
150
10
-1
120.03
0.008
60
165
3
-1
120.04
0.055
24
80
1
-1
120.04
0.054
1
90
3
-1
120.46
0.05
140
90
15
-1
120.46
0.05
140
100
3
-1
126.26
0.05
140
90
15
-1
126.26
0.05
140
100
3
-1
129.16
0.05
140
90
14
-1
129.16
0.05
140
100
2
-1
132.06
0.05
140
90
14
1
132.06
0.05
140
100
2
1
137.16
0.05
140
90
14
-1
137.16
0.05
140
100
2
-1
139.00
0.003
1
135
1
-1
139.00
0.055
140
150
12
-1
139.00
0.055
140
160
0
-1
139.05
0
190
220
2
1
139.05
0.07
1
220
10
1
139.21
0.011
0.12
400
3
-1
139.211
0.08
180
180
2
-1
139.26
0.05
150
90
11
1
139.30
0.03
170
70
3
-1
139.44
0
190
175
5
1
139.44
0.038
1
175
10
1
139.62
0.001
390
390
9
1
139.62
0.09
1
390
2
1
139.59
0.13
590
300
2
-1
139.59
0.11
300
500
7
-1
139.81
0.015
250
1200
15
-1
139.79
0.015
1
1400
5
1
139.79
0.015
400
1400
3
1
140.82
0.020
145
275
3
-1
140.82
0.020
145
325
1
-1
140.82
0.020
145
377
0
-1
142.86
0.05
140
90
14
-1
142.86
0.05
140
100
2
-1
145.70
0.01
20
50
9
-1
145.70
0.00
0.00
370
10
-1
145.70
0.00
0.00
385
3
-1
146.56
0.05
140
90
14
1
146.56
0.05
140
100
2
1
149.56
0.05
140
90
14
-1
149.56
0.05
140
100
2
-1
152.06
0.05
140
90
14
-1
152.06
0.05
140
100
2
-1
153.77
0.08
1
60
3
-1
153.76
0.12
210
90
0
-1
159.36
0.05
140
80
14
1
159.36
0.05
140
100
2
1
159.60
0.012
75
175
1
1
159.60
0.010
75
195
3
1
159.60
0.07
24
105
1
1
159.60
0.065
1
112
3
1
163.66
0.05
140
90
14
1
163.66
0.05
140
100
2
1
168.06
0.05
140
90
14
1
168.06
0.05
140
100
2
1
172.33
0.02
1
180
0
-1
172.33
0.13
300
160
10
-1
172.33
0.13
300
180
7
-1
172.62
0.03
1
70
0
-1
172.58
0.11
1
90
9
-1
172.56
0.15
1
105
3
-1
172.56
0.0
500
105
0
-1
172.95
0.01
150
500
5
-1
173.00
0
150
450
2
-1
173.00
0.06
150
450
5
-1
175.235
0.01
20
50
9
1
175.24
0.00
0.00
295
10
1
175.24
0.00
0.00
310
3
1
176.45
0.009
60
160
10
-1
176.45
0.009
60
175
3
-1
176.45
0.01
300
70
1
-1
176.45
0.01
300
80
3
-1
176.56
0.05
140
90
14
1
176.56
0.05
140
100
2
1
180.36
0.05
140
90
14
1
180.36
0.05
140
100
2
1
182.76
0.05
140
90
14
1
182.76
0.05
140
100
2
1
185.36
0.05
140
90
14
-1
185.36
0.05
140
100
2
-1
187.73
0
31000
130
4
-1
187.73
0
31000
10
9
-1
187.75
0
30000
160
8
1
187.75
0
30000
320
1
1
187.745
0.02
30500
305
1
-1
191.10
0.04
1
520
3
-1
191.10
0
250
520
15
-1
191.35
0.04
1
520
3
-1
191.35
0
350
520
2
-1
191.62
0.018
75
370
1
-1
191.62
0.017
75
395
3
-1
191.62
0.
624
155
1
-1
191.62
0.0
624
205
2
-1
191.81
0.01
8
135
0
1
191.81
0.1
1
135
12
1
191.81
0.1
100
135
5
1
192.08
0.06
1
80
4
1
192.06
0.10
590
80
2
1
193.47
0
31000
10
9
-1
193.50
0
31000
190
4
-1
193.50
0
30000
160
8
1
193.50
0
30000
320
1
1
193.495
0.02
30500
305
1
-1
195.46
0.05
140
90
15
-1
195.46
0.05
140
100
3
-1
198.58
0.01
20
50
9
1
198.60
0.00
0.00
270
10
1
198.60
0.00
0.00
285
3
1
198.96
0.05
140
90
15
-1
198.96
0.05
140
100
3
-1
200.76
0.05
140
90
15
1
200.76
0.05
140
100
3
1
203.66
0.05
140
90
15
1
203.66
0.05
140
100
3
1
207.25
0.03
1
500
10
-1
207.25
0.03
150
500
1
-1
207.35
0.03
1
500
10
-1
207.35
0.03
150
500
5
-1
207.44
0.03
1
500
1
-1
207.44
0.03
150
500
10
-1
213.86
0.05
240
90
15
-1
213.86
0.05
210
100
3
-1
214.31
0.008
1
90
9
-1
214.29
0.04
200
110
3
-1
214.29
0.04
200
125
0
-1
214.10
0.08
200
140
10
-1
214.10
0.08
200
155
2
-1
216.30
0.05
140
90
15
-1
216.30
0.05
140
100
3
-1
219.26
0.05
140
90
15
1
219.26
0.05
140
100
3
1
220.86
0.05
140
90
15
1
220.86
0.05
140
100
3
1
223.899
0.01
20
50
9
1
223.90
0.00
0.00
295
10
1
223.90
0.00
0.00
310
3
1
224.16
0.05
140
90
15
1
224.16
0.05
140
100
3
1
227.06
0.05
140
90
15
1
227.06
0.05
140
100
3
1
232.56
0.05
140
90
15
1
232.56
0.05
140
100
3
1
234.06
0.05
140
90
15
-1
234.06
0.05
140
100
3
-1
234.68
0.013
30
110
1
-1
234.68
0.011
28
135
3
-1
234.681
0.010
194
41
10
-1
234.68
0.010
188
60
3
-1
236.16
0.05
140
90
15
1
236.16
0.05
140
100
3
1
240.26
0.05
140
90
15
1
240.26
0.05
140
100
3
1
244.85
0.011
0.12
400
7
1
244.88
0.08
180
180
2
-1
244.85
0.08
590
140
2
1
245.12
0.05
170
70
10
1
245.22
0.038
170
90
15
1
245.20
0.020
145
275
3
-1
245.20
0.019
145
325
1
-1
245.20
0.020
145
357
0
-1
245.34
0.25
590
100
5
-1
245.34
0.17
390
100
5
1
245.59
0
1
700
0
-1
245.59
0.11
100
700
7
-1
245.55
0.2
110
850
12
-1
245.75
0.05
100
92
15
1
245.75
0.05
100
100
3
1
245.75
0
1
850
0
-1
245.87
0.05
100
192
15
-1
245.87
0.05
100
210
3
-1
246.05
0.05
100
92
15
1
246.05
0.05
100
100
3
1
246.19
0.05
400
192
15
-1
246.19
0.05
400
210
3
-1
250.92
0.05
140
90
14
1
250.92
0.05
140
100
2
1
254.38
0.05
140
90
14
-1
254.38
0.05
140
100
2
-1
257.26
0.05
140
90
14
-1
257.26
0.05
140
100
2
-1
258.195
0.01
20
50
9
1
258.20
0.00
0.00
295
10
1
258.20
0.00
0.00
310
3
1
260.36
0.05
140
90
14
-1
260.36
0.05
140
100
2
-1
262.80
0
0
270
3
-1
262.80
0.05
200
135
2
-1
262.80
0.05
200
145
10
-1
262.90
0.1
100
125
7
1
262.90
0.1
100
135
3
1
263.33
0.05
1
100
12
1
263.27
0.13
100
100
1
1
263.27
0.13
500
110
5
1
263.33
0.05
1
100
9
-1
263.27
0.13
500
100
12
-1
263.27
0.13
480
110
0
-1
268.345
0.01
20
50
9
1
268.35
0.00
0.00
295
10
1
268.35
0.00
0.00
310
3
1
276.23
0.05
1
100
4
1
276.17
0.13
500
100
3
1
276.17
0.13
480
110
0
1
276.23
0.05
1
100
9
-1
276.17
0.13
500
100
3
-1
276.17
0.13
480
110
0
-1
278.30
0.05
140
90
14
-1
278.30
0.05
140
100
2
-1
279.195
0.01
20
50
9
1
279.20
0.00
0.00
295
10
1
279.20
0.00
0.00
310
3
1
282.36
0.05
140
90
14
-1
282.36
0.05
140
100
2
-1
287.08
0
400
100
10
1
287.10
0.06
0
100
15
1
287.10
0
400
135
11
1
287.30
0.05
1
80
3
1
287.28
0.10
400
90
5
1
287.47
0.03
52
56
15
-1
287.47
0.029
52
124
1
-1
287.47
0.028
52
140
3
-1
295.76
0.05
140
90
15
-1
295.76
0.05
140
100
3
-1
300.46
0.05
140
90
14
1
300.46
0.05
140
100
2
1
301.10
0.009
60
160
10
-1
301.10
0.009
60
175
3
-1
301.10
0.01
300
70
1
-1
301.10
0.01
300
80
3
-1
305.38
0.09
300
90
3
-1
305.38
0.09
290
110
2
-1
305.31
0.23
300
50
15
1
305.31
0.23
300
70
7
1
305.31
0.23
300
85
11
1
309.76
0.05
140
90
14
1
309.76
0.05
140
100
2
1
314.16
0.05
140
90
15
1
314.16
0.05
140
100
3
1
318.26
0.05
140
90
15
1
318.26
0.05
140
100
3
1
324.656
0.005
75
130
3
-1
324.655
0.004
35
390
4
-1
324.705
0.015
300
395
3
-1
324.705
0.015
300
485
0
-1
324.71
0.145
300
150
3
-1
324.71
0.140
0
175
0
-1
324.76
0.005
20
225
3
-1
324.763
0
15
250
4
-1
324.76
0.0052
20
265
0
-1
325.22
0.03
0
75
4
1
325.20
0.08
350
95
15
1
325.22
0.03
0
75
4
-1
325.20
0.08
350
100
15
-1
325.60
0.0215
145
275
15
-1
325.60
0.020
145
325
1
-1
325.60
0.020
145
377
0
-1
326.97
0.01
20
50
9
1
326.97
0.00
0.00
295
10
1
326.97
0.00
0.00
310
3
1
327.46
0.04
75
50
2
-1
327.46
0.04
75
65
12
-1
329.56
0.05
140
90
15
-1
329.56
0.05
140
100
3
-1
333.70
0.1
1
200
11
-1
333.70
0
500
210
5
-1
333.70
0.1
1
200
11
1
333.70
0
500
210
15
1
333.89
0.20
300
100
2
1
333.89
0.25
300
100
2
-1
334.15
0.18
300
400
11
1
334.18
0.12
500
300
15
-1
334.45
0
200
400
9
1
334.45
0.1
1
400
15
1
337.45
0
200
200
7
-1
337.45
0.1
1
200
12
-1
337.60
0
0
270
3
1
337.60
0.05
200
135
2
1
337.60
0.05
200
145
10
1
337.66
0.05
140
90
15
-1
337.66
0.05
140
100
3
-1
337.63
0.5
1
75
2
1
337.90
0.04
150
300
5
1
338.00
0.01
350
170
2
-1
338.00
0.09
0
160
11
-1
339.06
0.05
140
90
15
-1
339.06
0.05
140
100
3
-1
340.10
0
200
500
12
-1
340.10
0.01
1
500
10
-1
340.25
0
350
150
15
1
340.25
0.1
0
150
5
1
340.25
0.01
1
500
10
-1
340.25
0
200
500
5
-1
340.40
0.01
1
500
10
-1
340.40
0
200
500
13
-1
340.50
0
350
175
3
1
340.50
0.195
1
175
15
1
340.62
0
590
430
2
-1
340.62
0.14
1
400
11
-1
340.62
0.14
590
450
3
-1
340.76
0.5
1
150
2
-1
340.68
0.5
1
100
2
1
341.00
0.02
100
300
7
1
341.25
0.5
1
145
2
-1
341.28
0
200
600
5
1
341.28
0.13
1
600
9
1
341.41
0.18
1
90
2
1
341.47
0
125
500
8
-1
341.47
0.10
0
500
12
-1
341.66
0
200
650
1
1
341.66
0.16
1
650
11
1
341.75
0.12
400
500
7
-1
342.10
0.5
25
130
2
1
342.65
0.08
100
370
5
1
342.15
0.5
25
130
2
-1
342.46
0
125
425
9
-1
342.46
0.05
0
425
10
-1
342.88
0.18
500
500
5
-1
342.90
0.05
1
120
4
1
342.86
0.17
400
310
13
1
343.30
0.0215
145
275
15
1
343.30
0.020
145
325
1
1
343.30
0.020
145
377
0
1
343.35
0.14
200
200
2
-1
343.37
0.03
200
400
12
-1
343.72
0.001
390
390
9
1
343.72
0.09
1
390
2
1
343.63
0.13
590
300
0
-1
343.63
0.11
300
500
11
-1
343.89
0.015
1
1400
5
-1
343.89
0.015
590
1400
3
-1
End
