243
0.2
-9
1.2
-28
2.1
-14
3.0
13
3.95
10
5.90
-13
6.90
14
7.60
12
8.40
-7
9.10
-19
9.80
-20
11.50
17
12.80
6
13.50
-14
14.50
-8
15.60
9
16.40
-7
17.10
11
19.00
8
21.60
5
22.30
-2
23.60
-33
24.60
8
27.50
-6
29.50
11
30.80
-9
31.61
-10
34.20
-14
35.43
6
36.42
11
38.00
5
39.80
-6
44.02
11
45.20
14
46.00
8
47.90
-11
48.62
-5
49.30
-14
50.05
-14
51.18
25
52.00
-19
52.75
8
53.67
-13
54.70
18
55.40
14
57.70
-18
59.60
-18
60.30
25
62.90
12
64.90
-15
66.35
-20
69.05
15
69.80
18
72.20
8
72.98
-8
73.70
11
75.70
-6
76.40
-6
78.30
8
79.00
-6
81.80
14
82.50
-17
83.40
-10
84.56
9
85.60
-8
87.32
11
88.26
-18
89.10
-9
91.69
-11
95.90
15
97.70
-7
100.00
-8
100.85
11
102.50
-15
103.20
9
103.90
27
105.00
-9
106.70
16
109.80
-14
110.70
12
112.70
11
114.30
17
116.50
-11
117.65
11
118.70
-16
120.60
-6
121.90
14
123.70
-9
124.95
9
125.90
-18
127.10
16
130.70
12
131.45
4
132.20
-12
132.90
-25
134.20
-12
135.70
15
137.00
18
138.20
20
138.90
30
140.60
20
141.70
30
142.86
-16
144.16
-27
145.86
20
146.60
-19
148.33
9
149.90
-14
151.30
11
152.10
-8
153.00
12
154.00
-25
155.60
-28
158.50
13
159.49
-9
162.00
-17
162.76
14
164.15
-15
167.40
-11
168.16
-3
170.70
11
171.40
-23
172.20
6
172.90
40
174.70
-30
177.70
9
179.00
-11
183.70
26
185.70
-14
186.70
20
187.80
15
189.20
-5
189.95
11
191.40
-33
192.30
-33
193.70
11
194.80
-14
194.90
16
197.70
-18
199.06
14
199.80
-12
200.70
-10
201.70
20
202.50
-9
203.76
11
204.50
-23
206.25
-13
207.10
20
207.90
14
208.60
-12
209.30
23
210.00
-30
212.30
-31
213.00
-31
213.70
28
214.92
-14
215.65
8
216.81
-7
219.03
8
220.15
18
220.85
-4
223.55
-9
224.60
-11
225.70
10
227.16
-5
228.70
9
229.90
-5
230.95
9
232.66
5
233.40
-8
234.15
8
234.85
-14
235.55
12
236.36
-8
237.20
-25
238.36
9
239.50
-12
240.20
8
241.00
-14
241.70
12
243.60
-23
244.30
13
245.00
3
245.70
-9
247.47
14
248.80
-14
251.46
-5
253.00
11
253.90
-7
257.25
-20
257.98
14
258.70
8
260.46
-7
261.50
14
264.25
-15
265.07
-12
265.82
-20
266.52
-10
267.22
8
267.92
2
268.70
14
270.70
-10
271.70
-15
272.40
25
273.10
25
273.80
18
274.50
8
275.20
4
276.10
7
276.80
14
279.33
-21
280.70
-14
283.84
-12
285.70
12
287.20
-11
288.60
14
291.90
-10
295.00
14
296.26
-9
300.20
25
301.70
-5
303.80
9
306.50
4
309.60
-9
312.80
-13
314.79
16
318.06
-12
319.70
-8
320.70
7
321.90
18
323.25
12
323.98
8
325.70
24
326.45
14
327.16
14
328.70
18
332.60
-23
333.50
-11
338.30
11
340.70
10
341.50
-9
342.30
-23
343.00
-14
End
