162
0
-1850
1.5
-1040
2.3
-950
2.7
0
6.5
-600
7.2
-600
9.0
-250
9.5
780
10.2
-135
10.8
0
11.5
1060
12.8
0
14.10
1160
18.50
0
22.80
540
23.60
0
24.30
980
28.20
-500
29.00
0
30.90
-890
32.50
900
33.90
-1020
37.00
0
40.70
1020
42.00
0
47.00
1000
49.00
0
52.00
-750
52.50
750
53.30
0
53.54
-1060
57.00
250
58.70
0
59.90
-250
61.00
0
64.66
300
65.60
0
67.70
-200
69.60
0
69.70
800
70.70
300
71.60
1080
72.20
1210
72.40
1000
72.65
900
72.80
1025
73.00
1250
73.40
1275
73.70
1300
74.20
1000
74.50
1000
75.60
300
76.70
0
77.90
250
81.70
195
83.90
0
85.20
420
88.30
0
90.70
-1020
93.70
0
96.16
750
97.70
0
100.90
400
103.30
0
108.40
-350
111.90
0
117.65
200
118.87
-280
120.16
0
122.15
-250
128.10
0
129.70
300
132.90
-200
137.00
0
139.20
-300
139.70
0
140.70
-300
141.70
-179
144.25
0
146.20
-200
146.66
250
148.90
600
150.70
0
152.20
1200
153.00
133
153.70
1500
155.30
0
155.60
0
156.10
-195
159.46
-300
162.50
0
164.15
460
168.15
250
170.60
180
172.60
1020
172.70
-800
174.70
-400
176.60
0
178.26
-350
180.40
0
181.70
960
184.70
400
185.20
95
186.70
55
187.10
950
187.40
0
188.20
0
191.50
-600
192.10
0
192.40
-1150
193.70
-480
195.30
-175
197.90
0
199.00
190
200.86
-210
201.70
0
203.90
259
204.70
650
207.50
0
207.90
-300
210.00
-600
211.70
600
212.31
250
213.70
0
215.20
-325
224.20
600
232.20
1050
234.16
-410
238.70
1020
243.70
-320
244.70
1080
254.46
-1900
259.40
250
262.40
0
263.65
-1020
265.30
0
268.10
300
268.50
125
269.05
80
269.70
60
271.50
0
272.00
-58
273.20
-78
273.95
-95
274.70
-400
275.70
-900
276.30
-1200
292.90
250
293.70
0
296.90
-300
302.50
0
306.40
460
313.70
0
325.36
-600
327.56
800
332.20
-250
334.00
0
335.85
310
339.16
-200
341.60
0
342.20
1200
344.70
0
End
