78
1.75
1.90
55
6.35
6.45
55
7.15
7.24
55
10.25
10.35
55
11.00
11.10
55
14.69
14.80
55
15.50
15.67
55
22.90
23.00
45
24.60
24.70
75
30.65
30.75
55
31.45
31.55
55
36.50
36.63
50
37.51
37.63
55
43.85
43.98
55
44.72
44.85
55
49.95
50.05
55
51.52
51.57
40
52.28
52.38
50
52.90
52.95
50
53.20
53.30
55
53.50
53.60
55
53.90
53.95
55
54.30
54.35
55
56.65
56.85
75
69.75
69.90
75
73.52
73.65
75
75.17
75.27
75
82.44
82.54
75
84.60
84.70
75
102.20
103.30
60
104.50
104.60
40
110.92
111.02
55
112.55
112.65
55
119.75
119.86
75
121.45
121.56
75
138.60
138.80
65
139.50
139.75
50
139.85
139.90
50
140.82
140.90
75
145.96
146.07
75
148.52
148.63
75
150.02
150.14
75
153.50
153.62
75
154.70
154.81
75
172.20
172.33
65
172.80
173.00
90
180.30
180.40
75
183.90
184.00
75
191.25
191.35
75
192.35
192.50
90
205.95
206.10
50
207.25
207.35
75
208.60
208.73
65
214.05
214.16
75
215.42
215.53
75
235.90
236.00
60
244.90
245.00
45
245.60
245.80
75
263.49
263.56
75
265.25
265.32
70
268.80
268.90
50
275.12
275.23
75
278.30
278.40
80
286.80
286.90
75
294.80
294.90
75
299.39
299.50
75
305.35
305.45
75
305.65
305.75
75
313.85
313.95
90
317.85
317.95
65
324.00
324.10
75
325.40
325.55
75
330.65
330.75
75
330.98
331.12
75
337.76
337.90
75
340.55
340.65
75
341.70
341.80
75
344.90
345.30
60
End
