611
100
25
0.00
0809
0
0.30
0209
0
0.40
0808
0
0.55
0808
0
1.28
0809
0
1.50
0808
0
2.40
0808
120080
3.10
0808
120080
3.13
0808
120080
4.05
0708
120080
4.30
0508
120100
4.50
0808
100100
4.72
0806
100100
4.93
0808
055100
5.30
0808
085120
5.77
0803
085120
5.92
0803
055120
5.96
0808
100100
6.72
0810
120120
6.90
0808
100100
7.40
0808
070100
8.36
0508
090080
8.40
0508
090080
8.41
0508
090080
8.96
0808
085080
9.64
0808
085080
9.74
0808
085080
10.80
0808
085080
11.70
0808
105080
12.74
0808
105080
13.18
0809
105100
13.22
0808
105100
13.66
0608
105100
13.98
0808
105100
15.12
0808
0
15.30
0808
0
16.47
0805
090120
16.60
0808
090120
17.60
0813
090120
18.10
0808
090120
19.24
0803
090120
19.45
0813
100120
21.08
0807
100120
21.30
0808
100080
22.30
0608
110080
22.60
0808
110080
23.70
0808
090090
25.60
0808
090090
26.29
0813
090100
26.90
0808
120080
28.30
0909
120120
28.38
0808
120120
28.53
0308
060120
28.63
0808
060120
29.40
0808
0
29.80
0909
0
29.86
0808
0
31.90
0909
0
31.97
0808
120100
32.01
0708
120100
32.50
0808
120100
34.92
0805
0
35.25
0808
0
35.35
0608
0
35.60
0615
0
35.80
0705
0
36.00
0708
0
36.20
0808
0
36.50
0909
0
36.61
0808
0
37.50
0508
0
38.00
0505
0
38.10
1205
0
38.30
0505
0
39.50
0909
0
39.62
0511
0
39.65
0513
0
40.10
0812
0
40.20
0811
0
40.30
0808
0
40.68
0909
0
40.71
0813
100120
41.20
0613
100120
41.69
0611
100120
41.82
0813
100120
42.10
0505
120100
42.20
0506
120100
42.35
0506
120100
42.50
0308
120100
42.58
0808
100100
43.60
0808
0
43.61
0808
095095
44.90
0808
105105
45.95
0809
105120
46.05
0808
105120
46.30
0809
105120
46.42
0808
105120
46.57
0807
105120
46.70
0808
095120
47.65
0908
105100
47.77
0808
105100
47.79
0806
105100
48.00
0808
090100
50.04
0809
090120
50.18
0808
090120
51.78
0909
0
52.44
0808
0
53.74
0208
120070
53.84
1413
120070
54.25
0808
120070
54.57
0808
120070
55.10
1208
120070
55.11
0808
100070
55.53
0608
100060
55.95
0808
110070
56.10
0508
110080
56.22
0508
110080
56.27
0508
090080
56.50
1308
090120
57.20
0808
120090
57.80
0813
090080
58.20
1113
090100
58.40
0808
090100
58.91
0808
090100
59.10
0806
100120
59.70
0808
100090
60.80
0813
100070
61.15
0808
120070
61.40
0808
070070
61.42
0808
070070
61.60
0508
120090
61.80
1508
120090
61.90
0508
0
62.05
0515
0
62.30
0808
0
63.11
0808
0
63.25
0805
0
63.27
0808
0
63.55
0803
0
63.80
0813
0
63.95
0805
0
64.10
1507
060070
64.20
1508
060070
64.30
0808
060070
64.50
0808
060070
65.13
1508
060070
65.35
0808
090090
65.60
1305
0
65.76
0708
0
66.20
0508
080120
66.82
0508
065120
66.95
0808
050080
67.10
0813
120080
67.27
0808
120080
68.27
0909
0
68.33
0806
090110
68.90
0808
090085
71.70
0808
065090
71.90
0809
065085
72.14
0808
055100
72.25
0808
055100
72.26
0808
055100
73.00
0808
040080
73.20
0808
040080
74.05
0808
075080
74.08
0808
075090
74.20
0808
070090
74.82
0810
0
75.00
0808
0
75.73
0808
100100
76.20
0308
120110
76.45
0808
120120
77.26
0814
120120
77.30
0808
095120
78.90
1308
095100
79.00
1108
090100
79.20
0808
090100
80.05
0508
100080
80.20
0808
120070
80.70
0708
120050
80.95
0808
070050
83.16
0808
070050
83.40
0808
070050
83.405
0808
060080
83.70
0808
070080
84.56
0208
080080
84.62
0808
090080
84.75
0808
100080
85.10
0908
100090
85.12
0808
090090
86.60
0502
090090
86.80
0808
100090
89.52
0708
120080
89.87
0808
120090
90.14
0811
120100
90.20
0813
0
91.36
1408
090090
91.40
0808
090090
94.50
0815
090120
94.80
0808
090120
95.21
0812
0
95.22
0808
080120
97.38
0803
080120
97.48
0808
080120
97.70
0505
0
97.85
0805
0
98.80
0808
090090
99.26
0806
090090
99.40
0815
090090
99.52
0808
090105
100.83
0808
065105
100.99
0808
065090
101.30
0808
065090
103.00
0814
100100
104.15
0808
090120
104.50
0909
0
104.67
0806
070120
105.60
0806
070100
107.10
0909
0
107.27
0805
0
107.50
0808
090080
109.00
1108
0
109.40
0808
0
110.14
0808
060060
110.69
0808
060060
111.70
0808
0
113.00
0909
0
113.17
0808
0
113.40
0308
060060
113.45
0808
060060
114.16
0808
060060
114.20
0808
030060
114.83
0908
0
114.94
0808
0
116.66
0814
0
116.71
0808
0
117.08
0708
0
117.20
0808
0
117.90
0908
0
117.91
0808
0
118.28
0803
0
118.52
0805
0
118.95
0808
060060
119.30
0808
060060
121.20
0809
060060
121.21
0808
060060
121.60
0805
060060
121.75
0808
090090
123.50
0908
0
123.55
0808
0
123.72
0807
0
123.97
0808
0
123.97
0807
0
125.00
0808
0
125.68
0608
0
125.93
0808
0
126.39
0508
0
126.50
0808
070100
128.10
0803
070100
128.30
0813
070100
128.70
0808
0
130.80
0807
0
130.93
0808
065100
132.26
1408
065100
132.31
0808
090100
134.30
0708
0
134.60
0808
080080
135.80
0909
080080
135.90
0808
0
137.05
0809
0
137.20
0808
060060
138.80
0808
060060
138.805
0808
060060
139.60
0808
060060
139.62
0808
060060
139.71
1414
060060
139.85
1414
060060
140.00
1414
080060
140.55
0814
080060
140.80
0808
080095
143.96
1305
080095
144.20
0813
080095
144.50
0811
120105
144.65
0805
120105
144.73
0713
120100
144.83
0813
100100
146.71
0613
100100
147.17
0508
075100
147.27
0803
0
147.95
0813
090080
148.30
0808
090080
149.20
0508
090080
149.66
1413
0
149.71
0813
0
150.00
0613
0
150.25
0308
0
150.50
0508
0
151.00
0807
0
151.25
0808
120090
152.16
1408
120090
152.21
0808
120090
152.68
1308
0
153.00
0908
120090
153.05
0808
120080
153.55
0808
120060
153.95
0908
120060
154.25
0808
120060
154.50
0708
120060
154.87
0808
120060
155.20
0807
075090
155.35
0808
070120
155.50
0909
0
155.65
0809
060120
155.73
0808
060100
156.65
0808
060080
156.79
0808
060090
157.80
0208
090090
158.10
0813
090090
158.40
0808
090090
159.46
0808
090090
159.51
0808
105105
160.10
0308
120105
160.40
0808
120105
160.90
0508
120105
161.08
0806
120105
161.22
0808
120105
161.28
0808
120105
161.32
0808
120080
161.50
1108
120080
161.65
0608
120080
161.80
0808
120080
162.76
0808
120080
162.81
0808
120080
163.00
0808
080120
163.90
0808
100100
164.20
1212
100100
164.21
0808
105105
165.35
0708
120105
165.60
0808
105120
166.20
0803
105105
166.27
0808
105105
166.35
0808
105105
166.41
0808
105105
167.70
0808
105105
167.99
0808
080075
168.16
0808
080075
168.21
0808
080075
168.90
0808
080075
169.90
0806
100120
170.20
0508
100120
170.40
0805
100100
171.00
0808
195120
171.30
0808
095120
172.20
0608
0
172.28
0808
0
172.29
0808
0
172.45
0808
070070
173.96
0808
070070
174.10
0808
070070
176.66
0808
070070
176.71
0808
070070
177.10
0808
090070
177.35
0808
090070
177.60
0807
090120
177.80
0806
090120
177.88
0803
100120
177.95
0503
120120
178.10
0508
120090
178.20
0808
090090
178.80
0808
090090
180.46
0808
090090
180.72
0808
090120
181.20
0811
090120
181.30
0805
090120
181.40
0808
0
181.60
0308
0
181.80
0808
120105
182.86
0808
120105
182.92
0808
090105
184.20
0808
090120
184.31
0805
090120
184.42
0808
090105
185.46
0808
090105
185.52
0808
090075
186.20
0808
090075
186.90
0808
090075
187.28
0908
120075
187.75
0808
120075
188.00
0908
120075
188.70
0808
120075
189.89
0908
120070
190.10
0508
120070
190.40
0808
120070
191.75
0808
120070
193.15
0908
120070
193.50
0808
120070
194.40
0808
120070
194.60
0908
120070
194.80
0808
070070
195.25
0908
070070
195.30
0808
070070
198.70
0808
095095
199.90
0808
095095
200.02
0808
095095
200.68
0810
0
200.86
0808
0
202.20
0808
0
202.55
0808
0
203.58
0810
0
203.76
0808
0
204.20
0813
0
204.30
0808
0
205.30
1108
0
205.70
0808
100095
208.55
0908
105090
208.67
0808
120090
209.85
0908
120090
209.99
0808
120090
210.75
0404
0
212.11
0808
090080
213.40
0808
090080
213.481
0808
090080
213.75
0808
090080
213.77
0808
120080
214.77
0808
105090
218.75
0803
105105
218.90
0808
105105
219.18
0810
105120
219.36
0808
105120
220.35
0807
080120
220.50
0806
080120
220.60
0805
080120
220.75
0805
080120
220.78
0810
080120
220.96
0808
080120
221.05
0808
0
221.10
0513
0
221.25
0611
0
221.35
0811
0
221.50
0508
0
221.58
0808
0
222.24
0908
0
222.26
0808
0
222.70
0803
0
222.80
0808
120096
222.85
0508
120096
223.10
0808
120096
223.35
0308
120096
223.45
0508
0
223.58
0808
0
223.65
0806
0
223.78
0808
0
224.08
0810
0
224.26
0808
100100
224.80
0808
100100
225.80
0808
065120
226.98
0810
065120
227.16
0808
120088
229.05
0708
120088
229.18
0811
090105
229.50
0808
090105
232.48
0810
090105
232.66
0808
090120
233.00
0805
090120
233.40
0806
090120
233.70
0808
090120
234.10
0802
090120
234.23
0808
0
235.20
0803
075120
235.40
0808
075120
236.08
0810
075120
236.26
0808
120085
237.00
1108
120085
237.30
0808
085085
240.18
0510
0
240.38
0808
120105
240.70
0508
120105
241.35
0708
120090
241.48
0808
105090
241.60
0808
120090
241.61
0808
120090
242.80
0808
085085
245.20
0808
120100
247.15
0508
120100
247.35
0808
120100
247.80
0308
120090
247.95
0808
120090
248.48
0708
120090
248.70
0808
120090
249.70
0810
0
249.78
0808
0
249.92
0803
0
250.06
0808
075105
251.00
0808
075105
251.20
0808
075105
251.30
0808
075105
251.36
0808
105090
253.80
0708
0
254.10
0808
0
254.30
0808
065065
254.36
0808
065065
255.00
0808
065065
255.30
0808
065065
257.06
0806
065120
257.15
0808
065065
257.20
0808
065065
257.26
0808
095095
257.81
0808
095095
258.00
0808
095120
259.20
0802
0
259.35
0808
105105
260.30
0808
105105
260.36
0808
105120
260.60
0807
085085
260.80
0808
085085
263.55
0908
105105
263.99
0909
0
268.10
0808
095090
268.60
0808
050090
276.00
0808
050090
278.00
0811
0
278.20
0808
0
278.70
0708
0
278.90
0808
0
281.00
0803
0
281.12
0808
0
282.30
1408
0
282.36
0808
0
282.70
0508
0
282.85
0808
0
282.90
0808
085085
284.00
0808
095065
286.40
0808
095095
290.07
0805
095105
290.25
0808
095105
292.08
0809
105100
292.15
0808
105080
293.35
0308
120080
293.45
0808
120080
293.70
0208
120080
293.80
0508
120080
294.00
1108
120080
294.08
0808
120080
294.72
0807
120120
294.87
0805
120085
295.00
0908
120085
295.50
0808
070085
297.00
0803
070120
297.11
0808
070100
298.41
0608
100100
298.53
0808
100100
299.20
0708
0
299.45
0608
085100
299.60
0808
085100
300.40
0808
085100
300.46
0808
085100
300.50
0808
085100
300.60
0808
085100
301.36
0208
0
301.50
0807
0
302.00
0808
0
302.29
1508
0
302.40
0808
085085
304.00
0808
085085
304.40
0808
085085
304.88
0803
085120
304.93
0808
075085
307.41
0805
075120
307.55
0808
0
307.70
0806
120095
307.95
0808
120095
308.60
0608
095095
308.75
0808
095095
309.70
0808
075095
311.30
0909
0
311.36
0808
120090
313.70
0811
0
313.90
0808
0
314.08
0810
095100
314.26
0808
095100
316.00
0808
095090
316.40
0308
105100
316.55
0808
0
316.70
0805
0
316.95
0808
120100
318.18
0810
100100
318.36
0808
0
319.20
0713
0
319.45
0808
080120
321.06
0803
0
321.26
0808
0
321.70
1108
0
322.00
0808
0
322.56
0607
0
322.62
0808
095095
322.92
0808
095095
325.00
0808
105095
325.12
0808
105105
326.52
0808
105105
327.71
0808
080105
327.74
0808
080105
329.90
0608
100100
330.10
0808
100100
340.58
0814
100100
340.78
1414
100080
341.60
1414
100080
341.88
0808
100080
342.10
0808
100080
342.30
0814
070120
343.20
1414
070070
344.00
1414
070070
End
