445
0.19
400
0.50
100
1.18
100
1.88
101
H
2.94
100
3.74
100
4.69
100
5.64
100
6.40
2104
7.18
100
7.77
100
8.62
100
9.47
100
10.30
2104
11.15
100
12.02
100
12.87
100
13.72
100
14.67
2104
15.58
100
16.27
100
17.12
100
17.97
100
18.82
100
19.67
100
20.52
100
21.37
100
22.22
100
22.90
2104
23.83
101
A
24.58
100
25.62
100
26.47
100
27.32
100
28.17
100
29.02
100
29.77
100
30.70
2104
31.43
100
32.09
100
32.94
100
33.84
100
34.64
100
35.49
100
36.48
2104
37.54
100
38.17
100
39.04
100
39.94
100
40.74
100
41.64
100
42.64
100
43.83
2104
44.73
100
45.84
100
46.74
100
47.54
100
48.39
100
49.14
100
49.93
2104
51.50
100
52.00
100
52.88
2004
53.655
1
3
53.85
0
54.18
1
H
54.50
0
55.16
0
55.86
0
56.63
2024
57.29
0
58.14
0
58.99
0
59.84
0
60.69
0
61.54
0
62.39
0
63.24
0
64.09
0
64.94
0
65.79
0
66.64
0
67.49
0
68.34
0
69.04
0
69.73
2024
70.18
0
71.20
0
72.10
0
72.80
0
73.50
2024
74.36
0
75.15
0
75.93
0
76.89
0
77.85
0
78.79
0
79.91
0
80.73
0
81.69
0
82.42
2014
83.00
0
83.61
0
84.58
0
85.53
0
86.49
0
87.45
0
88.41
0
89.37
0
90.33
0
91.39
0
92.25
0
93.21
0
94.17
0
95.13
0
96.05
0
97.05
0
98.01
0
98.01
0
98.97
0
99.93
0
100.89
0
101.56
0
102.18
2014
102.95
0
103.52
0
104.10
0
104.48
1
L
105.15
0
105.80
0
106.65
0
107.50
0
108.35
0
109.20
0
110.05
0
110.90
2014
111.92
1
4
112.53
1
Å
113.22
0
114.07
2014
114.92
0
115.83
0
116.67
0
117.47
0
118.22
0
119.04
0
119.72
02024
120.56
0
121.43
0
122.28
0
123.13
0
124.04
0
124.83
0
125.58
0
126.41
0
127.25
0
128.10
0
128.95
0
129.80
0
130.65
0
131.50
0
132.35
0
133.20
0
134.05
0
134.90
0
135.75
0
136.60
0
137.45
0
138.04
0
138.58
2014
139.01
0
139.46
1
2
139.83
200
140.22
0
140.50
0
140.80
1
F
141.70
0
142.55
0
143.40
0
144.25
0
145.10
0
145.95
2024
146.80
0
147.65
0
148.50
2024
149.38
0
150.00
0
151.05
0
152.16
0
152.85
0
153.48
2024
154.00
0
154.68
0
155.85
0
156.53
0
157.38
0
158.23
0
159.08
0
159.93
0
160.78
0
161.63
0
162.48
0
163.33
0
164.18
0
165.03
0
165.88
0
166.73
0
167.58
0
168.43
0
169.28
0
170.13
0
170.88
0
171.60
0
172.18
2024
172.78
0
173.62
0
174.47
0
175.32
0
176.17
0
177.02
0
177.87
0
178.72
0
179.57
0
180.28
2024
181.27
0
182.12
0
182.97
0
183.88
2024
184.67
0
185.52
0
186.37
0
187.22
0
188.07
0
188.92
0
189.77
0
190.62
0
191.23
0
191.80
0
192.33
0
193.17
0
194.02
0
194.89
0
195.72
0
196.53
0
197.41
0
198.22
0
199.08
0
199.97
0
200.82
0
201.67
0
202.52
0
203.59
0
204.22
0
205.07
0
205.92
2002
F
X
206.70
0
207.23
1
7
207.73
200
208.21
0
208.61
2
N
O
209.30
0
209.97
0
210.80
0
212.00
0
212.85
0
213.46
0
214.00
2014
214.75
0
215.40
0
216.35
0
217.45
0
218.55
0
219.32
0
220.10
0
220.97
0
221.87
0
222.72
0
223.57
0
224.42
0
225.17
0
225.92
0
226.67
0
227.17
0
227.97
0
228.67
0
229.57
0
230.37
0
231.22
0
231.95
0
232.66
0
233.66
0
234.24
0
235.10
0
235.88
2014
236.45
0
237.27
0
238.02
0
238.87
0
239.72
0
240.57
0
241.42
0
242.27
0
243.15
0
243.72
0
244.34
0
244.88
2014
245.19
200
245.58
0
246.27
0
246.86
0
247.41
0
248.26
0
249.11
0
249.96
0
250.81
0
251.66
0
252.51
0
253.36
0
254.21
0
255.06
0
255.91
0
256.76
0
257.61
0
258.46
0
259.31
0
260.16
0
260.81
0
261.35
0
261.86
0
262.40
0
263.00
0
263.47
2014
264.10
0
264.65
0
265.22
2014
265.82
0
266.45
0
267.00
0
267.58
0
268.21
0
268.75
2014
269.15
0
269.75
0
270.30
0
270.85
0
271.70
0
272.28
0
272.87
0
273.40
0
273.99
0
274.55
0
275.10
2024
275.85
0
276.38
0
277.23
0
278.28
2014
278.93
0
279.78
0
280.63
0
281.48
0
282.33
0
283.18
0
284.03
0
284.88
0
285.73
0
286.78
2014
287.48
0
288.28
0
289.13
0
289.98
0
290.83
0
291.68
0
292.53
0
293.33
0
294.03
0
294.78
2014
295.78
0
296.16
0
296.90
0
297.67
0
298.52
0
299.37
2014
300.05
0
300.63
0
301.43
0
302.18
0
303.03
0
303.88
0
304.59
0
305.63
2014
306.43
0
307.28
0
308.13
0
308.98
0
309.83
0
310.68
0
311.53
0
312.38
0
313.14
0
313.83
0
314.50
0
315.13
0
315.98
0
316.98
0
317.83
2014
318.38
0
319.23
0
320.08
0
320.93
0
321.78
0
322.63
0
323.26
0
323.98
2014
324.46
0
324.94
200
325.38
0
326.12
0
326.88
0
327.58
0
328.35
0
329.00
0
329.69
0
330.63
2014
331.13
0
332.07
0
332.83
0
333.42
0
334.13
0
334.72
0
335.36
0
336.06
0
336.88
0
337.74
2014
338.38
0
339.16
0
339.73
0
340.53
2014
341.08
0
341.68
0
342.26
0
342.88
0
343.20
0
343.60
0
343.90
200
344.33
200
End
