59
0.0
25
0.89
60
2.1
65
23.30
35
24.30
65
36.50
50
37.65
75
43.85
55
44.85
75
49.95
55
51.78
40
52.28
45
54.40
75
82.44
50
84.66
45
85.00
75
102.20
50
103.50
40
104.50
75
111.90
45
112.70
55
137.90
75
138.90
65
139.50
35
140.20
55
141.50
75
153.15
65
154.85
75
172.40
60
172.85
75
186.78
70
189.14
65
191.20
45
192.50
65
194.30
75
206.80
35
208.50
75
210.70
70
212.10
75
245.00
50
246.00
75
263.20
70
269.10
60
274.80
75
275.15
55
276.00
75
286.80
45
287.80
75
304.85
40
306.00
75
324.00
45
325.00
20
325.60
75
333.80
60
334.50
75
338.00
60
340.00
55
343.00
45
343.20
25
End


