58
0.0
20
0.89
60
2.1
75
23.30
45
24.30
75
36.50
50
37.65
75
49.95
55
51.78
40
52.28
50
54.40
100
82.44
65
84.66
90
85.00
100
102.20
60
103.50
40
104.50
105
111.90
90
112.70
105
137.90
75
138.90
65
139.50
45
140.20
75
141.50
125
153.15
110
154.85
125
172.40
90
172.85
125
186.78
110
189.14
100
191.20
75
192.50
100
193.50
110
194.50
125
206.80
50
208.50
125
210.70
100
212.10
125
245.00
45
246.00
125
263.20
110
269.10
100
274.80
125
275.15
110
276.00
125
286.80
100
287.80
125
304.85
110
306.00
125
324.00
90
325.00
45
325.60
110
333.80
100
334.50
90
338.00
80
340.00
65
341.50
55
343.20
30
End


