113
0.4
0.5
1
1
8
1.50
0.60
1
1
18
2.40
1.60
1
0
18
4.30
0.70
1
-1
30
5.30
3.80
0
0
45
9.50
2.20
1
0
55
12.10
0.55
0
0
25
12.95
1.0
1
0
15
14.00
2.6
0
0
8
16.7
1.9
1
0
40
18.75
2.9
0
0
25
22.05
0.025
0
-1
30
22.45
0.02
1
1
30
22.80
0.25
0
-1
30
23.80
13.35
1
0
88
37.40
0.55
0
0
10
40.80
0.96
0
-1
30
42.35
1.05
1
0
30
43.79
0.45
0
0
14
44.40
7.30
0
0
68
52.35
0.9
0
0
15
54.00
2.40
0
0
45
56.70
0.3
0
1
15
57.30
3.24
0
0
45
60.90
9.05
1
0
90
70.21
3.99
1
0
100
74.50
7.00
0
0
80
81.80
2.0
1
0
15
84.20
1.3
0
1
20
85.90
2.5
0
0
15
88.90
0.6
1
-1
10
90.00
12.90
0
0
70
103.35
0.9
0
1
30
104.20
20
0
0
50
124.55
0.8
1
0
10
125.70
14.0
0
0
127
140.60
2.0
0
-1
37
142.95
0.8
1
0
9
144.90
5.0
0
0
23
150.90
0.5
1
1
30
151.75
1.9
0
0
13
154.10
1.30
0
0
20
155.80
1.0
1
0
20
157.20
5.0
0
0
23
163.00
1.5
0
0
10
164.60
4.5
0
0
30
169.40
2.4
1
-1
28
172.23
1
0
1
40
173.60
6.6
0
0
25
180.45
3.0
1
1
35
183.80
3.35
0
0
50
187.87
2.61
0
1
50
190.10
1.4
0
0
25
191.90
0.025
0
0
30
192.37
0.92
0
1
20
193.93
0.020
0
0
30
194.28
0.020
0
0
30
194.59
5.10
0
0
50
200.00
5
1
0
40
205.35
2.35
0
0
20
208.49
1.1
0
0
15
209.95
0.55
0
1
15
212.08
0.8
0
0
40
213.30
0.020
0
-1
30
213.62
1.5
0
-1
25
215.46
0.010
1
1
30
215.90
5.10
0
0
20
221.25
0.005
1
0
30
221.65
0.025
0
1
30
222.15
0.025
0
-1
30
223.00
2.0
1
0
5
225.35
3.5
0
0
12
229.15
1.2
1
-1
30
230.70
4.7
0
0
25
235.80
1.9
1
0
40
238.30
3
0
0
12
241.62
0.5
0
-1
15
242.80
0.015
1
0
30
243.42
1.9
0
0
15
246.50
1.3
1
1
20
248.10
3.0
0
0
20
251.40
10.35
0
0
75
262.10
1.0
1
-1
20
263.70
0.028
0
1
10
268.02
0.4
1
-1
10
268.75
0.4
0
0
2
275.00
1.1
0
0
10
276.70
2.0
0
1
32
279.20
5.2
0
0
70
288.80
0.025
0
-1
10
289.35
0.025
0
0
10
290.00
4.0
1
0
65
294.32
0.7
0
1
25
295.34
1.5
1
0
25
299.00
0.02
0
1
20
300.00
4.25
0
0
30
304.60
2.0
0
-1
30
307.00
1.0
1
1
20
308.40
0.020
0
-1
10
309.00
0.72
1
-1
15
310.42
0.020
0
0
10
311.20
0.025
0
-1
10
312.10
2.5
0
0
40
315.00
8.5
0
0
30
323.80
1.0
0
1
10
325.36
3.0
0
0
14
329.12
0.022
1
1
21
329.65
0.022
0
0
30
330.00
3.9
0
0
25
334.05
2.25
1
-1
25
336.90
3.5
0
0
17
341.80
0.8
0
0
14
343.00
0.7
0
0
10
End
