 40273
 0
 0
 0
 0
 0
 0
 0
 0
 0
 0
 0
 0
 0
 0
 0
 0
 0
 0
 0
 9
-2
 5
-2
 0
 0
 0
 0
 0
 0
 0
 0
 0
 0
 0
 0
-2
 0
-2
 0
 0
-2
-2
-2
 0
 0
-2
 0
-2
 0
 0
 0
 0
-2
 0
-2
 0
 0
 5
 0
 0
 0
 0
 0
 9
 0
 0
 0
-2
-2
-2
 0
 0
-2
 17
-2
 0
 0
-2
 0
-2
 0
 0
 0
 0
-2
 0
-2
 0
 0
 0
 0
 0
 0
 0
 0
 0
 0
 0
 0
 0
 0
-2
 0
 0
-2
 5
-2
 0
 0
-2
 0
-2
 0
 0
 0
 0
-2
 0
-2
 0
 0
 0
 0
 0
 17
 0
 0
 0
 0
 0
 0
-2
-2
-2
 0
 0
-2
-2
-2
 0
 0
-2
-2
-2
 0
 0
 0
 0
-2
 0
-2
 0
 0
 0
 0
 0
 0
 0
 0
 0
 0
 0
 0
 0
 0
 0
 0
 0
 0
 0
 0
 0
 0
 0
 0
 0
 0
 0
 0
 0
-2
 0
-2
 0
 9
 0
 0
 0
 0
 0
 0
 0
 0
 0
 0
 0
 0
 0
 0
 0
 0
 0
 0
 0
 0
 0
 0
 0
 0
 0
 0
 0
-2
 0
-2
 0
 0
 0
 0
 0
 0
 0
 0
 0
 0
 0
 0
-2
-2
-2
 0
 0
-2
 0
 0
 0
-2
 0
 0
-2
-2
-2
 0
 0
-2
 0
-2
 0
 9
 0
 0
 0
 0
 33
 0
 0
 0
 0
 0
-2
 17
-2
 0
 0
-2
 0
-2
 0
-2
 0
 0
-2
-2
 0
 0
 0
-2
 0
-2
 0
 0
 0
 0
 0
 0
 0
 0
 0
 0
 0
 0
-2
 1
-2
 0
 0
-2
 9
-2
 9
-2
 0
 0
-2
 9
 0
 0
 0
-2
 0
-2
 0
 0
 0
 0
 0
 0
 0
 0
 0
 0
 0
 0
-2
-2
-2
 0
 0
-2
-2
-2
-2
-2
 0
 0
-2
-2
-2
 0
 0
-2
 0
-2
 0
 0
 0
 0
 0
 0
 0
 0
 0
 0
 0
 0
 0
 0
 0
 0
 0
 0
 0
 0
 0
 0
 0
 0
 0
 0
 0
 0
 0
-2
 0
-2
 0
 0
 9
 0
 0
 0
 0
 0
 0
 0
 0
 0
 0
 0
 0
 0
 0
 0
 0
 0
 0
 0
 0
 0
 0
 0
 0
 0
 0
-2
 0
-2
 0
 0
 0
 0
 0
 0
 0
 0
 0
 0
 0
 0
-2
-2
 0
-2
-2
 0
 0
-2
-2
-2
 0
 0
 0
 0
 0
 0
 0
-2
 0
-2
 0
 0
 0
 0
 0
 0
 0
 0
 0
 0
 0
 0
-2
 9
-2
 9
-2
 0
 0
-2
-2
 5
 0
 0
 0
 0
 0
 0
 0
-2
 0
-2
 0
 0
 5
 0
 0
 0
 0
 0
 0
 0
 0
 0
-2
 0
 0
 0
-2
 0
 0
-2
 0
 0
 0
 0
 0
 0
 0
 0
 0
-2
 0
-2
 0
 0
 0
 0
 0
 0
 9
 9
 0
 0
 0
 0
-2
 0
 0
 0
-2
 0
 0
-2
-2
-2
 0
 0
 0
 0
 0
 0
 0
-2
 0
-2
 0
 0
 0
 0
 0
 0
 0
 0
 0
 0
 0
 0
 0
 0
 0
 0
 0
 0
 0
 0
 0
 0
 0
 0
 0
 0
 0
 0
 0
-2
 0
-2
 0
 0
 0
 0
 0
 0
 0
 0
 0
 0
 0
 0
 0
 0
 0
 0
 0
 0
 0
 0
 0
 0
 0
 0
 0
 0
 0
 0
 0
-2
 1
-2
 0
 0
 0
 0
 0
 0
 0
 0
 0
 0
 0
 0
-2
 13
-2
 0
 0
-2
-2
-2
 0
 0
-2
-2
-2
 0
 0
 0
 0
-2
 0
-2
 0
 0
 0
 0
 0
 0
 0
 0
 0
 0
 0
 0
-2
-2
-2
 0
 0
-2
-2
 0
 0
 0
-2
 17
-1
 0
 0
 0
 0
-2
 0
-2
 0
 0
 0
 0
 0
 0
 0
 0
 0
 0
 0
 0
-2
 0
-2
 0
 0
-2
 29
 0
 0
 0
-2
-2
 0
 0
 0
 0
 0
-2
 0
-2
 0
 0
 0
 9
 0
 0
 0
 0
 0
 0
 0
 0
-2
 5
-2
 0
 0
-2
-2
-2
 0
 0
-2
 0
-2
 0
 0
 0
 0
-2
 0
-2
 0
 0
 0
 0
 1
 0
 0
 0
 0
 0
 0
 0
 0
 0
 0
 0
 0
 0
 0
 0
 0
 0
 0
 0
 0
 0
 0
 0
 0
-2
 0
-2
 0
 0
 0
 0
 0
 0
 0
 0
 0
 0
 0
 0
 0
 0
 0
 0
 0
 0
 0
 0
 0
 0
 0
 0
 0
 0
 0
 0
 0
-2
 0
-2
 0
 0
 0
 0
 0
 0
 0
 0
 17
-2
-2
-2
-2
-2
-2
-2
-2
-2
-2
-2
-2
-2
-2
-2
-2
-2
-2
-2
-2
-2
 0
-2
 0
 0
 0
 0
 0
 0
 0
 0
 0
 5
 0
 0
 0
 0
 0
 0
 0
 0
 0
 0
 0
 0
 0
 0
 0
 0
 0
 0
 0
 0
 17
-2
 0
 0
 0
 5
 0
 0
 0
 0
 0
-2
-2
-2
-2
-2
-2
-2
-2
-2
-2
-2
-2
-2
-2
-2
-2
-2
-2
-2
-2
-2
-2
-2
 0
 0
 0
 0
 0
 0
 0
 0
 0
 0
 0
 0
 0
 0
 0
 0
 0
 0
 0
 17
 0
 0
 0
 0
 0
 0
 0
 0
 0
 0
 0
 0
 0
 0
 0
 0
 0
 9
 0
 0
 0
 0
 9
 0
 0
 0
 0
 0
 0
 0
 0
 0
 0
 0
 0
 9
 0
 0
 0
 0
 0
 0
 0
 0
 0
 0
 25
 0
 0
 0
 0
 0
 0
 0
 0
 0
 0
 0
 0
 9
 0
 0
 0
 0
 0
 0
 0
 0
 0
 0
 0
 0
 0
 0
 0
 0
 0
 0
 0
 0
 0
 0
 0
 0
 0
 0
 0
 0
 1
 0
 0
 0
 0
 0
 5
 0
 0
 0
 0
 0
 0
 0
 0
 0
 0
 0
 9
 0
 17
 0
 0
 0
 0
 0
 0
 0
 0
 13
 15
 2
 0
 0
 0
 0
 22
 19
 16
 27
 4
 26
 4
 10
 14
 4
 21
 10
 5
 5
 5
 19
 22
 27
 14
 11
