656,464,17,16
216,325
197,325
216,307
197,307
37
11
80,297,173,399
236,297,349,464
236,133,345,215
407,192,449,231
477,199,509,226
412,302,509,409
561,379,601,421
509,302,586,314
0,0,19,190
0,190,172,231
90,78,586,133
0
0
5
155,231,173,297
326,231,349,297
428,0,449,78
523,0,546,78
305,0,331,78
5
372,0,402,78
469,0,499,78
80,231,128,297
272,231,302,297
253,0,285,78
0
0
5
143,231,155,297
314,231,325,297
414,0,428,78
510,0,523,78
294,0,305,78
5
402,0,414,78
499,0,510,78
128,231,142,297
302,231,314,297
285,0,294,78
173,335,236,364
5
0,326,80,361
413,133,449,192
471,395,509,464
586,0,656,78
93,133,130,190
2
3,90
575,90
27
213,399,0
165,443,1
82,443,0
38,399,0
34,314,1
107,276,0
506,269,0
555,230,0
513,161,0
411,162,0
372,200,1
378,314,0
378,402,0
417,441,0
507,434,0
529,398,2
557,356,2
618,325,1
618,221,0
619,81,0
578,42,1
94,42,0
55,82,0
55,135,0
95,167,1
165,168,0
210,201,0
