736,400,25,16
576,373
575,347
596,373
596,347
29
15
653,87,672,283
434,283,672,329
434,216,560,235
572,0,593,204
444,105,490,148
240,76,295,157
0,0,137,162
155,237,173,300
173,281,295,300
279,300,295,342
128,307,147,329
96,252,118,273
347,0,374,159
347,277,374,400
240,215,295,231
1
672,153,736,177
1
672,92,735,122
1
374,0,433,400
1
295,0,347,400
1
672,138,736,153
1
672,122,736,138
1
361,160,374,276
1
347,160,361,276
531,329,559,400
4
490,110,572,144
185,300,234,400
137,72,240,115
644,0,692,87
2
82,228
114,282
29
444,359,0
400,320,0
410,228,0
394,84,0
454,47,0
534,89,0
531,147,0
487,190,0
162,203,0
107,177,0
41,284,0
126,367,0
280,374,0
319,333,1
319,217,0
330,79,0
270,49,1
205,93,0
205,167,0
205,219,0
248,261,1
578,262,0
621,227,0
610,107,0
647,53,0
680,75,2
695,113,2
692,330,0
641,364,0
