656,464,1,10
114,324
136,324
114,343
136,343
38
21
0,0,254,96
11,96,82,165
152,146,250,190
315,148,483,190
311,59,595,90
565,90,580,266
580,177,609,216
630,180,656,215
645,269,656,326
594,278,607,386
515,255,594,386
498,355,515,373
484,278,515,355
309,260,607,278
460,391,475,408
370,381,460,464
460,403,488,464
285,331,305,350
78,393,265,404
68,246,97,393
178,277,201,296
0
0
3
551,0,574,59
227,96,250,146
442,190,465,266
3
389,190,415,266
174,96,200,146
498,0,524,59
0
0
3
537,0,551,59
428,190,442,266
213,96,227,146
3
200,96,213,146
524,0,537,59
415,190,428,266
97,296,178,318
4
483,152,565,176
112,404,143,464
607,355,656,386
250,162,315,183
2
160,256
266,312
30
112,151,0
152,126,1
479,126,0
522,145,0
522,183,0
494,226,0
85,218,0
29,249,0
34,329,0
28,404,0
60,441,0
246,435,0
340,374,0
411,340,0
486,384,0
555,431,0
600,434,0
627,404,1
627,335,0
620,222,0
620,201,1
625,70,0
593,29,1
314,31,0
282,62,1
280,172,0
276,265,0
235,323,0
163,373,0
127,344,2
