560,496,25,16
171,402
171,384
194,402
194,384
37
17
0,0,37,137
67,63,211,75
67,75,79,433
79,192,213,229
142,128,210,143
270,25,350,66
269,130,456,142
414,142,428,433
79,420,414,433
127,354,201,366
201,279,213,366
270,279,283,420
348,229,361,359
267,192,361,228
448,159,560,226
442,372,460,388
159,305,174,319
1
0,401,67,423
2
0,350,67,378
456,113,560,147
2
395,433,414,496
308,433,328,496
2
253,433,283,496
342,433,370,496
1
0,390,67,401
2
0,378,67,390
456,147,560,159
2
295,433,308,496
370,433,383,496
2
285,433,295,496
370,433,383,496
134,366,157,420
5
173,229,201,279
341,359,371,420
79,126,142,152
428,434,462,496
37,83,67,111
2
140,279
425,350
31
130,397,0
102,360,1
106,317,0
166,257,0
284,253,0
312,281,1
318,359,0
344,398,1
391,370,1
388,192,0
359,164,1
145,180,0
96,138,0
142,94,1
343,106,0
421,37,0
495,63,0
513,108,0
512,400,0
464,463,0
69,474,0
32,437,0
48,179,0
52,143,0
51,62,0
69,27,1
212,26,0
244,64,1
242,213,0
237,366,0
211,395,1
