0
79;#1 up junc
88
0
0
4
2;to p1
1
1
1
0
8
2
3
58
4
59
60
23
24
5;to p2
1
1
1
1
8
2
3
58
4
59
60
5
6
6;to p3
1
1
1
1
8
2
30
57
12
13
61
14
15
7;to p4
1
1
1
1
7
2
30
57
37
44
45
46
0
340;#2 p1 up
68
0
16
1
3;to ry
0
0
1
0
4
25
8
9
10
0
520;#3 to Rugby
88
0
0
1
22;to ry
0
0
1
0
1
62
1
8;#4 app up
88
0
0
1
1;up
1
1
1
1
1
1
0
340;#5 p2 up
88
0
15
2
3;to ry
0
0
1
0
4
7
8
9
10
18;to lem
0
0
0
1
5
34
64
49
53
40
0
340;#6 p3 up
108
0
10
2
3;to ry
0
0
1
0
6
16
64
17
56
35
10
18;to lem
0
0
0
1
5
16
64
49
53
40
0
340;#7 p4 up
144
0
12
2
3;to ry
0
0
1
0
8
47
54
55
53
41
56
35
10
18;to lem
0
0
0
1
5
47
54
55
53
40
0
540;#8 dn app
124
1
0
1
9;dn
1
1
1
1
1
19
0
450;#9 dn
124
1
0
2
10;to p3
1
1
1
1
6
18
56
17
64
16
15
12;to p4
1
1
1
1
8
18
56
41
53
55
54
47
46
0
300;#10 p3 dn
124
1
6
2
19;to bm
1
0
0
0
6
14
61
13
12
57
11
13;to nun
0
1
0
0
6
14
61
13
32
58
20
0
50;#11 dn to int
124
1
0
1
20;dn
1
0
0
0
1
52
0
300;#12 p4 dn
144
1
7
3
19;to bm
1
0
0
0
6
38
61
13
12
57
11
21;to bm v sl
1
0
0
0
2
45
44
13;to nun
0
1
0
0
6
38
61
13
32
58
20
2
140;#13 dn nun
18
1
0
0
2
180;#14 up nun
18
0
0
4
7;to p4
1
1
1
1
7
21
22
59
33
61
38
46
6;to p3
1
1
1
1
7
21
22
59
33
61
14
15
5;to p2
1
1
1
1
6
21
22
59
60
5
6
2;to p1
1
1
1
0
6
21
22
59
60
23
24
0
300;#15 p2 dn
104
1
5
2
19;to bm
1
0
0
0
8
5
60
59
4
58
31
57
11
13;to nun
0
1
0
0
6
5
60
59
4
58
20
0
300;#16 p1 dn
68
1
2
2
19;to bm
1
0
0
0
8
23
60
59
4
58
31
57
11
13;to nun
0
1
0
0
6
23
60
59
4
58
20
4
454;#17 dn lem
240
1
0
2
12;to p4
1
1
1
1
4
39
54
47
46
10;to p3
1
1
1
1
4
39
54
50
15
4
500;#18 up lem
240
0
0
0
0
90;#19 dn dep
124
1
0
1
11;
1
0
0
0
1
51
1
8;#20 can dn
124
1
0
0
0
232;#21 p4 sl
144
1
0
1
19;to bm
1
0
0
0
3
37
57
11
3
620;#22 last up ry
88
0
0
0
3
630;#23 1st dn ry
124
1
0
1
8;dn
1
1
1
1
1
63
