0
80
100
100
100
1
80
190
100
100
80
0.4
190
230
100
100
65
0.1
230
250
100
100
50
0.1
280
300
100
100
50
0.1
300
340
100
100
50
0.2
340
360
100
100
50
0.1
360
380
100
100
50
0.1
380
420
100
100
75
0.1
420
520
100
100
90
0.4
90
210
120
120
80
0.1
210
250
120
120
75
0.1
250
280
120
120
75
0.1
280
300
120
120
50
0.1
300
340
120
120
50
0.2
340
360
120
120
70
0.1
360
400
120
120
80
0.1
400
440
120
120
90
0.2
440
540
120
120
80
0.6
148
230
18
100
50
0.4
168
230
18
80
50
0.3
230
250
80
100
30
0.1
280
300
100
80
45
0.1
300
340
80
80
35
0.2
340
360
80
100
25
0.1
230
280
50
50
15
0.1
200
230
20
50
15
0.1
340
360
60
60
15
0.1
360
400
60
100
15
0.1
190
210
100
120
30
0.1
210
230
120
100
25
0.1
230
250
100
120
25
0.1
260
280
100
120
25
0.1
340
360
100
120
25
0.1
400
420
120
100
25
0.1
420
440
100
120
25
0.1
210
230
120
140
50
0.1
280
300
120
140
30
0.1
360
476
140
256
40
0.2
380
496
140
256
40
0.3
380
400
140
120
25
0.1
240
260
140
160
15
0.1
260
300
160
160
15
0.1
230
250
140
140
50
0.1
250
300
140
140
50
0.2
300
340
140
140
50
0.2
340
360
140
140
35
0.1
230
230
50
80
15
0.1
360
380
120
140
15
0.1
340
360
120
140
15
0.1
50
90
120
120
80
0.5
0
50
120
120
85
0.7
379
381
140
140
25
0.02
359
361
140
140
30
0.02
360
380
140
140
35
0.05
399
401
120
120
35
0.02
209
211
120
120
50
0.02
229
231
100
100
30
0.02
250
260
100
100
50
0.02
260
280
100
100
50
0.05
279
281
120
120
50
0.02
520
640
100
100
100
0.8
540
640
120
120
100
0.6
360
360
120
120
50
0.02
