CROSS OVER THE RIVER
 2
 0
 0
-2
-2
-2
-2
-2
-2
-2
-2
-2
-2
-2
-2
-2
-2
-2
-2
-2
-2
-2
-2
-2
-2
-2
-2
-2
-2
-2
-2
-2
-2
-2
-2
-2
-2
-2
-2
-2
-2
-2
-2
-2
-2
-2
-2
-2
-2
-2
-2
-2
-2
-2
 24
 24
 24
 24
 24
 24
 24
 24
 24
 24
 24
 24
 24
 24
 24
 24
 24
 24
 8
-1
-1
-1
-1
-1
-1
-1
-1
-1
-1
-1
-1
-1
 12
 24
 24
 5
 5
-1
-1
-1
-1
-1
-1
-1
-1
-1
-1
-1
 2
 10
 24
 24
 24
 24
 24
-1
-1
-1
-1
 17
-1
-1
-1
-1
 24
 24
 24
 24
-2
-2
-2
 24
 24
 24
 24
-1
-1
-1
 24
 24
 24
 24
-2
-2
-2
-2
-2
-2
-2
-2
-2
-2
 24
 24
 24
-2
-2
-2
-2
-2
-2
-2
-2
-2
-2
-2
-2
-2
-2
-2
-2
-2
-2
-2
-2
-2
-2
-2
-2
-2
-2
-2
-2
-2
-2
-2
-2
-2
-2
-2
-2
-2
-2
-2
-2
-2
-2
