OVER THE HILL
 2
 1
 5
-2
-2
-2
-2
-2
-2
-2
-2
-2
-2
-2
-2
-2
-2
-2
-2
-2
-2
 24
 24
 24
 24
 24
 24
 24
 24
 24
 24
 24
 24
 24
 24
-2
-2
-2
 24
-1
-1
-1
-1
-1
-1
 8
-1
-1
-1
-1
-1
 24
-2
-2
-2
 24
-1
-1
-1
-1
 2
 24
 24
-1
-1
-1
-1
-1
 24
-2
-2
-2
 24
-1
-1
-1
 13
 24
 24
 24
 24
 3
-1
-1
-1
 24
-2
-2
-2
 24
-1
-1
-1
 1
 24
 24
 24
 24
 1
-1
-1
-1
 24
-2
-2
-2
 24
-1
-1
-1
 24
 24
 24
 24
 24
 24
-1
-1
-1
 24
-2
-2
-2
 24
 1
-1
 24
 24
 24
 24
 24
 24
 24
 24
-1
 4
 24
-2
-2
-2
 24
 24
 24
 24
 24
 24
 24
 24
 24
 24
 24
 24
 24
 24
-2
-2
-2
-2
-2
-2
-2
-2
-2
-2
-2
-2
-2
-2
-2
-2
-2
-2
-2
-2
-2
-2
-2
-2
-2
-2
-2
-2
-2
-2
-2
-2
-2
-2
-2
-2
-2
