IN THE TREES
 2
 0
 0
-2
-2
-2
-2
 24
 24
 24
 24
 24
 24
 24
 24
 24
-2
-2
-2
-2
-2
-2
-2
-2
 24
-1
-1
-1
 5
-1
-1
-1
 24
-2
-2
-2
-2
-2
-2
-2
-2
 24
-1
-1
 2
 24
-1
-1
-1
 24
-2
-2
-2
-2
-2
-2
-2
-2
 24
-1
-1
 24
 24
 24
 13
-1
 24
-2
-2
-2
-2
-2
-2
-2
-2
 24
-1
-1
 24
 24
 24
 2
-1
 24
-2
-2
-2
-2
-2
-2
-2
-2
 24
-1
 24
 24
 24
 24
 24
-1
 24
-2
-2
-2
-2
-2
-2
-2
-2
 24
-1
 24
 24
 24
 24
 24
-1
 24
-2
-2
-2
-2
-2
-2
-2
-2
 24
-1
-1
 24
 24
 24
-1
-1
 24
-2
-2
-2
-2
-2
-2
-2
-2
 24
-1
-1
-1
 24
-1
-1
-1
 24
-2
-2
-2
-2
-2
-2
-2
-2
 24
 5
-1
-1
 24
 9
-1
-1
 24
-2
-2
-2
-2
-2
-2
-2
-2
 24
 24
 24
 24
 24
 24
 24
 24
 24
-2
-2
-2
-2
-2
