FOREST TRAIL
 2
 2
 5
 24
 24
 24
-2
-2
-2
-2
-2
-2
-2
-2
-2
-2
-2
-2
-2
-2
 24
-1
 24
-2
-2
-2
-2
-2
-2
-2
-2
-2
-2
 24
 24
 24
 24
 24
-1
 24
-2
 24
 24
 24
 24
 24
-2
-2
-2
-2
 24
-1
 11
 24
 24
 1
 24
 24
 24
-1
 2
-1
 24
-2
-2
-2
-2
 24
-1
 24
 24
 24
 15
-1
-1
-1
-1
 24
-1
 24
 24
 24
 24
 24
 24
-1
 24
-2
 24
 24
 24
 24
 24
 24
 24
-1
 24
 24
-1
-1
 9
 9
-1
 24
-2
-2
-2
-2
-2
-2
 24
-1
-1
 24
 24
-1
 24
 24
 24
 24
 24
-2
-2
-2
-2
-2
-2
 24
-1
 24
 24
 24
-1
 24
-2
-2
-2
-2
-2
-2
-2
-2
-2
-2
 24
-1
-1
 3
-1
 13
 24
-2
-2
-2
-2
-2
-2
-2
-2
-2
-2
 24
 24
 24
 24
 24
 24
 24
-2
-2
-2
-2
-2
-2
-2
-2
-2
-2
-2
-2
-2
-2
-2
-2
-2
-2
-2
-2
-2
-2
-2
