JUNGLE PASS
 2
 3
 5
-2
-2
-2
-2
-2
-2
-2
-2
-2
-2
-2
-2
-2
-2
-2
-2
-2
-2
-2
-2
-2
-2
-2
-2
-2
-2
-2
-2
-2
-2
-2
-2
-2
-2
-2
-2
-2
-2
-2
-2
-2
-2
-2
-2
-2
-2
-2
-2
-2
-2
-2
 24
 24
 24
 24
 24
 24
 24
 24
 24
 24
 24
 24
 24
 24
 24
 24
 24
 24
 1
-1
-1
-1
-1
-1
-1
-1
 24
-1
 24
-1
 24
-1
-1
 24
 24
 2
 0
-1
-1
-1
 4
-1
 15
-1
-1
-1
-1
 6
-1
-1
 24
 24
 24
 24
 1
 8
 3
 24
-1
 24
 24
 24
 24
 3
 24
 24
-1
 24
-2
-2
 24
 24
 24
 24
 24
 24
 24
-2
-2
 24
 24
 24
 24
 24
 24
-2
-2
-2
-2
-2
-2
-2
-2
-2
-2
-2
-2
-2
-2
-2
-2
-2
-2
-2
-2
-2
-2
-2
-2
-2
-2
-2
-2
-2
-2
-2
-2
-2
-2
-2
-2
-2
-2
-2
-2
-2
-2
-2
-2
-2
-2
-2
-2
-2
-2
-2
-2
