Introduction
9 3
10 0  0  0  0  10 10 10 10
10 10 0  10 10 0  10 10 10
10 2  10 0  0  0  0  0  9

There is really only 1 path
8 8
10 10 0  10 10 10 10 0
0  10 10 0  0  10 0  0
10 10 0  10 10 0  10 10
10 0  10 10 0  10 0  10
10 10 10 0  0  10 0  10
0  2  10 10 9  0  0  10
10 10 10 10 10 0  0  10
10 10 10 10 10 0  10 10

A bit more tricky
10 4
2 10 0 10 0 10 10 0 0 10
10 0 10 0 0 10 0 10 10 0
0 10 0 10 10 0 10 0 10 9
0 0 0 10 0 0 0 0 0 10

The first catch
8 7
2  10 0  10 10 10 10 10
10 10 10 0  10 10 10 10
0  0  0  10 0  0  0  10
10 10 10 0  10 10 10 9
0  0  0  0  10 10 0  10
0  10 10 10 0  10 0  10
10 0  10 0  0  0  0  10

Checkerboard
6 5
0 10 0 10 0 10
2 0 10 0 10 0
0 10 0 10 0 10
10 0 10 0 10 9
0 10 0 10 0 10

Tricky tricky
10 10
0  10 0  10 0  10 0  10 10 0
10 9  10 0  10 0  10 10 0  10
0  10 0  10 0  10 0  10 0  10
10 0  10 0  10 0  0  10 0  0
0  10 0  10 0  10 0  10 0  10
0  10 0  0  10 0  10 0  10 0
10 0  10 10 0  0  10 10 0  0
0  10 10 0  0  10 10 0  10 0
0  0  0  10 0  10 2  0  10 10
10 0  0  10 0  10 0  10 0  10

The Labyrinth
10 8
0  0  0  10 0  0  0  10 10 10
10 0  10 10 10 10 0  0  10 10
0  10 10 10 2  10 0  10 10 10
0  0  0  10 10 0  0  0  10 10
10 0  10 0  10 10 10 10 10 10
10 10 0  0  0  0  10 0  10 10
10 10 0  10 10 0  10 10 0  9
10 0  0  0  0  0  0  10 0  10

So close...no matter how far
8 9
10 10 0  0  0  10 0  10
10 10 0  10 0  0  10 10
0  0  10 0  10 0  0  0
10 10 0  0  10 10 0  0
0  0  10 0  10 10 0  10
0  10 0  10 0  10 10 0
10 0  10 0  10 0  10 10
0  0  0  10 0  9  10 2
10 0  10 10 10 10 10 10

Something Wicked this way comes
9 11
0  0  10 0  10  0  10 0  10
0  10 0  10 0   10 0  0  0
0  0  0  0  0   10 10 0  0
10 2  10 0  10  10 0  0  10
0  0  0  10 10  0  10 10 0
0  10 0  10 10  10 0 10  0
10 0  0  10 0   0  10 0  0
10 0  10 10 10  10 0  10 10
0  0  10 0  10  0  10 10 0
10 10 10 10 0   10 0  10 10
10 10 10 10 10   9  0 10 10

Bert was proud of this level
10 10
10 10  0 10  0  0  0 10  0  0
 0 10 10 10 10  0 10 10  0 10
10  0 10  0  0  0 10  0  0  0
 0 10  0 10  0 10  0 10  0  0
 0  0 10 10 10 10 10  0  0  0
 0 10 10 10  0  9  0 10  0  0
 0 10  0  0 10 10 10 10 10 10
 0  0 10 10 10  0 10  0  0 10
 0 10  2 10 10 10  0 10 10 10
 0 10  0  0 10  0  0 10 10 10

Introducing unmovable blocks
12 12
10  0 10 10 10  0 10  0 10  0 10  0
 0 10  0 10  0 10  0  0 10  0  0  0
10  0 10  0 10 10 10  0 10  0 10 10
 0 11  0 10  0  0  0  0 10 10 10  0
 0  0 10 10 10  0 11 10  0  0  0 10
 0  0  0 10 10 10  0  0  0 10  0  0
10 10 11  0 10 10 11  0 10 10 11 10
 2  0  0  0 10  0 10 10 10  0  0  0
10 10 10 10  0 10  0 10  0 10  0  0
 0 10  0  0 10 10  0 10  0 10 11  0
10  0 10  0  0  0 11  0  0 10  0  9
 0 10 10  0 10  0 10 10 10  0 10  0

We're Jammin'
7 10
11 11 11 11 0  0  0
2  11 11 0  0  0  0
0  11 0  10 0  11 0
0  11 9  0  10 0  0
0  11 11 0  11 11 0
0  0  10 10 10 0  0
0  0  0  0  11 11 10
0  11 11 10 10 0  0
0  11 11 0  10 0  0
0  0  10 0  0  0 11

Oh for a jackhammer
16 10
0  0  0  10 0  10 0  0  10 10 0  0  0  10 0  0
10 0  10 0  10 0  0  0  10 0  0  0  10 0  10 0
0  10 0  10 0  0  0  10 10 0  10 0  0  11 10 0
0  11 10 10 10 11 10 10 10 11 10 10 11 0  0  0
0  0  10 0  0  0  0  0  0  10 0  0  0  0  11 10
10 0  0  11 10 0  10 11 0  11 0  0  10 0  11 0
0  10 10 0  10 10 10 0  10 10 10 10 10 11 0  9
2  0  0  0  0  10 0  0  0  0  0  0  0  0  0  11
10 10 10 11 11 0  11 11 11 11 11 11 11 11 0  0
0  0  0  0  0  0  10 0  0  0  0  0  0  0  0  0

Back to square one
15 15
0  0  10 0  0  10 10 10 10 0  10 0  0  0  0
0  0  10 0  10 0  10 0  10 0  10 0  10 0  0
10 10 0  10 10 0  10 0  0  10 0  10 10 0  0
0  2  11 0  0  0  10 10 10 11 0  10 0  10 0
10 10 0  10 11 0  0  0  0  10 10 0  10 0  11
0  10 11 0  10 10 10 10 10 10 10 10 0  10 0
0  10 0  0  10 10 0  10 10 10 10 10 10 0  0
0  0  10 0  11 0  10 0  0  0  0  11 0  10 0
0  10 10 0  0  0  0  0  0  0  10 0  10 0  0
0  10 10 0  11 10 10 10 10 10 10 10 0  10 10
0  0  0  0  0  0  10 10 0  10 10 10 10 10 10
10 10 10 10 10 0  10 0  10 0  0  0  10 0  10
10 10 10 0  10 10 0  10 0  0  0  10 0  0  0
0  0  0  10 10 0  10 10 10 10 10 10 10 0  10
9  10 0  0  0  10 0  0  0  0  0  0  0  0  10

Introducing teleports
8 4
2  0  10 0  0  0  5  0
10 10 10 10 0  0  0  0
10 10 10 10 10 10 10 10
5  0  0  0  0  0  0  9

Elen the first
14 8
0  10 10 10 10 10 10 10 10 10 10 10 10 10
0  5  0  0  0  0  0  10 2  11 10 11 9  11
0  10 11 10 11 11 11 10 10 10 5  10 0  10
10 0  11 0  10 0  0  0  10 11 10 10 0  0
0  0  11 0  0  0  10 0  0  11 0  11 11 11
0  0  0  11 11 11 11 10 10 11 10 11 11 11
0  10 0  0  0  10 0  0  0  10 0  0  10 0
0  0  0  10 0  0  10 0  0  0  10 10 0  0

The obvious may deceive
13 13
5  0  10 0  10 0  0  0  0  10 0  10 0
11 0  10 10 0  10 10 10 0  10 10 0  10
0  0  0  10 0  10 0  0  10 10 0  10 0
0  10 0  0  10 10 10 10 0  10 0  10 10
0  10 0  10 0  0  10 0  0  0  10 10 0
0  10 0  0  11 10 0  10 0  10 0  11 0
0  0  0  0  10 2  0  11 5  0  11 0  10
0  10 0  10 11 0  10 0  10 10 0  10 0
0  11 0  11 0  10 0  0  10 0  10 0  10
10 0  11 0  11 0  10 0  11 0  0  10 0
0  10 0  10 0  10 0  11 0  0  0  10 0
0  0  10 0  0  10 10 10 10 0  10 10 10
0  0  0  0  0  0  0  0  0  0  0  0  9

Hugo's House of Horrors
10 10
2  0  10 0  0  0  0  0  0  9
10 10 0  10 11 11 10 0  10 0
0  10 0  10 11 11 10 0  10 10
10 0  0  11 10 10 0  10 0  0
0  10 10 0  10 10 10 0  10 10
10 0  0  10 10 0  0  0  0 11
0  10 10 0  10 10 0  11 10 0
0  0  0  10 0  10 10 0  10 0
0  0  0  10 10 10 10 0  0  10
5  10 10 10 10 10 10 10 10 5

Spiral
20 20
0  10 0  10 0  0  0  10 0  0  0  10 0  0  0  0  10 10 10 9
10 10 0  0  0  10 0  10 0  10 0  10 0  10 0  10 0  0  10 0
0  11 0  0  10 0 10  0  0  10 0  10 10 0  10 0  10 0  10 0
0  11 0  10 0  10 0  10 0  10 0  0  0  0  0  10 0  10 10 0
0  11 0  10 0  10 0  10 10 0  11 11 0  11 10 10 10 0  10 0
10 0  10 0  0  10 0  10 10 10 0  0  11 11 0  10 0  10 10 0
10 0  0  0  10 0  11 0  0  0  10 0  0  0  10 11 0  0  10 5
10 10 0  10 10 11 0  0  11 10 0  10 11 0  10 10 0  10 0  10
0  11 0  0  0  11 0  10 10 0  10 10 10 0  10 0  10 0  10 0
0  0  11 10 0  10 0  10 0  10 2  10 0  10 0  10 10 10 0  10
10 0  0  10 0  10 10 0  10 10 10 0  10 0  0  0  10 0  10 0
0  10 0  0  0  10 11 0  11 10 0  10 11 11 0  11 10 0  11 5
10 0  10 11 11 10 10 0  0  0  10 0  0  0  11 0  0  0  10 0
0  10 0  10 10 0  0  11 10 10 0  11 0  0  0  10 10 0  11 0
10 0  0  0  0  10 0  10 10 11 11 0  11 10 0  0  10 10 0  0
10 10 10 11 11 11 0  0  0  10 0  0  0  10 11 0  10 10 10 0
0  0  0  11 0  10 0  10 0  10 10 0  10 0  0  11 0  0  0  10
10 0  0  10 0  0  0  10 0  10 10 0  0  10 0  10 0  0  10 0
10 0  0  11 0  10 0  0  0  0  0  0  10 11 0  0  10 0  10 0
0  10 0  0  0  0  10 0  10 10 0  0  10 0  0  10 0  0  0  0

Keep the backdoor unlocked
20 17
0  0  0  0  0  0  0  0  0  11 0  0  11 0  9  0  0  0  0  0
0  11 11 11 11 11 11 0  10 0  11 0  10 10 10 10 10 10 10 0
0  11 0  0  10 0  2  11 0  0  10 0  0  10 0  10 0  10 0  0
0  0  11 0  11 11 11 0  10 0  10 11 0  0  0  10 0  11 0  0
0  11 0  0  10 0  0  10 0  10 0  0  10 11 11 0  0  0  11 10
0  0  11 11 11 0  11 0  0  10 0  0  10 0  0  11 11 0  0  0
0  11 0  0  10 0  0  11 11 10 0  10 0  10 0  0  10 0  11 0
0  0  11 0  11 11 11 0  0  11 0  0  10 0  10 0  11 0  0  0
0  11 10 0  10 0  0  10 0  11 11 11 11 11 0  11 0  0  10 0
0  0  11 11 11 0  11 0  0  11 0  0  0  0  11 0  10 0  0  10
0  00 0  0  11 0  0  0  0  0  0  0  10 0  0  11 0  0  11 11
00 10 11 10 11 11 11 11 11 11 11 11 0  11 0  0  11 0  10 0
10 00 11 0  0  0  0  0  0  00 11 0  0  11 10 0  0  10 10 0
5  10 00 0  00 0  00 00 00 0  0  00 11 0  11 11 11 11 0  0
11 0  11 5  11 0  10 11 00 10 10 10 00 0  11 0  0  0  0  0
0  10 0  0  11 0  0  10 0  10 10 00 11 0  0  0  10 0  11 0
11 11 11 11 11 11 11 11 00 11 11 11 00 11 11 11 11 11 11 11

Purple Brain
15 12
0  0  0  0  10 0  0  11 0  10 0  10  0  10 0
0  11 0  10 0  10 5  10 0  0  0  0  11 5  10
10 10 0  10 11 0  11 0  10 10 11 10 0  0  0
0  10 11 0  0  10 0  9  0  0  0  10 0  10 10
10 0  0  10 0  10 10 0  11 10 0  11 0  0  10
0  0  10 0  10 0  10  0 10 0  10 11 10 0  10
10 10 0  10 0  11 0  10 0  10 0  10 0  0  10
0  0  0  11 0  10 10 10 10 0  10 0  0  10 11
0  0  10 10 0  0  0  11 0  10 11 10 11 10 0
0  10 0  0  11 0  10 10 0  0  10 0  0  10 0
0  10 10 0  10 0  10 0  10 0  0  10 0  2  0
0  10 0  0  10 0  0  0  10 10 10 0  10 10 0

And this way and that way
20 10
11 2  0  0  0  0  0  0  0  0  0  5  11 10 0  0  0  0  10 9
11 10 0  0  0  10 10 10 11 11 10 11 11 0  0  0  0  0  10 0
11 0  11 11 11 10 10 10 0  0  10 0  0  10 0  0  11 11 10 0
11 0  0  10 0  0  0  0  0  0  0  0  10 0  0  10 10 0  10 0
11 0  11 11 10 10 10 10 11 11 10 11 11 11 0  0  10 0  10 0
11 0  0  0  0  0  0  0  0  0  0  10 0  5  11 10 0  0  10 0
11 0  11 11 10 10 10 10 10 10 10 10 10 11 0  0  10 10 10 0
0  0  0  0  10 0  0  0  0  0  0  0  0  0  0  0  0  0  0  0
11 0  11 11 10 10 10 10 10 10 10 10 10 10 10 10 10 10 10 0
11 0  0  0  0  0  0  0  0  0  0  0  0  0  0  0  0  0  0  10

Get myself the breaks
20 20
0  0  0  11 0  0  0  0  0  0  0  0  0  0  0  0  0  0  0  0
0  0  0  11 0  11 0  0  11 0  0  11 11 11 11 0  0  0  0  0
0  10 0  11 0  11 0  0  0  0  11 0  0  0  0  11 11 10 11 11
11 11 0  11 0  11 11 11 10 11 11 10 11 11 0  0  11 0  0  0
2  0  0  11 0  11 0  11 0  0  11 0  0  0  11 0  11 0  0  0
11 11 0  0  0  11 0  11 0  11 11 0  11 0  11 0  11 0  0  0
0  10 0  0  0  10 0  0  0  0  0  0  11 0  11 0  11 0  0  0
0  10 0  0  0  11 0  11 11 0  11 0  0  0  11 0  0  0  0  0
11 11 11 0  0  11 11 11 11 10 11 10 11 11 11 0  11 0  0  0
0  0  11 0  0  11 0  0  11 0  11 0  0  0  11 0  11 0  0  0
0  0  11 0  0  11 0  0  0  0  11 0  11 5  11 0  0  0  0  0
11 11 0  0  0  11 0  11 11 11 11 10 11 11 11 11 11 0  0  0
11 11 0  11 10 10 0  0  0  0  0  0  0  0  0  0  0  0  11 0
11 11 0  0  0  11 11 11 11 11 11 11 11 11 11 11 11 0  11 11
11 11 11 0  0  11 0  11 0  11 0  11 11 5  11 11 11 0  11 9
11 11 11 0  0  11 11 11 11 11 11 11 11 10 11 11 11 0  11 0
11 11 11 0  0  10 0  0  0  0  0  0  0  0  0  0  0  0  11 0
11 11 11 0  11 11 11 11 11 11 11 0  0  11 11 0  11 0  11 0
11 11 11 0  0  0  0  0  0  0  0  11 0  0  0  0  11 0  0  0
11 11 11 0  0  0  0  0  0  0  0  11 11 11 11 11 11 11 0  0

XXXXops
20 13
2  11 11 11 11 11 11 11 11 11 11 11 11 11 11 11 11 11 11 11
0  11 0  0  0  0  0  0  11 0  0  0  0  0  0  0  11 0  0  11
0  11 0  11 11 0  11 11 11 0  11 11 11 0  11 11 0  11 11 11
0  0  10 0  0  0  10 0  11 0  0  0  11 0  11 0  0  0  9  11
0  11 10 11 0  11 10 11 0  10 10 10 10 0  10 10 10 10 11 11
0  0  0  10 0  10 0  0  0  10 0  11 10 0  10 0  0  10 0  11
0  0  0  11 10 11 0  11 0  10 0  5  10 0  10 10 10 10 0  11
0  0  0  10 0  10 0  11 0  10 0  11 10 0  10 11 0  0  0  11
0  0  10 0  0  11 10 0  0  10 0  0  10 0  10 0  11 0  0  11
0  0  10 0  11 0  10 0  0  10 10 10 10 11 10 0  0  0  11 11
0  11 11 11 11 0  0  11 11 11 11 0  0  11 5  11 11 11 11 11
0  11 5  0  0  0  11 0  0  0  0  0  0  0  0  0  11 0  0  11
11 11 11 11 11 11 11 11 11 11 11 11 11 11 11 11 11 11 11 11

XXXXops parallel universe
20 13
2  0  0  10 0  10 0  0  0  0  10 0  0  0  10 0  9  0  10 0
10 0  10 10 0  10 10 10 10 0  10 10 10 10 10 10 0  10 0  10
0  0  10 0  0  0  0  0  10 0  10 0  10 0  0  10 10 0  10 0
0  10 11 0  10 0  11 0  10 0  0  10 0  0  10 0  10 10 0  10
10 0  11 0  0  0  11 10 0  11 11 11 11 0  11 11 11 11 10 0
0  0  10 11 0  11 0  0  0  11 0  0  11 0  11 0  0  11 0  0
10 10 0  0  11 0  0  10 0  11 0  0  11 0  11 11 11 11 10 0
0  0  0  11 5  11 0  10 10 11 0  0  11 0  11 10 0  10 10 0
0  10 11 10 0  10 11 0  0  11 0  0  11 0  11 0  10 0  10 0
10 0  11 0  0  0  11 10 10 11 11 11 11 0  11 10 0  10 10 0
0  0  10 10 10 10 10 10 0  0  0  10 10 0  10 10 0  10 10 0
0  10 0  0  0  0  0  0  0  0  0  0  0  0  0  0  0  0  0  0
0  0  10 0  10 0  10 0  0  0  0  0  0  10 5  0  0  10 10 10

No, not the breaks again!!
16 20
0  0  0  0  0  0  0  0  0  0  0  0  0  0  0  0
0  0  0  0  0  0  0  0  10 0  0  0  0  0  0  0
0  0  0  0  0  0  0  0  0  0  0  0  0  0  0  0
0  0  11 0  0  0  2  0  10 0  0  0  0  0  0  0
0  0  0  0  0  0  0  0  10 0  0  0  0  0  0  0
0  0  0  0  0  0  0  0  0  0  0  0  0  0  0  0
0  0  0  0  11 0  0  0  0  0  0  0  0  0  0  0
0  0  0  0  0  0  0  0  0  0  0  10 0  0  0  0
0  0  0  0  0  0  0  11 0  0  0  0  0  0  0  0
0  0  0  0  0  0  0  0  0  0  0  11 0  0  0  0
0  0  0  0  0  11 0  0  0  0  0  0  0  0  0  0
0  0  0  0  0  0  0  0  0  0  0  0  0  0  5  0
0  0  0  11 0  0  0  0  0  0  0  0  0  0  0  11
0  0  0  0  11 0  0  0  0  10 0  0  0  0  0  0
11 11 11 11 11 10 11 11 11 10 0  11 0  0  11 0
11 0  0  0  0  0  11 5  11 0  11 0  11 11 11 0
11 0  0  0  0  0  11 11 11 0  11 0  0  11 0  0
11 0  0  0  11 0  10 0  11 0  11 0  0  11 0  0
11 0  0  0  0  0  11 0  0  0  0  0  0  10 0  0
11 11 11 11 11 9  11 0  0  10 0  0  0  11 0  0

Like XXXXop out of the ashes
20 13
2  11 0  0  0  0  0  11 0  5  11 11 0  0  0  0  0  0  11 11
0  0  11 0  0  11 11 0  0  11 0  0  10 0  0  0  0  11 0  9
0  10 0  11 11 0  10 0  11 11 0  11 0  11 0  0  0  11 0  11
11 0  10 11 0  11 0  10 0  11 0  10 0  10 0  0  0  0  10 5
0  0  10 0  11 0  0  0  10 0  0  10 11 11 10 0  11 11 0  5
11 11 0  0  10 11 0  11 0  11 11 10 0  0  10 0  0  10 10 10
0  0  10 10 0  0  11 11 0  0  11 10 11 0  10 11 0  10 0  10
0  0  0  11 11 0  10 0  0  11 11 10 0  11 10 0  10 0  11 10
11 0  10 11 11 0  0  11 0  0  11 0  10 0  10 0  0  10 10 10
0  0  11 11 0  0  10 0  0  11 11 0  11 0  11 11 0  10 11 0
11 0  0  0  11 0  0  11 0  0  11 0  11 10 0  10 0  0  11 0
0  11 0  0  0  10 11 0  11 0  0  10 0  0  11 11 11 0  0  0
0  0  0  0  0  0  0  0  11 0  0  0  11 11 0  0  0  0  0  0

Back and forth and...
20 13
0  0  10 0  0  0  0  0  0  0  0  0  10 0  0  0  0  10 0  0
0  0  10 10 11 10 11 0  11 10 0  10 0  10 9  11 10 10 0  0
0  0  0  11 0  0  10 10 0  10 11 0  0  11 0  0  10 0  10 10
0  10 11 0  10 0  0  0  11 0  0  10 10 0  11 0  10 10 0  0
10 10 0  10 0  10 0  11 0  11 10 0  0  0  10 10 0  10 0  0
0  10 0  0  0  0  0  0  5  10 0  10 0  10 0  10 10 0  10 0
0  11 10 0  10 11 11 0  11 0  10 10 10 10 11 0  10 0  11 0
0  11 0  11 11 0  0  10 5  11 0  0  10 10 0  10 0  10 10 0
0  0  0  0  10 0  11 0  0  11 0  0  0  0  10 10 10 0  10 0
0  10 11 0  0  11 0  0  11 10 11 11 10 10 10 0  0  10 10 0
0  10 0  10 0  11 0  11 0  10 0  0  0  0  0  0  0  0  0  0
0  0  0  10 0  10 0  0  0  10 0  10 10 0  10 10 0  10 10 0
0  10 0  10 0  11 2  0  10 10 0  0  0  10 0  0  0  0  0  0

Oh, break it up
16 20
0  0  0  0  0  0  0  0  0  0  0  0  0  0  0  0
0  0  0  0  0  0  0  0  10 0  0  0  0  0  0  0
0  0  0  0  0  0  0  0  0  0  0  0  0  0  0  0
0  0  11 0  0  0  2  0  10 0  0  0  0  0  0  0
0  0  0  0  0  0  0  0  10 0  0  0  0  0  0  0
0  0  0  0  0  0  0  0  0  0  0  0  0  0  0  0
0  0  0  0  11 0  0  0  0  0  0  0  0  0  0  0
0  0  0  0  0  0  0  0  0  0  0  10 0  0  0  0
0  0  0  0  0  0  0  11 0  0  0  0  0  0  0  0
0  0  0  0  0  0  0  0  0  0  0  11 0  0  0  0
0  0  0  0  0  11 0  0  0  0  0  0  0  0  0  0
0  0  0  0  0  0  0  0  0  0  0  0  0  0  5  0
0  0  0  11 0  0  0  0  0  0  11 0  0  0  0  11
0  0  0  0  11 0  0  0  0  10 0  0  0  0  0  0
11 11 11 11 11 10 11 11 11 10 0  11 0  0  11 0
11 0  0  0  0  0  11 5  11 0  11 0  11 0  11 0
11 0  0  0  0  0  11 11 11 0  11 0  0  11 0  0
11 0  0  0  11 0  10 0  11 0  11 0  0  11 0  0
11 0  0  0  0  0  11 0  0  0  0  0  0  10 0  0
11 11 11 11 11 9  11 0  0  10 0  0  0  11 0  0

Plug and play
20 18
10 0  0  10 0  0  0  10 0  0  10 0  10 0  0  10 10 0  10 10
0  10 0  11 10 0  0  0  10 0  10 0  0  10 0  0  10 10 10 0
10 0  10 11 11 0  10 11 11 11 11 11 0  0  11 10 0  10 0  0
0  10 0  0  0  0  11 0  0  0  0  0  11 0  0  11 0  0  10 0
0  0  11 11 10 11 11 10 0  11 11 0  11 11 0  0  10 10 0  10
11 10 10 10 0  11 0  10 0  0  0  0  10 0  0  11 0  0  10 0
0  0  0  0  0  11 0  0  11 11 0  11 11 11 0  11 0  10 10 0
10 10 10 0  0  11 11 0  11 0  0  11 11 11 0  11 10 0  10 10
0  0  10 11 0  10 0  10 0  11 10 0  10 0  0  10 0  0  0  9
0  10 0  0  0  11 0  11 0  0  0  11 11 11 10 11 10 0  10 0
10 0  10 0  0  11 0  0  0  0  0  0  0  0  0  11 10 0  10 0
0  0  10 11 0  0  11 11 11 11 11 11 0  0  11 10 10 10 10 0
0  10 0  10 11 0  10 0  0  10 10 10 2  11 5  10 0  0  0  0
0  10 0  10 0  11 10 0  10 0  10 0  10 5  11 0  0  10 10 0
10 0  10 10 10 11 0  0  10 0  10 0  10 0  0  11 0  10 10 0
0  10 10 0  0  0  11 10 10 10 0  10 0  11 11 0  10 0  10 0
0  0  10 10 0  10 0  0  10 0  0  11 11 11 0  10 0  10 0  0
10 10 10 0  11 11 0  10 0  0  0  10 0  0  0  0  0  0  0  0

END
