0
0
0
0
0
0
3
0
1
0
2
1
0
0
0
0
0
0
0
0
0
0
0
0
0
0
0
0
0
0
0
0
0
0
0
0
3
0
1
0
2
1
0
0
0
0
0
0
0
0
0
0
0
0
0
0
0
0
0
0
0
0
0
0
0
0
3
0
1
0
2
1
0
0
0
0
0
0
0
0
0
0
0
0
0
0
0
0
0
0
0
0
0
0
0
0
3
0
1
0
2
1
0
0
0
0
0
0
0
0
0
0
0
0
0
0
0
0
0
0
0
0
0
0
0
0
3
0
1
0
2
1
0
0
0
0
0
2
4
2
4
6
4
6
4
6
4
6
4
1
0
0
0
0
0
0
3
0
1
0
2
1
0
0
0
0
3
0
1
0
1
0
1
0
1
0
1
0
1
0
0
0
0
0
0
0
3
0
1
0
8
6
4
6
4
6
9
1
1
0
11
4
5
3
5
3
10
0
1
0
0
0
0
0
0
0
3
0
1
0
1
0
1
0
1
0
1
0
1
0
2
0
0
0
0
0
3
0
1
0
0
0
0
0
0
0
0
7
7
7
7
5
7
5
7
5
7
5
7
1
0
1
0
0
0
0
3
0
1
0
0
0
0
0
0
0
3
0
1
0
1
0
1
0
1
0
1
0
1
0
2
1
0
0
0
0
3
0
1
0
0
0
0
0
0
0
3
0
1
0
11
4
5
3
5
3
10
0
1
0
8
6
4
6
4
6
9
1
1
0
0
0
0
0
0
0
3
0
1
0
2
1
0
0
0
0
3
0
1
0
1
0
1
0
1
0
1
0
1
0
0
0
0
0
0
0
3
0
1
0
2
1
0
0
0
0
0
3
5
3
5
3
5
3
5
3
5
3
5
0
0
0
0
0
0
0
3
0
1
0
2
1
0
0
0
0
0
0
0
0
0
0
0
0
0
0
0
0
0
0
0
0
0
0
0
0
3
0
1
0
2
1
0
0
0
0
0
0
0
0
0
0
0
0
0
0
0
0
0
0
0
0
0
0
0
0
3
0
1
0
2
1
0
0
0
0
0
0
0
0
0
0
0
0
0
0
0
0
0
0
0
0
0
0
0
0
3
0
1
0
2
1
0
0
0
0
0
0
0
0
0
0
0
0
0
0
0
0
0
0
0
0
0
0
0
0
3
0
1
0
2
1
0
0
0
0
0
0
0
0
0
0
0
0
0
0
0
0
0
0
0
0
