0
0
3
0
1
0
1
0
2
1
0
0
0
0
0
0
3
0
1
0
8
0
0
1
0
0
3
0
1
0
0
0
0
3
10
0
1
0
2
1
0
0
0
0
0
0
0
3
10
0
1
0
8
0
0
1
3
0
1
0
0
0
0
0
3
0
1
0
2
1
0
0
0
0
0
2
4
0
0
4
10
0
1
0
2
2
9
0
1
0
0
0
0
0
3
0
1
0
2
0
0
0
0
0
3
0
1
0
2
1
0
3
5
0
3
0
1
0
1
0
0
0
0
0
0
7
7
0
0
6
4
2
4
1
3
1
1
0
2
1
0
2
4
0
0
4
10
0
1
0
0
0
0
0
3
0
1
0
6
1
1
0
1
0
6
0
1
0
2
0
3
0
1
0
2
0
3
0
1
0
0
0
0
0
3
0
1
0
8
3
5
5
7
0
0
4
5
0
0
0
0
3
5
2
4
0
3
1
1
0
0
0
0
0
0
3
10
0
1
0
6
0
1
0
2
0
0
2
4
0
0
1
3
0
1
0
14
1
1
0
0
0
0
0
0
0
0
3
5
0
0
3
5
0
0
0
3
0
1
0
2
1
3
0
1
0
1
0
1
0
0
0
0
0
0
0
0
2
4
0
0
6
4
0
0
1
3
0
1
0
2
0
3
0
1
0
1
0
1
0
0
0
0
0
0
2
9
0
1
0
6
0
1
0
2
0
0
3
5
0
0
0
3
0
1
0
15
0
1
0
0
0
0
0
3
0
1
0
11
6
4
7
7
1
0
6
4
0
0
1
0
2
4
3
5
1
3
0
1
0
0
0
0
0
3
0
1
0
6
0
1
0
1
0
6
0
1
0
2
1
3
0
1
0
2
0
3
0
1
0
0
0
0
0
0
7
7
0
0
4
5
3
5
0
3
0
1
0
2
1
0
3
5
0
0
2
9
0
1
0
0
0
0
0
3
0
1
0
2
1
0
0
0
0
3
0
1
0
2
0
0
2
4
0
3
1
1
0
1
0
0
0
0
0
3
0
1
0
2
1
0
0
0
0
0
3
5
0
0
2
9
0
1
0
2
3
10
0
1
0
0
0
0
2
9
0
1
0
2
1
0
0
0
0
0
0
0
2
9
0
1
0
11
0
0
0
3
0
1
0
0
0
3
0
1
0
1
0
2
1
0
0
0
0
0
0
3
0
1
0
11
1
0
0
0
0
3
0
1
0
0
0
