0
2
9
0
1
0
6
1
1
0
6
1
1
0
8
0
0
5
7
0
3
1
1
0
2
5
7
0
3
1
3
0
1
0
1
0
6
1
1
0
8
5
13
1
1
0
6
1
1
0
6
1
1
0
6
0
1
0
6
1
0
7
13
0
1
0
6
1
1
0
1
0
1
0
1
0
6
0
1
0
2
5
7
2
9
1
1
0
6
1
3
0
1
0
1
0
8
4
10
1
1
0
12
5
7
1
3
1
1
0
14
1
1
0
1
0
1
0
6
1
0
3
10
0
1
0
1
0
6
0
1
0
1
0
1
0
6
1
1
0
1
0
1
0
15
0
1
0
14
1
0
2
4
7
7
5
7
6
4
5
7
4
10
1
1
0
2
5
7
3
5
5
7
0
3
1
1
0
1
0
3
0
1
0
1
0
1
0
1
0
1
0
6
1
1
0
6
1
1
0
6
1
1
0
8
5
7
5
13
1
0
7
13
0
1
0
1
0
15
0
1
0
6
1
1
0
6
1
1
0
6
1
1
0
1
0
1
0
1
0
3
0
1
0
1
0
11
1
3
0
1
0
6
1
1
0
6
1
1
0
2
4
5
3
5
3
5
3
10
0
0
7
13
0
1
0
2
6
9
0
1
0
6
1
1
0
14
1
1
0
8
1
0
1
0
2
4
0
3
1
3
0
1
0
1
0
6
0
1
0
1
0
6
0
1
0
1
0
1
0
1
0
2
2
9
0
1
0
6
1
0
7
7
7
7
6
4
5
7
4
5
6
9
0
1
0
15
1
1
0
11
6
9
0
1
0
1
0
6
0
3
0
1
0
1
0
1
0
1
0
6
0
1
0
1
0
6
0
1
0
6
0
1
0
1
0
11
0
3
0
0
7
13
0
1
0
1
0
12
1
0
4
5
3
5
2
4
7
7
1
3
1
1
0
11
6
4
0
3
1
3
0
1
0
1
0
1
0
1
0
2
2
4
2
9
1
1
0
1
0
6
1
1
0
6
1
1
0
14
1
0
7
13
0
1
0
11
5
7
0
3
1
1
0
1
0
1
0
1
0
14
1
1
0
6
1
1
0
1
0
3
0
1
0
1
0
6
0
1
0
6
1
1
0
11
4
10
0
1
0
1
0
1
0
6
1
1
0
15
1
0
3
5
7
7
0
3
1
1
0
6
1
1
0
2
1
3
0
1
0
15
0
1
0
6
1
1
0
6
0
0
0
