CARGO BAY CLEAN UP
 0
 0
 0
-2
-2
-2
-2
-2
-2
-2
-2
-2
-2
-2
-2
-2
-2
-2
-2
-2
-2
-2
-2
-2
-2
-2
-2
-2
-2
-2
-2
-2
-2
-2
-2
-2
-2
-2
-2
-2
-2
-2
 24
 24
 24
 24
 24
-2
-2
-2
-2
-2
-2
-2
-2
-2
-2
-2
-2
 24
-1
-1
-1
 24
-2
-2
-2
-2
-2
-2
-2
-2
-2
-2
-2
-2
 24
 1
-1
 15
 24
-2
-2
-2
-2
-2
-2
-2
-2
-2
-2
-2
-2
 24
 3
-1
 12
 24
-2
-2
-2
-2
-2
-2
-2
-2
-2
-2
-2
-2
 24
 5
-1
 2
 24
-2
-2
-2
-2
-2
-2
-2
-2
-2
-2
-2
-2
 24
 24
 24
 24
 24
-2
-2
-2
-2
-2
-2
-2
-2
-2
-2
-2
-2
-2
-2
-2
-2
-2
-2
-2
-2
-2
-2
-2
-2
-2
-2
-2
-2
-2
-2
-2
-2
-2
-2
-2
-2
-2
-2
-2
-2
-2
-2
-2
-2
-2
-2
-2
-2
-2
-2
-2
-2
-2
-2
-2
-2
-2
-2
-2
