BETWEEN
 0
 0
 0
-2
-2
-2
-2
-2
-2
-2
-2
-2
-2
-2
-2
-2
-2
-2
-2
-2
-2
-2
-2
-2
-2
-2
-2
-2
-2
-2
-2
-2
-2
-2
-2
-2
-2
-2
-2
-2
-2
-2
 24
 24
 24
 24
 24
 24
 24
-2
-2
-2
-2
-2
-2
-2
-2
-2
-2
 24
 14
 1
-1
 2
 4
 24
-2
-2
-2
-2
-2
-2
-2
-2
-2
-2
 24
 24
 24
-1
 24
 24
 24
-2
-2
-2
-2
-2
-2
-2
-2
-2
-2
-2
 24
-1
-1
-1
 24
-2
-2
-2
-2
-2
-2
-2
-2
-2
 24
 24
 24
 24
-1
-1
-1
 24
 24
 24
 24
-2
-2
-2
-2
-2
-2
 24
 5
 3
 14
 1
-1
 1
 7
 14
 0
 24
-2
-2
-2
-2
-2
-2
 24
 24
 24
 24
 24
 24
 24
 24
 24
 24
 24
-2
-2
-2
-2
-2
-2
-2
-2
-2
-2
-2
-2
-2
-2
-2
-2
-2
-2
-2
-2
-2
-2
-2
-2
-2
-2
-2
-2
-2
-2
-2
-2
-2
-2
-2
-2
-2
-2
