NUCLEAR REACTION
 2
 0
 0
-2
-2
-2
-2
-2
-2
-2
-2
-2
-2
-2
-2
-2
-2
-2
-2
-2
-2
-2
-2
-2
-2
-2
-2
-2
-2
-2
-2
-2
-2
-2
-2
-2
-2
-2
-2
-2
-2
-2
-2
-2
 24
 24
 24
-2
-2
-2
-2
-2
-2
-2
-2
-2
-2
-2
-2
-2
 24
 24
 24
 24
 24
-2
-2
-2
-2
-2
-2
-2
-2
-2
-2
-2
 24
 24
 15
-1
-1
 24
 24
-2
-2
-2
-2
-2
-2
-2
-2
-2
-2
 24
 3
 10
-1
 3
 6
 24
-2
-2
-2
-2
-2
-2
-2
-2
-2
-2
 24
 1
 11
-1
 0
 12
 24
-2
-2
-2
-2
-2
-2
-2
-2
-2
-2
 24
 15
 2
 6
 2
 5
 24
-2
-2
-2
-2
-2
-2
-2
-2
-2
-2
 24
 24
 24
 24
 24
 24
 24
-2
-2
-2
-2
-2
-2
-2
-2
-2
-2
-2
-2
-2
-2
-2
-2
-2
-2
-2
-2
-2
-2
-2
-2
-2
-2
-2
-2
-2
-2
-2
-2
-2
-2
-2
-2
-2
-2
-2
-2
