10
10
10
10
10
10
10
20
1
1
1
1
1
1
1
1
1
1
1
1
1
1
1
1
1
8
9
9
9
9
9
10
20
1
1
1
19
10
3
0
0
0
0
0
15
15
0
0
0
0
0
9
0
0
0
0
0
9
0
0
0
9
10
3
0
0
0
4
10
3
0
35
0
35
0
15
15
0
11
0
9
36
37
0
14
14
14
0
9
35
0
0
9
10
3
0
12
0
4
10
3
0
0
0
0
0
6
5
0
0
0
36
38
9
0
15
21
16
0
9
0
0
0
9
10
3
0
0
0
4
10
3
0
0
0
0
0
4
3
0
0
0
9
36
37
0
13
13
13
0
9
9
9
28
9
10
17
5
28
6
18
10
3
0
35
0
35
0
4
3
0
0
0
0
0
9
0
0
0
0
0
0
0
9
14
9
10
10
3
14
4
10
10
3
0
0
0
0
0
4
3
0
0
0
0
0
0
0
9
0
0
0
0
0
9
14
9
10
10
3
14
4
10
10
17
2
5
14
14
6
18
17
2
2
2
5
0
6
2
5
0
0
0
0
0
9
14
9
10
10
3
14
4
10
10
10
10
3
14
14
4
10
10
10
10
10
3
26
4
10
3
0
0
0
0
0
9
14
9
10
10
3
14
4
10
10
10
20
8
14
14
7
19
10
10
10
10
3
14
4
10
17
2
2
5
14
14
9
14
9
20
1
8
0
7
1
1
1
8
0
0
0
0
7
1
1
1
1
8
0
7
1
1
1
1
8
0
0
9
14
9
3
0
0
0
0
0
0
0
0
0
0
0
0
27
27
27
27
0
0
36
36
36
36
36
0
23
0
0
9
14
9
3
0
0
0
0
0
6
2
2
2
2
2
2
2
2
2
5
14
6
2
2
2
2
2
2
2
5
0
9
30
9
3
14
14
6
2
2
18
10
10
10
10
10
10
10
20
19
3
14
4
20
1
19
10
10
10
10
3
0
0
0
6
3
14
14
4
10
10
10
10
10
20
1
1
1
19
3
7
8
14
7
8
37
4
10
10
10
10
3
0
0
0
4
3
14
14
4
10
10
10
10
10
3
36
36
38
4
3
10
10
10
10
10
37
4
20
1
1
1
8
9
0
21
4
3
14
14
7
19
10
10
10
10
3
36
21
36
4
3
10
10
10
10
10
6
18
3
11
0
0
0
0
0
0
4
3
0
0
0
7
1
1
1
1
8
36
36
36
4
3
10
10
10
10
10
7
1
8
0
0
35
0
0
0
0
4
3
0
0
0
15
15
15
15
15
27
0
0
0
4
3
10
10
10
10
10
16
16
16
11
0
0
11
0
0
0
4
3
0
0
0
6
2
2
2
2
5
0
0
0
4
3
10
10
10
10
10
16
16
16
0
0
0
0
0
0
0
4
17
2
2
2
18
10
10
10
10
17
2
2
2
18
17
2
2
2
2
2
2
2
2
2
2
2
2
2
2
2
18
