66 59
2 2 2 2 2 2 2 2 2 2 2 2 2 2 2 2 2 2 2 2 2 2 2 2 2 2 2 2 2 2 2 2 2 2 2 2 2 2 2 2 2 2 2 2 2 2 2 2 2 2 2 2 2 2 2 2 2 2 2 2 2 2 2 2 2 2 
2 3 3 3 2 2 2 2 2 2 2 1 1 1 1 1 1 0 0 2 0 0 3 0 0 0 0 0 0 0 0 0 0 0 3 0 0 0 3 0 0 0 0 0 0 0 1 1 1 1 1 2 2 2 2 3 2 2 2 2 2 2 3 3 3 2 
2 3 3 2 2 2 2 1 1 1 1 1 1 3 1 1 0 0 3 2 0 0 2 0 0 0 0 0 0 0 3 3 0 0 3 0 0 3 0 0 0 0 0 0 0 0 0 0 0 1 1 1 2 2 2 3 2 2 3 2 2 2 2 3 3 2 
2 3 2 3 3 2 1 1 3 3 1 1 1 3 0 0 0 3 3 3 2 2 3 2 2 2 3 0 0 0 3 0 0 0 1 0 0 0 0 0 0 0 0 0 0 0 3 0 0 0 3 3 3 3 3 3 1 2 2 2 2 2 2 2 3 2 
2 3 2 3 2 2 1 1 3 0 0 0 0 0 0 0 0 3 3 3 0 0 2 0 0 3 3 3 3 0 3 3 0 0 1 0 0 0 0 0 0 0 3 3 3 0 0 0 0 0 3 1 1 1 1 1 1 1 2 2 3 3 3 2 3 2 
2 2 2 3 3 2 2 1 3 3 0 0 0 0 0 0 0 3 3 0 0 0 2 0 0 2 3 3 0 0 0 0 0 0 3 0 0 0 0 3 3 3 3 3 3 0 0 0 0 3 3 3 0 0 1 1 1 1 1 2 3 3 3 2 3 2 
2 2 2 2 2 2 2 3 1 1 1 0 3 3 3 3 0 3 3 3 0 0 2 0 0 3 3 3 3 0 3 3 0 0 1 0 0 0 0 3 0 0 3 3 3 0 0 0 0 3 3 3 0 0 0 0 1 1 1 1 3 3 3 2 3 2 
2 2 2 2 2 2 2 2 3 3 3 1 3 2 2 3 0 0 3 3 2 2 3 2 2 2 3 0 0 0 3 0 0 0 1 0 0 3 3 3 0 0 0 0 0 0 0 0 0 3 3 3 0 0 0 0 0 1 1 1 1 3 2 2 2 2 
2 2 2 2 2 2 3 2 3 3 3 3 3 2 2 3 1 0 0 2 0 0 2 0 0 0 0 0 0 0 3 3 0 0 3 0 0 3 0 0 0 0 0 0 0 0 0 0 0 0 0 0 0 0 0 0 0 1 1 1 1 3 2 2 2 2 
2 2 2 3 2 2 3 2 3 3 3 2 2 2 2 3 1 0 0 2 0 0 2 0 0 0 0 0 0 0 0 0 0 0 3 0 0 3 0 3 3 3 0 3 0 3 3 3 0 0 0 0 0 0 3 3 3 3 3 1 1 3 1 2 2 2 
2 2 2 2 2 3 2 2 2 2 2 3 3 3 3 3 1 1 0 2 3 3 2 0 0 0 0 0 0 0 0 0 0 0 3 0 0 3 3 2 2 2 3 3 3 2 2 2 3 3 0 0 3 3 3 3 3 3 3 3 1 3 1 1 2 2 
2 2 3 2 2 2 2 2 2 2 3 3 3 3 3 3 3 3 3 3 2 2 3 3 3 3 3 3 3 3 3 3 3 3 3 3 3 3 0 0 0 0 0 3 0 0 0 0 0 3 3 3 3 0 0 2 3 3 3 3 3 3 1 1 2 2 
2 2 2 2 3 3 3 2 2 2 3 3 3 3 2 0 0 0 0 2 0 0 2 0 0 0 0 3 0 0 0 0 0 0 0 0 0 0 0 0 3 0 0 2 0 0 3 0 0 0 0 0 0 0 0 3 3 3 3 3 1 1 1 1 2 2 
2 2 3 3 3 3 3 2 2 2 3 3 3 3 3 0 0 0 0 2 0 0 2 0 0 0 0 3 0 0 0 0 3 0 0 0 0 0 0 3 3 3 2 2 2 3 3 3 0 0 0 0 0 0 0 3 3 3 3 3 1 1 1 1 1 2 
2 2 3 2 3 3 3 2 2 2 3 3 3 3 3 0 0 0 0 2 0 0 2 0 0 0 0 0 0 0 0 0 3 0 0 0 0 0 0 0 3 0 0 2 0 0 3 0 0 0 0 0 0 0 0 3 3 3 3 3 0 0 1 1 1 2 
2 2 3 2 2 2 2 2 3 2 3 3 3 3 3 0 0 0 3 3 2 2 3 3 3 3 3 3 3 3 3 3 3 3 3 3 3 3 0 0 0 0 0 3 0 0 0 0 0 3 3 3 3 0 0 3 3 3 3 0 0 0 0 1 1 2 
2 3 3 2 2 3 2 2 2 2 2 3 3 3 3 0 0 3 3 3 0 0 2 0 0 0 0 0 0 0 0 3 0 0 2 0 0 3 3 2 2 2 3 3 3 2 2 2 3 3 0 0 2 0 0 3 3 3 3 0 0 0 0 0 1 2 
2 2 2 2 2 3 2 3 2 2 2 3 3 3 3 0 0 3 3 0 0 0 2 3 0 0 0 0 0 0 0 0 0 0 3 3 0 0 2 0 0 0 0 3 0 0 0 0 2 0 0 3 3 0 0 3 3 3 3 0 0 0 3 3 3 2 
2 2 2 2 2 2 2 3 2 2 2 3 2 3 3 0 0 3 3 3 0 0 2 0 0 0 3 0 0 0 0 0 0 0 3 3 2 3 3 2 2 0 0 2 0 0 2 2 3 3 2 3 3 0 0 3 3 2 3 0 0 3 1 2 0 2 
2 2 2 3 3 3 2 2 2 2 2 3 0 0 0 0 0 0 3 3 2 2 3 2 2 2 3 3 3 3 3 3 3 2 2 2 0 0 0 0 2 0 0 2 0 0 2 0 2 0 0 0 0 0 0 0 0 0 3 0 3 1 1 2 0 2 
2 2 2 3 3 3 3 3 3 3 3 3 0 3 3 0 0 0 0 0 0 0 3 0 0 0 2 0 3 0 0 0 0 0 0 2 0 3 0 3 3 2 2 3 2 2 3 0 2 0 0 0 0 0 0 3 3 0 3 0 3 1 1 3 0 2 
2 2 2 3 3 3 2 2 2 2 2 3 3 3 0 0 0 0 3 3 0 0 3 0 3 0 2 0 0 0 0 0 3 3 0 2 0 0 0 0 2 0 0 3 0 0 2 0 2 3 0 0 0 0 0 3 0 0 3 0 3 1 1 3 0 2 
2 2 2 2 2 2 1 3 1 2 2 3 0 3 3 0 0 0 0 0 0 0 3 0 0 0 2 0 0 3 3 0 3 3 0 2 0 0 0 0 3 0 0 3 0 3 3 0 3 3 3 3 0 3 0 3 3 0 3 0 2 1 1 3 0 2 
2 2 2 3 2 2 1 1 1 3 2 3 0 0 0 0 0 3 3 0 0 0 3 3 2 2 3 0 0 3 0 0 0 0 0 3 0 0 3 0 3 0 0 3 0 3 0 0 2 3 3 0 0 0 0 0 0 0 3 0 2 1 3 0 0 2 
2 3 2 2 3 2 1 1 1 2 2 3 0 0 0 0 0 3 3 0 0 3 3 3 0 0 2 0 0 3 3 0 3 3 0 3 0 0 0 0 2 0 0 3 0 3 3 0 3 3 3 3 0 0 0 0 0 0 3 3 3 3 0 0 0 2 
2 3 3 2 2 2 1 3 1 2 2 3 0 3 3 0 0 3 3 0 0 3 3 0 0 0 2 3 0 0 0 0 3 0 0 3 0 3 0 0 3 0 0 3 0 0 2 0 2 3 0 0 0 0 0 0 0 0 3 0 0 0 0 0 0 2 
2 3 3 2 2 2 3 1 1 2 2 3 3 3 0 0 0 3 3 0 0 3 3 3 0 0 2 0 0 0 0 0 3 3 0 3 0 0 0 3 3 2 2 3 2 2 3 2 2 2 2 2 2 2 3 2 2 3 3 3 0 0 3 3 0 2 
2 3 3 3 2 2 1 1 1 2 3 3 0 3 3 0 0 3 3 0 0 0 3 3 2 2 2 3 0 0 0 0 0 0 0 3 2 2 3 3 0 0 0 2 0 0 2 3 0 0 0 0 0 0 3 0 0 3 3 3 0 0 3 0 0 2 
2 3 3 3 3 3 1 3 1 2 3 3 0 0 0 0 0 0 0 0 3 0 0 2 0 0 3 3 3 3 0 0 0 0 0 2 0 0 0 0 0 0 0 2 0 0 3 0 0 0 3 3 0 0 3 0 0 0 2 0 0 0 3 0 0 2 
2 3 3 3 3 0 0 0 0 2 3 3 0 0 0 0 0 0 0 3 0 0 0 2 0 0 2 3 3 0 0 0 0 0 0 2 0 0 0 0 0 0 0 2 0 0 2 0 0 0 3 0 0 0 3 0 0 0 2 0 0 0 0 0 0 2 
2 3 3 3 3 3 1 3 1 2 3 3 0 0 0 0 0 0 0 0 0 0 0 2 0 0 3 3 3 3 0 0 0 0 0 2 0 0 0 0 0 0 0 2 0 0 2 0 0 0 3 3 0 0 3 0 0 0 2 0 0 0 0 0 0 2 
2 3 3 3 2 2 1 1 1 2 3 3 0 3 3 0 0 3 3 0 0 0 3 3 2 2 2 3 0 0 0 0 0 0 0 3 2 2 3 3 0 0 0 2 0 0 3 0 0 0 0 0 0 0 3 0 0 3 3 3 0 3 0 0 3 2 
2 3 2 2 2 2 1 1 1 2 2 3 3 3 0 0 0 3 3 0 0 3 3 3 0 0 2 0 0 0 0 0 3 3 0 3 0 0 0 3 3 2 2 3 2 2 3 2 2 2 2 2 2 2 3 2 2 3 3 3 0 0 0 0 3 2 
2 2 2 3 3 3 1 3 1 2 2 3 0 3 3 0 0 3 3 0 0 3 3 0 0 0 2 0 0 0 3 0 3 0 0 3 0 0 0 0 2 0 0 3 0 0 2 0 2 3 0 0 0 0 0 0 0 0 3 0 0 0 0 0 3 2 
2 3 3 3 3 3 1 1 1 2 2 3 0 0 0 0 0 3 3 0 0 3 3 3 0 0 2 3 0 3 3 0 3 3 0 3 0 0 0 0 2 0 0 3 0 3 3 0 3 3 3 3 0 0 0 0 0 0 3 3 3 3 0 0 0 2 
2 2 2 3 3 3 1 1 1 3 2 3 0 0 0 0 0 3 3 0 0 0 3 3 2 2 3 0 0 3 0 0 0 0 0 3 0 0 0 0 2 0 0 3 0 3 0 0 2 3 3 0 0 0 0 0 0 0 3 0 2 1 3 0 0 2 
2 2 2 2 2 2 1 3 1 2 2 3 0 3 3 0 0 0 0 3 0 0 3 0 0 0 2 0 0 3 3 0 3 3 0 2 0 0 0 0 2 0 0 3 0 3 3 0 3 3 3 3 0 0 0 3 3 0 3 0 2 1 1 3 0 2 
2 2 3 2 2 2 2 2 2 2 2 3 3 3 0 0 0 0 0 3 0 0 3 0 0 0 2 0 0 3 0 0 3 3 0 2 3 0 0 3 2 3 0 3 0 0 2 0 2 3 0 0 0 0 0 3 0 0 3 0 3 1 1 3 0 2 
2 2 2 2 3 3 3 3 3 3 3 3 0 3 3 0 0 0 0 0 0 0 3 0 3 0 2 0 0 0 0 3 0 0 0 2 0 0 0 0 3 3 0 3 0 0 3 0 2 0 0 0 0 0 0 3 3 0 3 0 3 1 1 3 0 2 
2 2 2 2 3 2 2 2 2 2 2 3 0 0 0 0 0 0 3 3 2 2 3 2 2 2 3 3 3 3 3 3 3 2 2 2 0 0 0 0 2 0 0 2 0 0 2 0 2 0 0 0 0 0 0 0 0 0 3 0 3 1 1 2 0 2 
2 3 2 2 3 2 2 3 3 2 2 3 2 3 3 0 0 3 3 3 0 0 2 0 0 0 3 0 0 0 0 0 0 0 3 3 2 3 3 2 2 0 0 2 0 0 2 2 3 3 2 3 3 0 0 3 3 2 3 0 0 3 1 2 0 2 
2 2 2 3 3 3 2 3 2 2 2 3 3 3 3 0 0 3 3 0 0 0 2 0 0 0 0 0 0 0 0 0 0 0 3 3 0 0 2 0 0 0 0 3 0 0 0 0 2 0 0 3 3 0 0 3 3 3 3 0 0 0 3 3 3 2 
2 2 2 3 3 3 2 3 3 2 2 3 3 3 3 0 0 3 3 3 0 0 2 0 0 0 0 0 3 0 0 0 0 0 2 0 0 3 3 2 2 2 3 3 3 2 2 2 3 3 0 0 2 0 0 3 3 3 3 0 0 0 0 1 1 2 
2 2 2 3 3 3 2 2 2 3 3 3 3 3 3 0 0 0 3 3 2 2 3 3 3 3 3 3 3 3 3 3 3 3 3 3 3 3 0 0 0 0 0 3 0 0 0 0 0 3 3 3 3 0 0 3 3 3 3 0 0 0 0 1 1 2 
2 2 2 2 2 2 2 3 2 2 3 3 3 3 3 0 0 0 0 2 0 0 2 0 0 0 0 0 0 0 0 0 0 0 0 0 0 0 0 0 3 0 0 2 0 0 3 0 0 0 0 0 0 0 0 3 3 3 3 3 0 0 0 1 1 2 
2 2 2 2 2 2 2 2 2 3 3 3 3 3 3 0 0 0 0 2 0 0 2 0 0 0 3 0 0 0 0 0 0 0 0 0 0 0 0 3 3 3 2 2 2 3 3 3 0 0 0 0 0 0 3 3 3 3 3 3 0 0 1 1 1 2 
2 3 3 2 2 3 3 3 2 2 3 3 3 3 2 0 0 0 0 2 0 0 2 0 0 0 0 0 0 0 0 0 3 0 0 0 0 0 0 0 3 0 0 2 0 0 3 0 0 0 0 0 0 0 0 3 3 3 3 3 0 0 1 1 1 2 
2 2 3 3 3 3 3 3 2 2 3 3 3 3 3 3 3 3 3 3 2 2 3 3 3 3 3 3 3 3 3 3 3 3 3 3 3 3 0 0 0 0 0 3 0 0 0 0 0 3 3 3 3 0 0 2 3 3 3 3 0 1 1 1 1 2 
2 2 2 2 2 3 3 3 2 2 2 3 3 3 3 3 2 2 1 2 3 3 2 0 0 0 0 0 0 0 0 0 0 0 3 0 0 3 3 2 2 2 3 3 3 2 2 2 3 3 0 0 3 3 3 3 3 3 3 3 0 1 1 1 2 2 
2 2 2 2 2 2 2 2 2 2 2 2 3 2 2 2 2 1 0 2 0 0 2 0 0 0 0 0 0 0 0 0 0 0 3 0 0 3 0 3 3 3 0 3 0 3 3 3 0 0 0 0 3 0 3 3 3 3 3 1 1 1 1 1 2 2 
2 2 2 3 3 3 3 3 3 3 3 3 3 2 2 1 1 0 0 2 0 0 2 0 0 0 0 0 0 0 3 3 0 0 3 0 0 3 0 0 0 0 0 0 0 0 0 0 0 0 3 3 3 0 0 0 0 3 1 1 3 3 3 2 2 2 
2 2 2 3 2 2 2 2 3 2 2 2 2 2 1 1 1 0 3 3 2 2 3 2 2 2 3 0 0 0 3 0 0 0 1 0 0 3 0 0 3 3 3 0 0 3 3 3 3 3 3 0 0 0 0 0 0 3 1 1 3 3 3 2 2 2 
2 2 3 3 3 2 3 3 2 2 3 1 1 1 1 1 1 3 3 3 0 0 2 0 0 3 3 3 3 0 3 3 0 0 1 0 0 3 3 3 3 3 3 0 0 3 0 0 0 0 0 0 0 0 0 0 0 3 1 1 3 3 3 2 2 2 
2 2 3 3 3 2 3 2 2 2 3 1 1 1 1 1 1 3 3 0 0 0 2 0 0 2 3 3 0 0 0 0 0 0 3 0 0 0 0 0 3 3 3 0 0 3 0 3 3 3 0 0 0 0 0 3 0 3 3 1 2 3 2 2 3 2 
2 2 3 3 3 2 3 3 2 2 2 2 1 1 1 1 1 3 3 3 0 0 2 0 0 3 3 3 3 0 3 3 0 0 1 0 0 0 0 0 0 0 0 0 0 3 3 3 3 3 0 0 0 0 0 0 0 1 3 2 2 3 2 2 3 2 
2 2 2 2 2 2 2 2 2 2 3 2 1 1 2 2 1 1 3 3 2 2 3 2 2 2 3 0 0 0 3 0 0 0 1 0 0 0 0 0 0 0 0 0 0 0 0 3 3 3 0 0 0 3 0 0 1 1 3 3 3 3 2 2 3 2 
2 3 2 2 2 2 3 2 2 2 3 2 2 2 2 2 2 1 1 2 0 0 2 0 0 0 0 0 0 0 3 3 0 0 3 0 0 0 0 3 0 0 3 0 0 0 0 0 0 0 0 1 1 3 1 1 1 2 2 2 2 2 2 3 3 2 
2 3 3 3 2 2 2 2 2 2 3 2 2 2 2 2 2 2 1 2 0 0 2 0 0 0 3 0 0 0 0 0 0 0 3 0 0 0 0 0 0 3 0 0 0 0 0 1 1 1 1 1 2 2 3 2 2 2 2 2 2 2 3 3 3 2 
2 2 2 2 2 2 2 2 2 2 2 2 2 2 2 2 2 2 2 2 2 2 2 2 2 2 2 2 2 2 2 2 2 2 2 2 2 2 2 2 2 2 2 2 2 2 2 2 2 2 2 2 2 2 2 2 2 2 2 2 2 2 2 2 2 2 
-1000.00000000 -3000.00000000 5000.00000000 1.00000000
-1000.00000000 -3000.00000000 5000.00000000
6.00000000 -6.00000000 11.00000000
26.50000000 10.90909386 0.00000000
26.00000000 7.50000000 1.02499995
1
1328
0 0 0
0.00000000 0.00000000 0.00000000
0 0 0
1.00000000 0.00000000 0.00000000
0 0 0
2.00000000 0.00000000 0.00000000
0 0 0
3.00000000 0.00000000 0.00000000
0 0 0
4.00000000 0.00000000 0.00000000
0 0 0
5.00000000 0.00000000 0.00000000
0 0 0
6.00000000 0.00000000 0.00000000
0 0 0
7.00000000 0.00000000 0.00000000
0 0 0
8.00000000 0.00000000 0.00000000
0 0 0
9.00000000 0.00000000 0.00000000
0 0 0
10.00000000 0.00000000 0.00000000
0 0 0
11.00000000 0.00000000 0.00000000
0 0 0
12.00000000 0.00000000 0.00000000
0 0 0
13.00000000 0.00000000 0.00000000
0 0 0
14.00000000 0.00000000 0.00000000
0 0 0
15.00000000 0.00000000 0.00000000
0 0 0
16.00000000 0.00000000 0.00000000
0 0 0
17.00000000 0.00000000 0.00000000
0 0 0
18.00000000 0.00000000 0.00000000
0 0 0
19.00000000 0.00000000 0.00000000
0 0 0
20.00000000 0.00000000 0.00000000
0 0 0
21.00000000 0.00000000 0.00000000
0 0 0
22.00000000 0.00000000 0.00000000
0 0 0
23.00000000 0.00000000 0.00000000
0 0 0
24.00000000 0.00000000 0.00000000
0 0 0
25.00000000 0.00000000 0.00000000
0 0 0
26.00000000 0.00000000 0.00000000
0 0 0
27.00000000 0.00000000 0.00000000
0 0 0
28.00000000 0.00000000 0.00000000
0 0 0
29.00000000 0.00000000 0.00000000
0 0 0
30.00000000 0.00000000 0.00000000
0 0 0
31.00000000 0.00000000 0.00000000
0 0 0
32.00000000 0.00000000 0.00000000
0 0 0
33.00000000 0.00000000 0.00000000
0 0 0
34.00000000 0.00000000 0.00000000
0 0 0
35.00000000 0.00000000 0.00000000
0 0 0
36.00000000 0.00000000 0.00000000
0 0 0
37.00000000 0.00000000 0.00000000
0 0 0
38.00000000 0.00000000 0.00000000
0 0 0
39.00000000 0.00000000 0.00000000
0 0 0
40.00000000 0.00000000 0.00000000
0 0 0
41.00000000 0.00000000 0.00000000
0 0 0
42.00000000 0.00000000 0.00000000
0 0 0
43.00000000 0.00000000 0.00000000
0 0 0
44.00000000 0.00000000 0.00000000
0 0 0
45.00000000 0.00000000 0.00000000
0 0 0
46.00000000 0.00000000 0.00000000
0 0 0
47.00000000 0.00000000 0.00000000
0 0 0
48.00000000 0.00000000 0.00000000
0 0 0
49.00000000 0.00000000 0.00000000
0 0 0
50.00000000 0.00000000 0.00000000
0 0 0
51.00000000 0.00000000 0.00000000
0 0 0
52.00000000 0.00000000 0.00000000
0 0 0
53.00000000 0.00000000 0.00000000
0 0 0
54.00000000 0.00000000 0.00000000
0 0 0
55.00000000 0.00000000 0.00000000
0 0 0
56.00000000 0.00000000 0.00000000
0 0 0
57.00000000 0.00000000 0.00000000
0 0 0
58.00000000 0.00000000 0.00000000
0 0 0
59.00000000 0.00000000 0.00000000
0 0 0
60.00000000 0.00000000 0.00000000
0 0 0
61.00000000 0.00000000 0.00000000
0 0 0
62.00000000 0.00000000 0.00000000
0 0 0
63.00000000 0.00000000 0.00000000
0 0 0
64.00000000 0.00000000 0.00000000
0 0 0
65.00000000 0.00000000 0.00000000
0 0 0
0.00000000 1.00000000 0.00000000
3 0 0
1.00000000 1.00000000 0.00000000
3 0 0
2.00000000 1.00000000 0.00000000
3 0 0
22.00000000 1.00000000 0.00000000
6 0 0
34.00000000 1.00000000 0.00000000
3 0 0
38.00000000 1.00000000 0.00000000
6 0 0
55.00000000 1.00000000 0.00000000
0 0 0
65.00000000 1.00000000 0.00000000
0 0 0
0.00000000 2.00000000 0.00000000
3 0 0
1.00000000 2.00000000 0.00000000
3 0 0
13.00000000 2.00000000 0.00000000
3 0 0
18.00000000 2.00000000 0.00000000
4 0 0
30.00000000 2.00000000 0.00000000
4 0 0
30.00000000 4.00000000 0.00000000
2 0 0
31.00000000 2.00000000 0.00000000
2 0 0
31.00000000 4.00000000 0.00000000
7 2 0
30.00000000 3.00000000 0.00000000
6 0 0
34.00000000 2.00000000 0.00000000
3 0 0
37.00000000 2.00000000 0.00000000
6 0 0
55.00000000 2.00000000 0.00000000
3 0 0
58.00000000 2.00000000 0.00000000
3 0 0
64.00000000 2.00000000 0.00000000
0 0 0
65.00000000 2.00000000 0.00000000
0 0 0
0.00000000 3.00000000 0.00000000
4 0 0
3.00000000 3.00000000 0.00000000
4 0 0
3.00000000 5.00000000 0.00000000
2 0 0
4.00000000 3.00000000 0.00000000
2 0 0
4.00000000 5.00000000 0.00000000
12 1 0
3.00000000 4.00000000 0.00000000
4 0 0
8.00000000 3.00000000 0.00000000
4 0 0
8.00000000 5.00000000 0.00000000
2 0 0
9.00000000 3.00000000 0.00000000
2 0 0
9.00000000 5.00000000 0.00000000
9 2 0
8.00000000 4.00000000 0.00000000
3 0 0
13.00000000 3.00000000 0.00000000
3 0 0
17.00000000 3.00000000 0.00000000
4 0 0
18.00000000 3.00000000 0.00000000
2 0 0
19.00000000 3.00000000 0.00000000
2 0 0
22.00000000 3.00000000 0.00000000
4 2 0
25.50000000 3.00000000 0.00000000
5 2 0
26.50000000 3.00000000 0.00000000
4 2 0
25.00000000 4.00000000 0.00000000
1 2 0
26.00000000 4.00000000 0.00000000
1 2 0
27.00000000 4.00000000 0.00000000
2 2 0
28.00000000 4.00000000 0.00000000
4 2 0
25.50000000 5.00000000 0.00000000
13 2 585
26.50000000 5.00000000 0.00000000
2 2 0
27.50000000 5.00000000 0.00000000
4 2 0
25.00000000 6.00000000 0.00000000
1 2 0
26.00000000 6.00000000 0.00000000
1 2 0
27.00000000 6.00000000 0.00000000
2 2 0
28.00000000 6.00000000 0.00000000
4 2 0
25.50000000 7.00000000 0.00000000
5 2 0
26.50000000 7.00000000 0.00000000
3 0 0
46.00000000 3.00000000 0.00000000
6 0 0
50.00000000 3.00000000 0.00000000
6 0 0
51.00000000 3.00000000 0.00000000
6 0 0
52.00000000 3.00000000 0.00000000
6 0 0
53.00000000 3.00000000 0.00000000
6 0 0
54.00000000 3.00000000 0.00000000
6 0 0
55.00000000 3.00000000 0.00000000
0 0 0
65.00000000 3.00000000 0.00000000
0 0 0
0.00000000 4.00000000 0.00000000
4 0 0
17.00000000 4.00000000 0.00000000
4 0 0
18.00000000 4.00000000 0.00000000
4 0 0
18.00000000 6.00000000 0.00000000
2 0 0
19.00000000 4.00000000 0.00000000
2 0 0
19.00000000 6.00000000 0.00000000
8 2 0
18.00000000 5.00000000 0.00000000
3 0 0
42.00000000 4.00000000 0.00000000
3 0 0
43.00000000 4.00000000 0.00000000
3 0 0
44.00000000 4.00000000 0.00000000
6 0 0
50.00000000 4.00000000 0.00000000
3 0 0
60.00000000 4.00000000 0.00000000
3 0 0
61.00000000 4.00000000 0.00000000
3 0 0
62.00000000 4.00000000 0.00000000
0 0 0
65.00000000 4.00000000 0.00000000
0 0 0
0.00000000 5.00000000 0.00000000
4 0 0
17.00000000 5.00000000 0.00000000
6 0 0
34.00000000 5.00000000 0.00000000
6 0 0
39.00000000 5.00000000 0.00000000
6 0 0
40.00000000 5.00000000 0.00000000
6 0 0
41.00000000 5.00000000 0.00000000
6 0 0
42.00000000 5.00000000 0.00000000
6 0 0
43.00000000 5.00000000 0.00000000
3 0 0
44.00000000 5.00000000 0.00000000
3 0 0
49.00000000 5.00000000 0.00000000
6 0 0
50.00000000 5.00000000 0.00000000
3 0 0
51.00000000 5.00000000 0.00000000
3 0 0
60.00000000 5.00000000 0.00000000
6 0 0
61.00000000 5.00000000 0.00000000
3 0 0
62.00000000 5.00000000 0.00000000
0 0 0
65.00000000 5.00000000 0.00000000
0 0 0
0.00000000 6.00000000 0.00000000
3 0 0
7.00000000 6.00000000 0.00000000
6 0 0
12.00000000 6.00000000 0.00000000
6 0 0
13.00000000 6.00000000 0.00000000
6 0 0
14.00000000 6.00000000 0.00000000
6 0 0
15.00000000 6.00000000 0.00000000
4 0 0
17.00000000 6.00000000 0.00000000
4 0 0
30.00000000 6.00000000 0.00000000
4 0 0
30.00000000 8.00000000 0.00000000
2 0 0
31.00000000 6.00000000 0.00000000
2 0 0
31.00000000 8.00000000 0.00000000
12 2 0
30.00000000 7.00000000 0.00000000
6 0 0
39.00000000 6.00000000 0.00000000
3 0 0
42.00000000 6.00000000 0.00000000
3 0 0
43.00000000 6.00000000 0.00000000
3 0 0
44.00000000 6.00000000 0.00000000
3 0 0
49.00000000 6.00000000 0.00000000
6 0 0
50.00000000 6.00000000 0.00000000
3 0 0
51.00000000 6.00000000 0.00000000
3 0 0
60.00000000 6.00000000 0.00000000
6 0 0
61.00000000 6.00000000 0.00000000
3 0 0
62.00000000 6.00000000 0.00000000
0 0 0
65.00000000 6.00000000 0.00000000
0 0 0
0.00000000 7.00000000 0.00000000
3 0 0
8.00000000 7.00000000 0.00000000
3 0 0
9.00000000 7.00000000 0.00000000
3 0 0
10.00000000 7.00000000 0.00000000
6 0 0
12.00000000 7.00000000 0.00000000
6 0 0
15.00000000 7.00000000 0.00000000
4 0 0
18.00000000 7.00000000 0.00000000
2 0 0
19.00000000 7.00000000 0.00000000
2 0 0
22.00000000 7.00000000 0.00000000
6 0 0
37.00000000 7.00000000 0.00000000
6 0 0
38.00000000 7.00000000 0.00000000
6 0 0
39.00000000 7.00000000 0.00000000
3 0 0
49.00000000 7.00000000 0.00000000
3 0 0
50.00000000 7.00000000 0.00000000
3 0 0
51.00000000 7.00000000 0.00000000
6 0 0
61.00000000 7.00000000 0.00000000
0 0 0
65.00000000 7.00000000 0.00000000
0 0 0
0.00000000 8.00000000 0.00000000
3 0 0
6.00000000 8.00000000 0.00000000
3 0 0
8.00000000 8.00000000 0.00000000
6 0 0
9.00000000 8.00000000 0.00000000
6 0 0
10.00000000 8.00000000 0.00000000
6 0 0
11.00000000 8.00000000 0.00000000
6 0 0
12.00000000 8.00000000 0.00000000
6 0 0
15.00000000 8.00000000 0.00000000
6 0 0
34.00000000 8.00000000 0.00000000
6 0 0
37.00000000 8.00000000 0.00000000
6 0 0
61.00000000 8.00000000 0.00000000
0 0 0
65.00000000 8.00000000 0.00000000
0 0 0
0.00000000 9.00000000 0.00000000
3 0 0
3.00000000 9.00000000 0.00000000
3 0 0
6.00000000 9.00000000 0.00000000
3 0 0
8.00000000 9.00000000 0.00000000
3 0 0
9.00000000 9.00000000 0.00000000
3 0 0
10.00000000 9.00000000 0.00000000
6 0 0
15.00000000 9.00000000 0.00000000
6 0 0
34.00000000 9.00000000 0.00000000
6 0 0
37.00000000 9.00000000 0.00000000
3 0 0
39.00000000 9.00000000 0.00000000
3 0 0
40.00000000 9.00000000 0.00000000
3 0 0
41.00000000 9.00000000 0.00000000
1 0 0
43.00000000 9.00000000 0.00000000
3 0 0
45.00000000 9.00000000 0.00000000
3 0 0
46.00000000 9.00000000 0.00000000
3 0 0
47.00000000 9.00000000 0.00000000
4 0 0
54.00000000 9.00000000 0.00000000
4 0 0
55.00000000 9.00000000 0.00000000
4 0 0
56.00000000 9.00000000 0.00000000
4 0 0
57.00000000 9.00000000 0.00000000
4 0 0
58.00000000 9.00000000 0.00000000
6 0 0
61.00000000 9.00000000 0.00000000
0 0 0
65.00000000 9.00000000 0.00000000
0 0 0
0.00000000 10.00000000 0.00000000
3 0 0
5.00000000 10.00000000 0.00000000
4 0 0
11.00000000 10.00000000 0.00000000
4 0 0
12.00000000 10.00000000 0.00000000
4 0 0
13.00000000 10.00000000 0.00000000
4 0 0
14.00000000 10.00000000 0.00000000
4 0 0
15.00000000 10.00000000 0.00000000
3 0 0
20.00000000 10.00000000 0.00000000
3 0 0
21.00000000 10.00000000 0.00000000
6 0 0
34.00000000 10.00000000 0.00000000
4 0 0
37.00000000 10.00000000 0.00000000
2 0 0
38.00000000 10.00000000 0.00000000
1 0 0
42.00000000 10.00000000 0.00000000
4 0 0
43.00000000 10.00000000 0.00000000
1 0 0
44.00000000 10.00000000 0.00000000
2 0 0
48.00000000 10.00000000 0.00000000
4 0 0
49.00000000 10.00000000 0.00000000
4 0 0
52.00000000 10.00000000 0.00000000
4 0 0
53.00000000 10.00000000 0.00000000
4 0 0
54.00000000 10.00000000 0.00000000
4 0 0
55.00000000 10.00000000 0.00000000
4 0 0
56.00000000 10.00000000 0.00000000
4 0 0
57.00000000 10.00000000 0.00000000
4 0 0
58.00000000 10.00000000 0.00000000
4 0 0
59.00000000 10.00000000 0.00000000
6 0 0
61.00000000 10.00000000 0.00000000
0 0 0
65.00000000 10.00000000 0.00000000
0 0 0
0.00000000 11.00000000 0.00000000
3 0 0
2.00000000 11.00000000 0.00000000
4 0 0
10.00000000 11.00000000 0.00000000
4 0 0
11.00000000 11.00000000 0.00000000
4 0 0
12.00000000 11.00000000 0.00000000
4 0 0
13.00000000 11.00000000 0.00000000
4 0 0
14.00000000 11.00000000 0.00000000
4 0 0
15.00000000 11.00000000 0.00000000
4 0 0
16.00000000 11.00000000 0.00000000
4 0 0
17.00000000 11.00000000 0.00000000
4 0 0
18.00000000 11.00000000 0.00000000
2 0 0
19.00000000 11.00000000 0.00000000
2 0 0
22.00000000 11.00000000 0.00000000
4 0 0
23.00000000 11.00000000 0.00000000
4 0 0
33.00000000 11.00000000 0.00000000
4 0 0
34.00000000 11.00000000 0.00000000
4 0 0
35.00000000 11.00000000 0.00000000
4 0 0
36.00000000 11.00000000 0.00000000
4 0 0
37.00000000 11.00000000 0.00000000
1 0 0
43.00000000 11.00000000 0.00000000
4 0 0
49.00000000 11.00000000 0.00000000
4 0 0
50.00000000 11.00000000 0.00000000
4 0 0
51.00000000 11.00000000 0.00000000
4 0 0
52.00000000 11.00000000 0.00000000
4 0 0
58.00000000 11.00000000 0.00000000
4 0 0
59.00000000 11.00000000 0.00000000
6 0 0
60.00000000 11.00000000 0.00000000
6 0 0
61.00000000 11.00000000 0.00000000
0 0 0
65.00000000 11.00000000 0.00000000
0 0 0
0.00000000 12.00000000 0.00000000
3 0 0
4.00000000 12.00000000 0.00000000
3 0 0
5.00000000 12.00000000 0.00000000
3 0 0
6.00000000 12.00000000 0.00000000
4 0 0
10.00000000 12.00000000 0.00000000
4 0 0
11.00000000 12.00000000 0.00000000
1 0 0
40.00000000 12.00000000 0.00000000
1 0 0
46.00000000 12.00000000 0.00000000
4 0 0
55.00000000 12.00000000 0.00000000
4 0 0
58.00000000 12.00000000 0.00000000
4 0 0
59.00000000 12.00000000 0.00000000
0 0 0
65.00000000 12.00000000 0.00000000
0 0 0
0.00000000 13.00000000 0.00000000
6 0 0
2.00000000 13.00000000 0.00000000
6 0 0
3.00000000 13.00000000 0.00000000
6 0 0
4.00000000 13.00000000 0.00000000
6 0 0
5.00000000 13.00000000 0.00000000
3 0 0
6.00000000 13.00000000 0.00000000
4 0 0
10.00000000 13.00000000 0.00000000
4 0 0
11.00000000 13.00000000 0.00000000
4 0 0
14.00000000 13.00000000 0.00000000
1 0 0
39.00000000 13.00000000 0.00000000
4 0 0
40.00000000 13.00000000 0.00000000
1 0 0
41.00000000 13.00000000 0.00000000
1 0 0
45.00000000 13.00000000 0.00000000
4 0 0
46.00000000 13.00000000 0.00000000
1 0 0
47.00000000 13.00000000 0.00000000
4 0 0
55.00000000 13.00000000 0.00000000
4 0 0
58.00000000 13.00000000 0.00000000
4 0 0
59.00000000 13.00000000 0.00000000
0 0 0
65.00000000 13.00000000 0.00000000
0 0 0
0.00000000 14.00000000 0.00000000
6 0 0
2.00000000 14.00000000 0.00000000
3 0 0
4.00000000 14.00000000 0.00000000
3 0 0
5.00000000 14.00000000 0.00000000
3 0 0
6.00000000 14.00000000 0.00000000
4 0 0
10.00000000 14.00000000 0.00000000
4 0 0
11.00000000 14.00000000 0.00000000
4 0 0
14.00000000 14.00000000 0.00000000
3 0 0
32.00000000 14.00000000 0.00000000
1 0 0
40.00000000 14.00000000 0.00000000
1 0 0
46.00000000 14.00000000 0.00000000
4 0 0
55.00000000 14.00000000 0.00000000
4 0 0
58.00000000 14.00000000 0.00000000
4 0 0
59.00000000 14.00000000 0.00000000
0 0 0
65.00000000 14.00000000 0.00000000
0 0 0
0.00000000 15.00000000 0.00000000
6 0 0
2.00000000 15.00000000 0.00000000
3 0 0
8.00000000 15.00000000 0.00000000
4 0 0
10.00000000 15.00000000 0.00000000
4 0 0
11.00000000 15.00000000 0.00000000
4 0 0
14.00000000 15.00000000 0.00000000
4 0 0
18.00000000 15.00000000 0.00000000
2 0 0
19.00000000 15.00000000 0.00000000
2 0 0
22.00000000 15.00000000 0.00000000
4 0 0
23.00000000 15.00000000 0.00000000
4 0 0
24.00000000 15.00000000 0.00000000
4 0 0
25.00000000 15.00000000 0.00000000
4 0 0
26.00000000 15.00000000 0.00000000
4 0 0
27.00000000 15.00000000 0.00000000
4 0 0
28.00000000 15.00000000 0.00000000
4 0 0
29.00000000 15.00000000 0.00000000
4 0 0
30.00000000 15.00000000 0.00000000
4 0 0
31.00000000 15.00000000 0.00000000
4 0 0
32.00000000 15.00000000 0.00000000
4 0 0
33.00000000 15.00000000 0.00000000
4 0 0
34.00000000 15.00000000 0.00000000
4 0 0
35.00000000 15.00000000 0.00000000
4 0 0
36.00000000 15.00000000 0.00000000
4 0 0
37.00000000 15.00000000 0.00000000
1 0 0
43.00000000 15.00000000 0.00000000
4 0 0
49.00000000 15.00000000 0.00000000
4 0 0
50.00000000 15.00000000 0.00000000
4 0 0
51.00000000 15.00000000 0.00000000
4 0 0
52.00000000 15.00000000 0.00000000
4 0 0
55.00000000 15.00000000 0.00000000
4 0 0
58.00000000 15.00000000 0.00000000
0 0 0
65.00000000 15.00000000 0.00000000
0 0 0
0.00000000 16.00000000 0.00000000
6 0 0
1.00000000 16.00000000 0.00000000
6 0 0
2.00000000 16.00000000 0.00000000
3 0 0
5.00000000 16.00000000 0.00000000
4 0 0
11.00000000 16.00000000 0.00000000
4 0 0
14.00000000 16.00000000 0.00000000
4 0 0
17.00000000 16.00000000 0.00000000
4 0 0
18.00000000 16.00000000 0.00000000
4 0 0
18.00000000 18.00000000 0.00000000
2 0 0
19.00000000 16.00000000 0.00000000
2 0 0
19.00000000 18.00000000 0.00000000
9 1 0
18.00000000 17.00000000 0.00000000
3 0 0
31.00000000 16.00000000 0.00000000
4 0 0
37.00000000 16.00000000 0.00000000
2 0 0
38.00000000 16.00000000 0.00000000
1 0 0
42.00000000 16.00000000 0.00000000
4 0 0
43.00000000 16.00000000 0.00000000
1 0 0
44.00000000 16.00000000 0.00000000
2 0 0
48.00000000 16.00000000 0.00000000
4 0 0
49.00000000 16.00000000 0.00000000
4 0 0
55.00000000 16.00000000 0.00000000
4 0 0
58.00000000 16.00000000 0.00000000
0 0 0
65.00000000 16.00000000 0.00000000
0 0 0
0.00000000 17.00000000 0.00000000
3 0 0
5.00000000 17.00000000 0.00000000
3 0 0
7.00000000 17.00000000 0.00000000
4 0 0
11.00000000 17.00000000 0.00000000
4 0 0
14.00000000 17.00000000 0.00000000
4 0 0
17.00000000 17.00000000 0.00000000
3 0 0
23.00000000 17.00000000 0.00000000
1 0 0
34.00000000 17.00000000 0.00000000
1 0 0
35.00000000 17.00000000 0.00000000
1 0 0
43.00000000 17.00000000 0.00000000
1 0 0
51.00000000 17.00000000 0.00000000
1 0 0
52.00000000 17.00000000 0.00000000
4 0 0
55.00000000 17.00000000 0.00000000
4 0 0
58.00000000 17.00000000 0.00000000
2 0 0
62.00000000 17.00000000 0.00000000
2 0 0
63.00000000 17.00000000 0.00000000
4 0 0
64.00000000 17.00000000 0.00000000
0 0 0
65.00000000 17.00000000 0.00000000
0 0 0
0.00000000 18.00000000 0.00000000
3 0 0
7.00000000 18.00000000 0.00000000
4 0 0
11.00000000 18.00000000 0.00000000
4 0 0
13.00000000 18.00000000 0.00000000
4 0 0
14.00000000 18.00000000 0.00000000
4 0 0
17.00000000 18.00000000 0.00000000
3 0 0
26.00000000 18.00000000 0.00000000
1 0 0
34.00000000 18.00000000 0.00000000
1 0 0
35.00000000 18.00000000 0.00000000
4 0 0
37.00000000 18.00000000 0.00000000
2 0 0
38.00000000 18.00000000 0.00000000
2 0 0
48.00000000 18.00000000 0.00000000
4 0 0
49.00000000 18.00000000 0.00000000
1 0 0
51.00000000 18.00000000 0.00000000
1 0 0
52.00000000 18.00000000 0.00000000
4 0 0
55.00000000 18.00000000 0.00000000
4 0 0
56.00000000 18.00000000 0.00000000
4 0 0
58.00000000 18.00000000 0.00000000
2 0 0
61.00000000 18.00000000 0.00000000
0 0 0
65.00000000 18.00000000 0.00000000
0 0 0
0.00000000 19.00000000 0.00000000
3 0 0
3.00000000 19.00000000 0.00000000
3 0 0
4.00000000 19.00000000 0.00000000
3 0 0
5.00000000 19.00000000 0.00000000
4 0 0
11.00000000 19.00000000 0.00000000
4 0 0
18.00000000 19.00000000 0.00000000
2 0 0
19.00000000 19.00000000 0.00000000
2 0 0
22.00000000 19.00000000 0.00000000
2 0 0
26.00000000 19.00000000 0.00000000
4 0 0
27.00000000 19.00000000 0.00000000
4 0 0
28.00000000 19.00000000 0.00000000
4 0 0
29.00000000 19.00000000 0.00000000
4 0 0
30.00000000 19.00000000 0.00000000
4 0 0
31.00000000 19.00000000 0.00000000
2 0 0
32.00000000 19.00000000 0.00000000
4 0 0
58.00000000 19.00000000 0.00000000
2 0 0
60.00000000 19.00000000 0.00000000
0 0 0
65.00000000 19.00000000 0.00000000
0 0 0
0.00000000 20.00000000 0.00000000
3 0 0
3.00000000 20.00000000 0.00000000
6 0 0
4.00000000 20.00000000 0.00000000
6 0 0
5.00000000 20.00000000 0.00000000
6 0 0
6.00000000 20.00000000 0.00000000
6 0 0
7.00000000 20.00000000 0.00000000
6 0 0
8.00000000 20.00000000 0.00000000
6 0 0
9.00000000 20.00000000 0.00000000
6 0 0
10.00000000 20.00000000 0.00000000
4 0 0
11.00000000 20.00000000 0.00000000
4 0 0
13.00000000 20.00000000 0.00000000
4 0 0
13.00000000 22.00000000 0.00000000
2 0 0
14.00000000 20.00000000 0.00000000
2 0 0
14.00000000 22.00000000 0.00000000
10 1 0
13.00000000 21.00000000 0.00000000
4 0 0
22.00000000 20.00000000 0.00000000
3 0 0
28.00000000 20.00000000 0.00000000
3 0 0
37.00000000 20.00000000 0.00000000
3 0 0
39.00000000 20.00000000 0.00000000
2 0 0
40.00000000 20.00000000 0.00000000
2 0 0
43.00000000 20.00000000 0.00000000
2 0 0
46.00000000 20.00000000 0.00000000
4 0 0
55.00000000 20.00000000 0.00000000
4 0 0
55.00000000 22.00000000 0.00000000
2 0 0
56.00000000 20.00000000 0.00000000
2 0 0
56.00000000 22.00000000 0.00000000
11 1 0
55.00000000 21.00000000 0.00000000
4 0 0
58.00000000 20.00000000 0.00000000
2 0 0
60.00000000 20.00000000 0.00000000
4 0 0
63.00000000 20.00000000 0.00000000
0 0 0
65.00000000 20.00000000 0.00000000
0 0 0
0.00000000 21.00000000 0.00000000
3 0 0
3.00000000 21.00000000 0.00000000
3 0 0
4.00000000 21.00000000 0.00000000
3 0 0
5.00000000 21.00000000 0.00000000
4 0 0
11.00000000 21.00000000 0.00000000
1 0 0
12.00000000 21.00000000 0.00000000
3 0 0
18.00000000 21.00000000 0.00000000
3 0 0
19.00000000 21.00000000 0.00000000
4 0 0
22.00000000 21.00000000 0.00000000
3 0 0
24.00000000 21.00000000 0.00000000
1 0 0
32.00000000 21.00000000 0.00000000
1 0 0
33.00000000 21.00000000 0.00000000
4 0 0
43.00000000 21.00000000 0.00000000
4 2 0
48.50000000 21.00000000 0.00000000
5 2 0
49.50000000 21.00000000 0.00000000
4 2 0
48.00000000 22.00000000 0.00000000
1 2 0
49.00000000 22.00000000 0.00000000
1 2 0
50.00000000 22.00000000 0.00000000
2 2 0
51.00000000 22.00000000 0.00000000
4 2 0
48.50000000 23.00000000 0.00000000
13 1 0
49.50000000 23.00000000 0.00000000
2 2 0
50.50000000 23.00000000 0.00000000
4 2 0
48.00000000 24.00000000 0.00000000
1 2 0
49.00000000 24.00000000 0.00000000
1 2 0
50.00000000 24.00000000 0.00000000
2 2 0
51.00000000 24.00000000 0.00000000
4 2 0
48.50000000 25.00000000 0.00000000
5 2 0
49.50000000 25.00000000 0.00000000
4 0 0
58.00000000 21.00000000 0.00000000
4 0 0
60.00000000 21.00000000 0.00000000
2 0 0
63.00000000 21.00000000 0.00000000
0 0 0
65.00000000 21.00000000 0.00000000
0 0 0
0.00000000 22.00000000 0.00000000
2 0 0
7.00000000 22.00000000 0.00000000
4 0 0
11.00000000 22.00000000 0.00000000
4 0 0
22.00000000 22.00000000 0.00000000
4 0 0
29.00000000 22.00000000 0.00000000
4 0 0
29.00000000 24.00000000 0.00000000
2 0 0
30.00000000 22.00000000 0.00000000
2 0 0
30.00000000 24.00000000 0.00000000
9 1 0
29.00000000 23.00000000 0.00000000
1 0 0
32.00000000 22.00000000 0.00000000
1 0 0
33.00000000 22.00000000 0.00000000
3 0 0
40.00000000 22.00000000 0.00000000
4 0 0
43.00000000 22.00000000 0.00000000
4 0 0
45.00000000 22.00000000 0.00000000
4 0 0
45.00000000 24.00000000 0.00000000
2 0 0
46.00000000 22.00000000 0.00000000
2 0 0
46.00000000 24.00000000 0.00000000
10 1 0
45.00000000 23.00000000 0.00000000
3 0 0
53.00000000 22.00000000 0.00000000
4 0 0
58.00000000 22.00000000 0.00000000
2 0 0
63.00000000 22.00000000 0.00000000
0 0 0
65.00000000 22.00000000 0.00000000
0 0 0
0.00000000 23.00000000 0.00000000
3 0 0
3.00000000 23.00000000 0.00000000
3 0 0
9.00000000 23.00000000 0.00000000
4 0 0
11.00000000 23.00000000 0.00000000
1 0 0
17.00000000 23.00000000 0.00000000
1 0 0
18.00000000 23.00000000 0.00000000
4 0 0
22.00000000 23.00000000 0.00000000
2 0 0
23.00000000 23.00000000 0.00000000
2 0 0
26.00000000 23.00000000 0.00000000
2 0 0
35.00000000 23.00000000 0.00000000
3 0 0
38.00000000 23.00000000 0.00000000
3 0 0
40.00000000 23.00000000 0.00000000
4 0 0
43.00000000 23.00000000 0.00000000
4 0 0
58.00000000 23.00000000 0.00000000
2 0 0
62.00000000 23.00000000 0.00000000
0 0 0
65.00000000 23.00000000 0.00000000
0 0 0
0.00000000 24.00000000 0.00000000
3 0 0
4.00000000 24.00000000 0.00000000
4 0 0
11.00000000 24.00000000 0.00000000
1 0 0
17.00000000 24.00000000 0.00000000
1 0 0
18.00000000 24.00000000 0.00000000
4 0 0
21.00000000 24.00000000 0.00000000
4 0 0
22.00000000 24.00000000 0.00000000
4 0 0
22.00000000 26.00000000 0.00000000
2 0 0
23.00000000 24.00000000 0.00000000
2 0 0
23.00000000 26.00000000 0.00000000
7 1 0
22.00000000 25.00000000 0.00000000
4 0 0
32.00000000 24.00000000 0.00000000
4 0 0
32.00000000 26.00000000 0.00000000
2 0 0
33.00000000 24.00000000 0.00000000
2 0 0
33.00000000 26.00000000 0.00000000
10 1 0
32.00000000 25.00000000 0.00000000
4 0 0
35.00000000 24.00000000 0.00000000
4 0 0
43.00000000 24.00000000 0.00000000
4 0 0
58.00000000 24.00000000 0.00000000
4 0 0
59.00000000 24.00000000 0.00000000
2 0 0
60.00000000 24.00000000 0.00000000
2 0 0
61.00000000 24.00000000 0.00000000
0 0 0
65.00000000 24.00000000 0.00000000
0 0 0
0.00000000 25.00000000 0.00000000
2 0 0
7.00000000 25.00000000 0.00000000
4 0 0
11.00000000 25.00000000 0.00000000
4 0 0
13.00000000 25.00000000 0.00000000
4 0 0
13.00000000 27.00000000 0.00000000
2 0 0
14.00000000 25.00000000 0.00000000
2 0 0
14.00000000 27.00000000 0.00000000
11 1 0
13.00000000 26.00000000 0.00000000
4 0 0
21.00000000 25.00000000 0.00000000
3 0 0
27.00000000 25.00000000 0.00000000
4 0 0
35.00000000 25.00000000 0.00000000
3 0 0
37.00000000 25.00000000 0.00000000
3 0 0
40.00000000 25.00000000 0.00000000
4 0 0
43.00000000 25.00000000 0.00000000
4 0 0
58.00000000 25.00000000 0.00000000
0 0 0
65.00000000 25.00000000 0.00000000
0 0 0
0.00000000 26.00000000 0.00000000
3 0 0
6.00000000 26.00000000 0.00000000
4 0 0
11.00000000 26.00000000 0.00000000
1 0 0
12.00000000 26.00000000 0.00000000
1 0 0
17.00000000 26.00000000 0.00000000
1 0 0
18.00000000 26.00000000 0.00000000
4 0 0
21.00000000 26.00000000 0.00000000
4 0 0
35.00000000 26.00000000 0.00000000
4 0 0
39.00000000 26.00000000 0.00000000
2 0 0
40.00000000 26.00000000 0.00000000
2 0 0
43.00000000 26.00000000 0.00000000
2 0 0
46.00000000 26.00000000 0.00000000
2 0 0
54.00000000 26.00000000 0.00000000
2 0 0
57.00000000 26.00000000 0.00000000
4 0 0
58.00000000 26.00000000 0.00000000
2 0 0
59.00000000 26.00000000 0.00000000
3 0 0
62.00000000 26.00000000 0.00000000
3 0 0
63.00000000 26.00000000 0.00000000
0 0 0
65.00000000 26.00000000 0.00000000
0 0 0
0.00000000 27.00000000 0.00000000
4 1 0
2.50000000 27.00000000 0.00000000
5 1 0
3.50000000 27.00000000 0.00000000
4 1 0
2.00000000 28.00000000 0.00000000
1 1 0
3.00000000 28.00000000 0.00000000
1 1 0
4.00000000 28.00000000 0.00000000
2 1 0
5.00000000 28.00000000 0.00000000
4 1 0
2.50000000 29.00000000 0.00000000
13 1 0
3.50000000 29.00000000 0.00000000
2 1 0
4.50000000 29.00000000 0.00000000
4 1 0
2.00000000 30.00000000 0.00000000
1 1 0
3.00000000 30.00000000 0.00000000
1 1 0
4.00000000 30.00000000 0.00000000
2 1 0
5.00000000 30.00000000 0.00000000
4 1 0
2.50000000 31.00000000 0.00000000
5 1 0
3.50000000 31.00000000 0.00000000
4 0 0
10.00000000 27.00000000 0.00000000
4 0 0
11.00000000 27.00000000 0.00000000
1 0 0
17.00000000 27.00000000 0.00000000
1 0 0
18.00000000 27.00000000 0.00000000
4 0 0
22.00000000 27.00000000 0.00000000
2 0 0
23.00000000 27.00000000 0.00000000
4 2 0
26.50000000 27.00000000 0.00000000
5 2 0
27.50000000 27.00000000 0.00000000
4 2 0
26.00000000 28.00000000 0.00000000
1 2 0
27.00000000 28.00000000 0.00000000
1 2 0
28.00000000 28.00000000 0.00000000
2 2 0
29.00000000 28.00000000 0.00000000
4 2 0
26.50000000 29.00000000 0.00000000
13 1 0
27.50000000 29.00000000 0.00000000
2 2 0
28.50000000 29.00000000 0.00000000
4 2 0
26.00000000 30.00000000 0.00000000
1 2 0
27.00000000 30.00000000 0.00000000
1 2 0
28.00000000 30.00000000 0.00000000
2 2 0
29.00000000 30.00000000 0.00000000
4 2 0
26.50000000 31.00000000 0.00000000
5 2 0
27.50000000 31.00000000 0.00000000
2 0 0
35.00000000 27.00000000 0.00000000
2 0 0
38.00000000 27.00000000 0.00000000
4 0 0
39.00000000 27.00000000 0.00000000
3 0 0
47.00000000 27.00000000 0.00000000
4 0 0
54.00000000 27.00000000 0.00000000
2 0 0
57.00000000 27.00000000 0.00000000
2 0 0
58.00000000 27.00000000 0.00000000
2 0 0
59.00000000 27.00000000 0.00000000
3 0 0
62.00000000 27.00000000 0.00000000
0 0 0
65.00000000 27.00000000 0.00000000
0 0 0
0.00000000 28.00000000 0.00000000
2 0 0
7.00000000 28.00000000 0.00000000
4 0 0
10.00000000 28.00000000 0.00000000
4 0 0
11.00000000 28.00000000 0.00000000
3 0 0
20.00000000 28.00000000 0.00000000
3 0 0
46.00000000 28.00000000 0.00000000
4 0 0
50.00000000 28.00000000 0.00000000
4 0 0
50.00000000 30.00000000 0.00000000
2 0 0
51.00000000 28.00000000 0.00000000
2 0 0
51.00000000 30.00000000 0.00000000
12 1 0
50.00000000 29.00000000 0.00000000
4 0 0
54.00000000 28.00000000 0.00000000
3 0 0
62.00000000 28.00000000 0.00000000
0 0 0
65.00000000 28.00000000 0.00000000
0 0 0
0.00000000 29.00000000 0.00000000
4 0 0
10.00000000 29.00000000 0.00000000
4 0 0
11.00000000 29.00000000 0.00000000
3 0 0
19.00000000 29.00000000 0.00000000
4 0 0
54.00000000 29.00000000 0.00000000
0 0 0
65.00000000 29.00000000 0.00000000
0 0 0
0.00000000 30.00000000 0.00000000
2 0 0
7.00000000 30.00000000 0.00000000
4 0 0
10.00000000 30.00000000 0.00000000
4 0 0
11.00000000 30.00000000 0.00000000
4 0 0
54.00000000 30.00000000 0.00000000
0 0 0
65.00000000 30.00000000 0.00000000
0 0 0
0.00000000 31.00000000 0.00000000
4 0 0
10.00000000 31.00000000 0.00000000
4 0 0
11.00000000 31.00000000 0.00000000
4 0 0
13.00000000 31.00000000 0.00000000
4 0 0
13.00000000 33.00000000 0.00000000
2 0 0
14.00000000 31.00000000 0.00000000
2 0 0
14.00000000 33.00000000 0.00000000
12 1 0
13.00000000 32.00000000 0.00000000
1 0 0
17.00000000 31.00000000 0.00000000
1 0 0
18.00000000 31.00000000 0.00000000
4 0 0
22.00000000 31.00000000 0.00000000
2 0 0
23.00000000 31.00000000 0.00000000
2 0 0
35.00000000 31.00000000 0.00000000
2 0 0
38.00000000 31.00000000 0.00000000
4 0 0
39.00000000 31.00000000 0.00000000
3 0 0
46.00000000 31.00000000 0.00000000
4 0 0
54.00000000 31.00000000 0.00000000
2 0 0
57.00000000 31.00000000 0.00000000
2 0 0
58.00000000 31.00000000 0.00000000
2 0 0
59.00000000 31.00000000 0.00000000
3 0 0
61.00000000 31.00000000 0.00000000
3 0 0
64.00000000 31.00000000 0.00000000
0 0 0
65.00000000 31.00000000 0.00000000
0 0 0
0.00000000 32.00000000 0.00000000
4 0 0
11.00000000 32.00000000 0.00000000
1 0 0
12.00000000 32.00000000 0.00000000
1 0 0
17.00000000 32.00000000 0.00000000
1 0 0
18.00000000 32.00000000 0.00000000
4 0 0
21.00000000 32.00000000 0.00000000
4 0 0
22.00000000 32.00000000 0.00000000
4 0 0
22.00000000 34.00000000 0.00000000
2 0 0
23.00000000 32.00000000 0.00000000
2 0 0
23.00000000 34.00000000 0.00000000
7 1 0
22.00000000 33.00000000 0.00000000
4 0 0
32.00000000 32.00000000 0.00000000
4 0 0
32.00000000 34.00000000 0.00000000
2 0 0
33.00000000 32.00000000 0.00000000
2 0 0
33.00000000 34.00000000 0.00000000
10 1 0
32.00000000 33.00000000 0.00000000
4 0 0
35.00000000 32.00000000 0.00000000
4 0 0
39.00000000 32.00000000 0.00000000
2 0 0
40.00000000 32.00000000 0.00000000
2 0 0
43.00000000 32.00000000 0.00000000
2 0 0
46.00000000 32.00000000 0.00000000
2 0 0
54.00000000 32.00000000 0.00000000
2 0 0
57.00000000 32.00000000 0.00000000
4 0 0
58.00000000 32.00000000 0.00000000
2 0 0
59.00000000 32.00000000 0.00000000
3 0 0
64.00000000 32.00000000 0.00000000
0 0 0
65.00000000 32.00000000 0.00000000
0 0 0
0.00000000 33.00000000 0.00000000
3 0 0
3.00000000 33.00000000 0.00000000
3 0 0
4.00000000 33.00000000 0.00000000
3 0 0
5.00000000 33.00000000 0.00000000
2 0 0
7.00000000 33.00000000 0.00000000
4 0 0
11.00000000 33.00000000 0.00000000
4 0 0
21.00000000 33.00000000 0.00000000
3 0 0
30.00000000 33.00000000 0.00000000
4 0 0
35.00000000 33.00000000 0.00000000
4 0 0
43.00000000 33.00000000 0.00000000
4 2 0
48.50000000 33.00000000 0.00000000
5 2 0
49.50000000 33.00000000 0.00000000
4 2 0
48.00000000 34.00000000 0.00000000
1 2 0
49.00000000 34.00000000 0.00000000
1 2 0
50.00000000 34.00000000 0.00000000
2 2 0
51.00000000 34.00000000 0.00000000
4 2 0
48.50000000 35.00000000 0.00000000
13 1 0
49.50000000 35.00000000 0.00000000
2 2 0
50.50000000 35.00000000 0.00000000
4 2 0
48.00000000 36.00000000 0.00000000
1 2 0
49.00000000 36.00000000 0.00000000
1 2 0
50.00000000 36.00000000 0.00000000
2 2 0
51.00000000 36.00000000 0.00000000
4 2 0
48.50000000 37.00000000 0.00000000
5 2 0
49.50000000 37.00000000 0.00000000
4 0 0
58.00000000 33.00000000 0.00000000
3 0 0
64.00000000 33.00000000 0.00000000
0 0 0
65.00000000 33.00000000 0.00000000
0 0 0
0.00000000 34.00000000 0.00000000
6 0 0
1.00000000 34.00000000 0.00000000
6 0 0
2.00000000 34.00000000 0.00000000
6 0 0
3.00000000 34.00000000 0.00000000
6 0 0
4.00000000 34.00000000 0.00000000
3 0 0
5.00000000 34.00000000 0.00000000
4 0 0
11.00000000 34.00000000 0.00000000
1 0 0
17.00000000 34.00000000 0.00000000
1 0 0
18.00000000 34.00000000 0.00000000
4 0 0
21.00000000 34.00000000 0.00000000
3 0 0
27.00000000 34.00000000 0.00000000
4 0 0
29.00000000 34.00000000 0.00000000
4 0 0
29.00000000 36.00000000 0.00000000
2 0 0
30.00000000 34.00000000 0.00000000
2 0 0
30.00000000 36.00000000 0.00000000
12 1 0
29.00000000 35.00000000 0.00000000
4 0 0
35.00000000 34.00000000 0.00000000
4 0 0
43.00000000 34.00000000 0.00000000
4 0 0
45.00000000 34.00000000 0.00000000
4 0 0
45.00000000 36.00000000 0.00000000
2 0 0
46.00000000 34.00000000 0.00000000
2 0 0
46.00000000 36.00000000 0.00000000
12 1 0
45.00000000 35.00000000 0.00000000
4 0 0
58.00000000 34.00000000 0.00000000
4 0 0
59.00000000 34.00000000 0.00000000
2 0 0
60.00000000 34.00000000 0.00000000
2 0 0
61.00000000 34.00000000 0.00000000
0 0 0
65.00000000 34.00000000 0.00000000
0 0 0
0.00000000 35.00000000 0.00000000
3 0 0
3.00000000 35.00000000 0.00000000
3 0 0
4.00000000 35.00000000 0.00000000
3 0 0
5.00000000 35.00000000 0.00000000
3 0 0
9.00000000 35.00000000 0.00000000
4 0 0
11.00000000 35.00000000 0.00000000
1 0 0
17.00000000 35.00000000 0.00000000
1 0 0
18.00000000 35.00000000 0.00000000
4 0 0
22.00000000 35.00000000 0.00000000
2 0 0
23.00000000 35.00000000 0.00000000
2 0 0
26.00000000 35.00000000 0.00000000
2 0 0
35.00000000 35.00000000 0.00000000
4 0 0
43.00000000 35.00000000 0.00000000
4 0 0
58.00000000 35.00000000 0.00000000
2 0 0
62.00000000 35.00000000 0.00000000
0 0 0
65.00000000 35.00000000 0.00000000
0 0 0
0.00000000 36.00000000 0.00000000
2 0 0
7.00000000 36.00000000 0.00000000
4 0 0
11.00000000 36.00000000 0.00000000
4 0 0
13.00000000 36.00000000 0.00000000
4 0 0
13.00000000 38.00000000 0.00000000
2 0 0
14.00000000 36.00000000 0.00000000
2 0 0
14.00000000 38.00000000 0.00000000
9 1 0
13.00000000 37.00000000 0.00000000
3 0 0
19.00000000 36.00000000 0.00000000
4 0 0
22.00000000 36.00000000 0.00000000
1 0 0
32.00000000 36.00000000 0.00000000
1 0 0
33.00000000 36.00000000 0.00000000
4 0 0
43.00000000 36.00000000 0.00000000
4 0 0
55.00000000 36.00000000 0.00000000
4 0 0
55.00000000 38.00000000 0.00000000
2 0 0
56.00000000 36.00000000 0.00000000
2 0 0
56.00000000 38.00000000 0.00000000
9 1 0
55.00000000 37.00000000 0.00000000
4 0 0
58.00000000 36.00000000 0.00000000
2 0 0
63.00000000 36.00000000 0.00000000
0 0 0
65.00000000 36.00000000 0.00000000
0 0 0
0.00000000 37.00000000 0.00000000
3 0 0
2.00000000 37.00000000 0.00000000
4 0 0
11.00000000 37.00000000 0.00000000
1 0 0
12.00000000 37.00000000 0.00000000
3 0 0
19.00000000 37.00000000 0.00000000
4 0 0
22.00000000 37.00000000 0.00000000
3 0 0
29.00000000 37.00000000 0.00000000
1 0 0
32.00000000 37.00000000 0.00000000
1 0 0
33.00000000 37.00000000 0.00000000
3 0 0
36.00000000 37.00000000 0.00000000
3 0 0
39.00000000 37.00000000 0.00000000
3 0 0
41.00000000 37.00000000 0.00000000
4 0 0
43.00000000 37.00000000 0.00000000
4 0 0
58.00000000 37.00000000 0.00000000
4 0 0
60.00000000 37.00000000 0.00000000
2 0 0
63.00000000 37.00000000 0.00000000
0 0 0
65.00000000 37.00000000 0.00000000
0 0 0
0.00000000 38.00000000 0.00000000
6 0 0
4.00000000 38.00000000 0.00000000
6 0 0
5.00000000 38.00000000 0.00000000
6 0 0
6.00000000 38.00000000 0.00000000
6 0 0
7.00000000 38.00000000 0.00000000
6 0 0
8.00000000 38.00000000 0.00000000
6 0 0
9.00000000 38.00000000 0.00000000
6 0 0
10.00000000 38.00000000 0.00000000
4 0 0
11.00000000 38.00000000 0.00000000
4 0 0
22.00000000 38.00000000 0.00000000
3 0 0
24.00000000 38.00000000 0.00000000
3 0 0
31.00000000 38.00000000 0.00000000
2 0 0
40.00000000 38.00000000 0.00000000
3 0 0
41.00000000 38.00000000 0.00000000
2 0 0
43.00000000 38.00000000 0.00000000
2 0 0
46.00000000 38.00000000 0.00000000
4 0 0
58.00000000 38.00000000 0.00000000
2 0 0
60.00000000 38.00000000 0.00000000
4 0 0
63.00000000 38.00000000 0.00000000
0 0 0
65.00000000 38.00000000 0.00000000
0 0 0
0.00000000 39.00000000 0.00000000
6 0 0
4.00000000 39.00000000 0.00000000
4 0 0
11.00000000 39.00000000 0.00000000
4 0 0
18.00000000 39.00000000 0.00000000
2 0 0
19.00000000 39.00000000 0.00000000
2 0 0
22.00000000 39.00000000 0.00000000
2 0 0
26.00000000 39.00000000 0.00000000
4 0 0
27.00000000 39.00000000 0.00000000
4 0 0
28.00000000 39.00000000 0.00000000
4 0 0
29.00000000 39.00000000 0.00000000
4 0 0
30.00000000 39.00000000 0.00000000
4 0 0
31.00000000 39.00000000 0.00000000
2 0 0
32.00000000 39.00000000 0.00000000
4 0 0
58.00000000 39.00000000 0.00000000
2 0 0
60.00000000 39.00000000 0.00000000
0 0 0
65.00000000 39.00000000 0.00000000
0 0 0
0.00000000 40.00000000 0.00000000
3 0 0
1.00000000 40.00000000 0.00000000
6 0 0
4.00000000 40.00000000 0.00000000
4 0 0
7.00000000 40.00000000 0.00000000
4 0 0
7.00000000 42.00000000 0.00000000
2 0 0
8.00000000 40.00000000 0.00000000
2 0 0
8.00000000 42.00000000 0.00000000
12 1 0
7.00000000 41.00000000 0.00000000
4 0 0
11.00000000 40.00000000 0.00000000
4 0 0
13.00000000 40.00000000 0.00000000
4 0 0
14.00000000 40.00000000 0.00000000
4 0 0
17.00000000 40.00000000 0.00000000
4 0 0
18.00000000 40.00000000 0.00000000
4 0 0
18.00000000 42.00000000 0.00000000
2 0 0
19.00000000 40.00000000 0.00000000
2 0 0
19.00000000 42.00000000 0.00000000
9 1 0
18.00000000 41.00000000 0.00000000
3 0 0
26.00000000 40.00000000 0.00000000
1 0 0
34.00000000 40.00000000 0.00000000
1 0 0
35.00000000 40.00000000 0.00000000
4 0 0
37.00000000 40.00000000 0.00000000
2 0 0
38.00000000 40.00000000 0.00000000
2 0 0
48.00000000 40.00000000 0.00000000
4 0 0
49.00000000 40.00000000 0.00000000
1 0 0
51.00000000 40.00000000 0.00000000
1 0 0
52.00000000 40.00000000 0.00000000
4 0 0
55.00000000 40.00000000 0.00000000
4 0 0
56.00000000 40.00000000 0.00000000
4 0 0
58.00000000 40.00000000 0.00000000
2 0 0
61.00000000 40.00000000 0.00000000
0 0 0
65.00000000 40.00000000 0.00000000
0 0 0
0.00000000 41.00000000 0.00000000
3 0 0
3.00000000 41.00000000 0.00000000
6 0 0
4.00000000 41.00000000 0.00000000
3 0 0
5.00000000 41.00000000 0.00000000
4 0 0
11.00000000 41.00000000 0.00000000
4 0 0
14.00000000 41.00000000 0.00000000
4 0 0
17.00000000 41.00000000 0.00000000
1 0 0
34.00000000 41.00000000 0.00000000
1 0 0
35.00000000 41.00000000 0.00000000
1 0 0
43.00000000 41.00000000 0.00000000
1 0 0
51.00000000 41.00000000 0.00000000
1 0 0
52.00000000 41.00000000 0.00000000
4 0 0
55.00000000 41.00000000 0.00000000
4 0 0
58.00000000 41.00000000 0.00000000
2 0 0
62.00000000 41.00000000 0.00000000
2 0 0
63.00000000 41.00000000 0.00000000
4 0 0
64.00000000 41.00000000 0.00000000
0 0 0
65.00000000 41.00000000 0.00000000
0 0 0
0.00000000 42.00000000 0.00000000
3 0 0
3.00000000 42.00000000 0.00000000
6 0 0
4.00000000 42.00000000 0.00000000
3 0 0
5.00000000 42.00000000 0.00000000
4 0 0
11.00000000 42.00000000 0.00000000
4 0 0
14.00000000 42.00000000 0.00000000
4 0 0
17.00000000 42.00000000 0.00000000
3 0 0
28.00000000 42.00000000 0.00000000
4 0 0
37.00000000 42.00000000 0.00000000
2 0 0
38.00000000 42.00000000 0.00000000
1 0 0
42.00000000 42.00000000 0.00000000
4 0 0
43.00000000 42.00000000 0.00000000
1 0 0
44.00000000 42.00000000 0.00000000
2 0 0
48.00000000 42.00000000 0.00000000
4 0 0
49.00000000 42.00000000 0.00000000
4 0 0
55.00000000 42.00000000 0.00000000
4 0 0
58.00000000 42.00000000 0.00000000
0 0 0
65.00000000 42.00000000 0.00000000
0 0 0
0.00000000 43.00000000 0.00000000
3 0 0
3.00000000 43.00000000 0.00000000
3 0 0
4.00000000 43.00000000 0.00000000
3 0 0
5.00000000 43.00000000 0.00000000
3 0 0
9.00000000 43.00000000 0.00000000
4 0 0
10.00000000 43.00000000 0.00000000
4 0 0
11.00000000 43.00000000 0.00000000
4 0 0
14.00000000 43.00000000 0.00000000
4 0 0
18.00000000 43.00000000 0.00000000
2 0 0
19.00000000 43.00000000 0.00000000
2 0 0
22.00000000 43.00000000 0.00000000
4 0 0
23.00000000 43.00000000 0.00000000
4 0 0
24.00000000 43.00000000 0.00000000
4 0 0
25.00000000 43.00000000 0.00000000
4 0 0
26.00000000 43.00000000 0.00000000
4 0 0
27.00000000 43.00000000 0.00000000
4 0 0
28.00000000 43.00000000 0.00000000
4 0 0
29.00000000 43.00000000 0.00000000
4 0 0
30.00000000 43.00000000 0.00000000
4 0 0
31.00000000 43.00000000 0.00000000
4 0 0
32.00000000 43.00000000 0.00000000
4 0 0
33.00000000 43.00000000 0.00000000
4 0 0
34.00000000 43.00000000 0.00000000
4 0 0
35.00000000 43.00000000 0.00000000
4 0 0
36.00000000 43.00000000 0.00000000
4 0 0
37.00000000 43.00000000 0.00000000
1 0 0
43.00000000 43.00000000 0.00000000
4 0 0
49.00000000 43.00000000 0.00000000
4 0 0
50.00000000 43.00000000 0.00000000
4 0 0
51.00000000 43.00000000 0.00000000
4 0 0
52.00000000 43.00000000 0.00000000
4 0 0
55.00000000 43.00000000 0.00000000
4 0 0
58.00000000 43.00000000 0.00000000
0 0 0
65.00000000 43.00000000 0.00000000
0 0 0
0.00000000 44.00000000 0.00000000
3 0 0
7.00000000 44.00000000 0.00000000
4 0 0
10.00000000 44.00000000 0.00000000
4 0 0
11.00000000 44.00000000 0.00000000
4 0 0
14.00000000 44.00000000 0.00000000
1 0 0
40.00000000 44.00000000 0.00000000
1 0 0
46.00000000 44.00000000 0.00000000
4 0 0
55.00000000 44.00000000 0.00000000
4 0 0
58.00000000 44.00000000 0.00000000
4 0 0
59.00000000 44.00000000 0.00000000
0 0 0
65.00000000 44.00000000 0.00000000
0 0 0
0.00000000 45.00000000 0.00000000
3 0 0
9.00000000 45.00000000 0.00000000
4 0 0
10.00000000 45.00000000 0.00000000
4 0 0
11.00000000 45.00000000 0.00000000
4 0 0
14.00000000 45.00000000 0.00000000
3 0 0
26.00000000 45.00000000 0.00000000
1 0 0
39.00000000 45.00000000 0.00000000
4 0 0
40.00000000 45.00000000 0.00000000
1 0 0
41.00000000 45.00000000 0.00000000
1 0 0
45.00000000 45.00000000 0.00000000
4 0 0
46.00000000 45.00000000 0.00000000
1 0 0
47.00000000 45.00000000 0.00000000
3 0 0
54.00000000 45.00000000 0.00000000
4 0 0
55.00000000 45.00000000 0.00000000
4 0 0
58.00000000 45.00000000 0.00000000
4 0 0
59.00000000 45.00000000 0.00000000
0 0 0
65.00000000 45.00000000 0.00000000
0 0 0
0.00000000 46.00000000 0.00000000
6 0 0
1.00000000 46.00000000 0.00000000
6 0 0
2.00000000 46.00000000 0.00000000
3 0 0
5.00000000 46.00000000 0.00000000
3 0 0
6.00000000 46.00000000 0.00000000
3 0 0
7.00000000 46.00000000 0.00000000
4 0 0
10.00000000 46.00000000 0.00000000
4 0 0
11.00000000 46.00000000 0.00000000
3 0 0
32.00000000 46.00000000 0.00000000
1 0 0
40.00000000 46.00000000 0.00000000
1 0 0
46.00000000 46.00000000 0.00000000
4 0 0
55.00000000 46.00000000 0.00000000
4 0 0
58.00000000 46.00000000 0.00000000
4 0 0
59.00000000 46.00000000 0.00000000
0 0 0
65.00000000 46.00000000 0.00000000
0 0 0
0.00000000 47.00000000 0.00000000
6 0 0
2.00000000 47.00000000 0.00000000
6 0 0
3.00000000 47.00000000 0.00000000
6 0 0
4.00000000 47.00000000 0.00000000
6 0 0
5.00000000 47.00000000 0.00000000
6 0 0
6.00000000 47.00000000 0.00000000
3 0 0
7.00000000 47.00000000 0.00000000
4 0 0
10.00000000 47.00000000 0.00000000
4 0 0
11.00000000 47.00000000 0.00000000
4 0 0
12.00000000 47.00000000 0.00000000
4 0 0
13.00000000 47.00000000 0.00000000
4 0 0
14.00000000 47.00000000 0.00000000
4 0 0
15.00000000 47.00000000 0.00000000
4 0 0
16.00000000 47.00000000 0.00000000
4 0 0
17.00000000 47.00000000 0.00000000
4 0 0
18.00000000 47.00000000 0.00000000
2 0 0
19.00000000 47.00000000 0.00000000
2 0 0
22.00000000 47.00000000 0.00000000
4 0 0
23.00000000 47.00000000 0.00000000
4 0 0
24.00000000 47.00000000 0.00000000
4 0 0
25.00000000 47.00000000 0.00000000
4 0 0
26.00000000 47.00000000 0.00000000
4 0 0
27.00000000 47.00000000 0.00000000
4 0 0
28.00000000 47.00000000 0.00000000
4 0 0
29.00000000 47.00000000 0.00000000
4 0 0
30.00000000 47.00000000 0.00000000
4 0 0
31.00000000 47.00000000 0.00000000
4 0 0
32.00000000 47.00000000 0.00000000
4 0 0
33.00000000 47.00000000 0.00000000
4 0 0
34.00000000 47.00000000 0.00000000
4 0 0
35.00000000 47.00000000 0.00000000
4 0 0
36.00000000 47.00000000 0.00000000
4 0 0
37.00000000 47.00000000 0.00000000
1 0 0
43.00000000 47.00000000 0.00000000
4 0 0
49.00000000 47.00000000 0.00000000
4 0 0
50.00000000 47.00000000 0.00000000
4 0 0
51.00000000 47.00000000 0.00000000
4 0 0
52.00000000 47.00000000 0.00000000
4 0 0
58.00000000 47.00000000 0.00000000
4 0 0
59.00000000 47.00000000 0.00000000
0 0 0
65.00000000 47.00000000 0.00000000
0 0 0
0.00000000 48.00000000 0.00000000
3 0 0
5.00000000 48.00000000 0.00000000
3 0 0
6.00000000 48.00000000 0.00000000
3 0 0
7.00000000 48.00000000 0.00000000
4 0 0
11.00000000 48.00000000 0.00000000
4 0 0
12.00000000 48.00000000 0.00000000
4 0 0
13.00000000 48.00000000 0.00000000
4 0 0
14.00000000 48.00000000 0.00000000
4 0 0
15.00000000 48.00000000 0.00000000
3 0 0
20.00000000 48.00000000 0.00000000
3 0 0
21.00000000 48.00000000 0.00000000
6 0 0
34.00000000 48.00000000 0.00000000
4 0 0
37.00000000 48.00000000 0.00000000
2 0 0
38.00000000 48.00000000 0.00000000
1 0 0
42.00000000 48.00000000 0.00000000
4 0 0
43.00000000 48.00000000 0.00000000
1 0 0
44.00000000 48.00000000 0.00000000
2 0 0
48.00000000 48.00000000 0.00000000
4 0 0
49.00000000 48.00000000 0.00000000
4 0 0
52.00000000 48.00000000 0.00000000
4 0 0
53.00000000 48.00000000 0.00000000
4 0 0
54.00000000 48.00000000 0.00000000
4 0 0
55.00000000 48.00000000 0.00000000
4 0 0
56.00000000 48.00000000 0.00000000
4 0 0
57.00000000 48.00000000 0.00000000
4 0 0
58.00000000 48.00000000 0.00000000
4 0 0
59.00000000 48.00000000 0.00000000
0 0 0
65.00000000 48.00000000 0.00000000
0 0 0
0.00000000 49.00000000 0.00000000
6 0 0
12.00000000 49.00000000 0.00000000
6 0 0
34.00000000 49.00000000 0.00000000
6 0 0
37.00000000 49.00000000 0.00000000
3 0 0
39.00000000 49.00000000 0.00000000
3 0 0
40.00000000 49.00000000 0.00000000
3 0 0
41.00000000 49.00000000 0.00000000
1 0 0
43.00000000 49.00000000 0.00000000
3 0 0
45.00000000 49.00000000 0.00000000
3 0 0
46.00000000 49.00000000 0.00000000
3 0 0
47.00000000 49.00000000 0.00000000
6 0 0
52.00000000 49.00000000 0.00000000
4 0 0
54.00000000 49.00000000 0.00000000
4 0 0
55.00000000 49.00000000 0.00000000
4 0 0
56.00000000 49.00000000 0.00000000
4 0 0
57.00000000 49.00000000 0.00000000
4 0 0
58.00000000 49.00000000 0.00000000
0 0 0
65.00000000 49.00000000 0.00000000
0 0 0
0.00000000 50.00000000 0.00000000
6 0 0
3.00000000 50.00000000 0.00000000
6 0 0
4.00000000 50.00000000 0.00000000
6 0 0
5.00000000 50.00000000 0.00000000
6 0 0
6.00000000 50.00000000 0.00000000
6 0 0
7.00000000 50.00000000 0.00000000
6 0 0
8.00000000 50.00000000 0.00000000
6 0 0
9.00000000 50.00000000 0.00000000
6 0 0
10.00000000 50.00000000 0.00000000
6 0 0
11.00000000 50.00000000 0.00000000
6 0 0
12.00000000 50.00000000 0.00000000
4 0 0
30.00000000 50.00000000 0.00000000
4 0 0
30.00000000 52.00000000 0.00000000
2 0 0
31.00000000 50.00000000 0.00000000
2 0 0
31.00000000 52.00000000 0.00000000
11 1 0
30.00000000 51.00000000 0.00000000
6 0 0
34.00000000 50.00000000 0.00000000
6 0 0
37.00000000 50.00000000 0.00000000
6 0 0
50.00000000 50.00000000 0.00000000
6 0 0
51.00000000 50.00000000 0.00000000
6 0 0
52.00000000 50.00000000 0.00000000
6 0 0
57.00000000 50.00000000 0.00000000
3 0 0
60.00000000 50.00000000 0.00000000
3 0 0
61.00000000 50.00000000 0.00000000
3 0 0
62.00000000 50.00000000 0.00000000
0 0 0
65.00000000 50.00000000 0.00000000
0 0 0
0.00000000 51.00000000 0.00000000
6 0 0
3.00000000 51.00000000 0.00000000
3 0 0
8.00000000 51.00000000 0.00000000
4 0 0
18.00000000 51.00000000 0.00000000
2 0 0
19.00000000 51.00000000 0.00000000
2 0 0
22.00000000 51.00000000 0.00000000
4 2 0
25.50000000 51.00000000 0.00000000
5 2 0
26.50000000 51.00000000 0.00000000
4 2 0
25.00000000 52.00000000 0.00000000
1 2 0
26.00000000 52.00000000 0.00000000
1 2 0
27.00000000 52.00000000 0.00000000
2 2 0
28.00000000 52.00000000 0.00000000
4 2 0
25.50000000 53.00000000 0.00000000
13 1 0
26.50000000 53.00000000 0.00000000
2 2 0
27.50000000 53.00000000 0.00000000
4 2 0
25.00000000 54.00000000 0.00000000
1 2 0
26.00000000 54.00000000 0.00000000
1 2 0
27.00000000 54.00000000 0.00000000
2 2 0
28.00000000 54.00000000 0.00000000
4 2 0
25.50000000 55.00000000 0.00000000
5 2 0
26.50000000 55.00000000 0.00000000
6 0 0
37.00000000 51.00000000 0.00000000
3 0 0
40.00000000 51.00000000 0.00000000
3 0 0
41.00000000 51.00000000 0.00000000
3 0 0
42.00000000 51.00000000 0.00000000
6 0 0
45.00000000 51.00000000 0.00000000
6 0 0
46.00000000 51.00000000 0.00000000
6 0 0
47.00000000 51.00000000 0.00000000
6 0 0
48.00000000 51.00000000 0.00000000
6 0 0
49.00000000 51.00000000 0.00000000
6 0 0
50.00000000 51.00000000 0.00000000
6 0 0
57.00000000 51.00000000 0.00000000
3 0 0
60.00000000 51.00000000 0.00000000
6 0 0
61.00000000 51.00000000 0.00000000
3 0 0
62.00000000 51.00000000 0.00000000
0 0 0
65.00000000 51.00000000 0.00000000
0 0 0
0.00000000 52.00000000 0.00000000
3 0 0
2.00000000 52.00000000 0.00000000
6 0 0
3.00000000 52.00000000 0.00000000
3 0 0
4.00000000 52.00000000 0.00000000
4 0 0
6.00000000 52.00000000 0.00000000
4 0 0
6.00000000 54.00000000 0.00000000
2 0 0
7.00000000 52.00000000 0.00000000
2 0 0
7.00000000 54.00000000 0.00000000
7 1 0
6.00000000 53.00000000 0.00000000
3 0 0
10.00000000 52.00000000 0.00000000
4 0 0
17.00000000 52.00000000 0.00000000
4 0 0
18.00000000 52.00000000 0.00000000
4 0 0
18.00000000 54.00000000 0.00000000
2 0 0
19.00000000 52.00000000 0.00000000
2 0 0
19.00000000 54.00000000 0.00000000
8 1 0
18.00000000 53.00000000 0.00000000
6 0 0
37.00000000 52.00000000 0.00000000
6 0 0
38.00000000 52.00000000 0.00000000
6 0 0
39.00000000 52.00000000 0.00000000
6 0 0
40.00000000 52.00000000 0.00000000
6 0 0
41.00000000 52.00000000 0.00000000
3 0 0
42.00000000 52.00000000 0.00000000
6 0 0
45.00000000 52.00000000 0.00000000
6 0 0
57.00000000 52.00000000 0.00000000
3 0 0
60.00000000 52.00000000 0.00000000
6 0 0
61.00000000 52.00000000 0.00000000
3 0 0
62.00000000 52.00000000 0.00000000
0 0 0
65.00000000 52.00000000 0.00000000
0 0 0
0.00000000 53.00000000 0.00000000
3 0 0
2.00000000 53.00000000 0.00000000
6 0 0
3.00000000 53.00000000 0.00000000
3 0 0
4.00000000 53.00000000 0.00000000
3 0 0
10.00000000 53.00000000 0.00000000
4 0 0
17.00000000 53.00000000 0.00000000
6 0 0
34.00000000 53.00000000 0.00000000
3 0 0
40.00000000 53.00000000 0.00000000
3 0 0
41.00000000 53.00000000 0.00000000
3 0 0
42.00000000 53.00000000 0.00000000
6 0 0
45.00000000 53.00000000 0.00000000
3 0 0
47.00000000 53.00000000 0.00000000
3 0 0
48.00000000 53.00000000 0.00000000
3 0 0
49.00000000 53.00000000 0.00000000
3 0 0
55.00000000 53.00000000 0.00000000
6 0 0
57.00000000 53.00000000 0.00000000
6 0 0
58.00000000 53.00000000 0.00000000
6 0 0
61.00000000 53.00000000 0.00000000
0 0 0
65.00000000 53.00000000 0.00000000
0 0 0
0.00000000 54.00000000 0.00000000
3 0 0
2.00000000 54.00000000 0.00000000
3 0 0
3.00000000 54.00000000 0.00000000
3 0 0
4.00000000 54.00000000 0.00000000
4 0 0
17.00000000 54.00000000 0.00000000
4 0 0
30.00000000 54.00000000 0.00000000
4 0 0
30.00000000 56.00000000 0.00000000
2 0 0
31.00000000 54.00000000 0.00000000
2 0 0
31.00000000 56.00000000 0.00000000
10 1 0
30.00000000 55.00000000 0.00000000
6 0 0
45.00000000 54.00000000 0.00000000
6 0 0
46.00000000 54.00000000 0.00000000
6 0 0
47.00000000 54.00000000 0.00000000
6 0 0
48.00000000 54.00000000 0.00000000
3 0 0
49.00000000 54.00000000 0.00000000
6 0 0
58.00000000 54.00000000 0.00000000
6 0 0
61.00000000 54.00000000 0.00000000
0 0 0
65.00000000 54.00000000 0.00000000
0 0 0
0.00000000 55.00000000 0.00000000
3 0 0
10.00000000 55.00000000 0.00000000
4 0 0
18.00000000 55.00000000 0.00000000
2 0 0
19.00000000 55.00000000 0.00000000
2 0 0
22.00000000 55.00000000 0.00000000
3 0 0
47.00000000 55.00000000 0.00000000
3 0 0
48.00000000 55.00000000 0.00000000
3 0 0
49.00000000 55.00000000 0.00000000
3 0 0
53.00000000 55.00000000 0.00000000
6 0 0
58.00000000 55.00000000 0.00000000
6 0 0
59.00000000 55.00000000 0.00000000
6 0 0
60.00000000 55.00000000 0.00000000
6 0 0
61.00000000 55.00000000 0.00000000
0 0 0
65.00000000 55.00000000 0.00000000
0 0 0
0.00000000 56.00000000 0.00000000
3 0 0
6.00000000 56.00000000 0.00000000
3 0 0
10.00000000 56.00000000 0.00000000
6 0 0
34.00000000 56.00000000 0.00000000
3 0 0
39.00000000 56.00000000 0.00000000
3 0 0
42.00000000 56.00000000 0.00000000
3 0 0
53.00000000 56.00000000 0.00000000
0 0 0
65.00000000 56.00000000 0.00000000
0 0 0
0.00000000 57.00000000 0.00000000
3 0 0
10.00000000 57.00000000 0.00000000
3 0 0
26.00000000 57.00000000 0.00000000
6 0 0
34.00000000 57.00000000 0.00000000
3 0 0
41.00000000 57.00000000 0.00000000
3 0 0
54.00000000 57.00000000 0.00000000
0 0 0
65.00000000 57.00000000 0.00000000
0 0 0
0.00000000 58.00000000 0.00000000
0 0 0
1.00000000 58.00000000 0.00000000
0 0 0
2.00000000 58.00000000 0.00000000
0 0 0
3.00000000 58.00000000 0.00000000
0 0 0
4.00000000 58.00000000 0.00000000
0 0 0
5.00000000 58.00000000 0.00000000
0 0 0
6.00000000 58.00000000 0.00000000
0 0 0
7.00000000 58.00000000 0.00000000
0 0 0
8.00000000 58.00000000 0.00000000
0 0 0
9.00000000 58.00000000 0.00000000
0 0 0
10.00000000 58.00000000 0.00000000
0 0 0
11.00000000 58.00000000 0.00000000
0 0 0
12.00000000 58.00000000 0.00000000
0 0 0
13.00000000 58.00000000 0.00000000
0 0 0
14.00000000 58.00000000 0.00000000
0 0 0
15.00000000 58.00000000 0.00000000
0 0 0
16.00000000 58.00000000 0.00000000
0 0 0
17.00000000 58.00000000 0.00000000
0 0 0
18.00000000 58.00000000 0.00000000
0 0 0
19.00000000 58.00000000 0.00000000
0 0 0
20.00000000 58.00000000 0.00000000
0 0 0
21.00000000 58.00000000 0.00000000
0 0 0
22.00000000 58.00000000 0.00000000
0 0 0
23.00000000 58.00000000 0.00000000
0 0 0
24.00000000 58.00000000 0.00000000
0 0 0
25.00000000 58.00000000 0.00000000
0 0 0
26.00000000 58.00000000 0.00000000
0 0 0
27.00000000 58.00000000 0.00000000
0 0 0
28.00000000 58.00000000 0.00000000
0 0 0
29.00000000 58.00000000 0.00000000
0 0 0
30.00000000 58.00000000 0.00000000
0 0 0
31.00000000 58.00000000 0.00000000
0 0 0
32.00000000 58.00000000 0.00000000
0 0 0
33.00000000 58.00000000 0.00000000
0 0 0
34.00000000 58.00000000 0.00000000
0 0 0
35.00000000 58.00000000 0.00000000
0 0 0
36.00000000 58.00000000 0.00000000
0 0 0
37.00000000 58.00000000 0.00000000
0 0 0
38.00000000 58.00000000 0.00000000
0 0 0
39.00000000 58.00000000 0.00000000
0 0 0
40.00000000 58.00000000 0.00000000
0 0 0
41.00000000 58.00000000 0.00000000
0 0 0
42.00000000 58.00000000 0.00000000
0 0 0
43.00000000 58.00000000 0.00000000
0 0 0
44.00000000 58.00000000 0.00000000
0 0 0
45.00000000 58.00000000 0.00000000
0 0 0
46.00000000 58.00000000 0.00000000
0 0 0
47.00000000 58.00000000 0.00000000
0 0 0
48.00000000 58.00000000 0.00000000
0 0 0
49.00000000 58.00000000 0.00000000
0 0 0
50.00000000 58.00000000 0.00000000
0 0 0
51.00000000 58.00000000 0.00000000
0 0 0
52.00000000 58.00000000 0.00000000
0 0 0
53.00000000 58.00000000 0.00000000
0 0 0
54.00000000 58.00000000 0.00000000
0 0 0
55.00000000 58.00000000 0.00000000
0 0 0
56.00000000 58.00000000 0.00000000
0 0 0
57.00000000 58.00000000 0.00000000
0 0 0
58.00000000 58.00000000 0.00000000
0 0 0
59.00000000 58.00000000 0.00000000
0 0 0
60.00000000 58.00000000 0.00000000
0 0 0
61.00000000 58.00000000 0.00000000
0 0 0
62.00000000 58.00000000 0.00000000
0 0 0
63.00000000 58.00000000 0.00000000
0 0 0
64.00000000 58.00000000 0.00000000
0 0 0
65.00000000 58.00000000 0.00000000
9
1
1
0
0
0
1
5 3
-1.00000000 -1.00000000 -1.00000000
-1
0
0 100
16.00000000 49.50000000 0.00000000
270
-0.50000000 0.50000000
-0.50000000 0.49999970
0.00000000 1.85000002
0 0
1
0
1
0
0
0
1 1
-1.00000000 -1.00000000 -1.00000000
-1
0
0 100
6.50000000 22.50000000 0.00000000
180
-0.50000000 0.50000000
-0.50000000 0.48704207
0.00000000 0.69999999
0 0
2
1
1
1
0
1
1 0
-1.00000000 -1.00000000 -1.00000000
-1
0
0 4
7.50000000 3.50000000 0.00000000
270
-0.50000000 0.50000000
-0.50000000 0.50000000
0.20000000 2.79999995
0 58239
1
1
0
0
0
1
5 3
-1.00000000 -1.00000000 -1.00000000
-1
0
0 100
18.50000000 50.50000000 0.00000000
270
-0.50000000 0.50000000
-0.50000000 0.49999970
0.00000000 1.85000002
0 0
2
1
1
1
0
1
1 1
-1.00000000 -1.00000000 -1.00000000
-1
0
0 40
29.00000000 5.50000000 0.00000000
180
-0.50000000 0.50000000
-0.50000000 0.50000000
0.20000000 2.79999995
0 36101
1
1
1
1
0
1
4 1
-1.00000000 -1.00000000 -1.00000000
-1
0
0 82
19.00000000 12.50000000 0.00000000
180
-0.50000000 0.50000000
-0.50000000 0.50000000
0.00000000 2.70000005
0 0
2
1
1
1
1
1
4 1
-1.00000000 -1.00000000 -1.00000000
-1
0
0 100
13.50000000 12.50000000 0.00000000
270
-0.50000000 0.50000000
-0.50000000 0.50000000
0.20000000 3.59999990
0 5785
2
1
1
1
1
1
4 1
-1.00000000 -1.00000000 -1.00000000
-1
0
0 16
16.50000000 5.50000000 0.00000000
180
-0.50000000 0.50000000
-0.50000000 0.50000000
0.20000000 3.59999990
0 5395
2
1
1
1
1
1
4 1
-1.00000000 -1.00000000 -1.00000000
-1
0
0 92
20.00000000 8.50000000 0.00000000
0
-0.50000000 0.50000000
-0.50000000 0.50000000
0.20000000 3.59999990
0 5008
0
0
0
22 1 0 0
136 23 4 40 48 28 24 
6 14 40 10 0 0 2 
-1
0 7
