32 54
3 3 3 3 3 3 3 3 3 3 3 3 3 3 3 3 3 3 3 3 3 3 3 3 3 3 3 3 3 3 3 3 
3 3 3 3 3 3 0 0 0 0 0 0 0 0 0 3 2 2 3 2 2 3 0 0 0 0 0 3 2 3 2 3 
3 3 3 3 3 3 0 3 0 0 0 0 0 0 0 3 3 2 3 3 3 3 0 0 0 0 0 3 3 2 3 3 
3 3 3 3 3 3 0 0 0 0 3 3 3 0 0 3 0 0 0 0 0 0 3 0 3 0 3 3 2 3 2 3 
3 3 3 3 3 0 0 0 0 0 3 2 3 3 0 3 0 0 0 0 0 0 0 0 3 0 0 3 3 3 3 3 
3 3 3 3 3 3 0 0 3 3 3 2 3 0 0 3 0 0 3 3 3 3 3 3 3 0 0 3 2 2 2 3 
3 3 3 3 3 3 0 0 3 3 3 2 3 0 0 3 3 0 3 0 0 0 0 0 3 0 0 3 2 0 2 3 
3 3 3 3 3 3 0 0 0 0 3 2 3 0 0 3 0 0 3 0 0 0 0 0 3 0 0 3 2 0 2 3 
3 3 3 3 3 3 3 3 3 3 3 3 3 0 0 3 0 0 3 3 0 3 3 0 3 0 0 3 3 0 2 3 
3 2 3 3 3 3 0 0 3 0 0 0 0 0 0 0 0 0 3 0 0 3 0 0 3 0 0 3 0 0 2 3 
3 2 3 3 0 0 0 0 0 0 0 0 0 0 3 3 0 0 3 3 0 3 3 0 3 0 0 3 3 0 2 3 
3 2 3 3 3 3 0 3 0 0 0 0 0 0 0 0 0 0 3 0 0 0 0 0 3 0 0 3 2 0 2 3 
3 3 3 3 3 3 3 3 3 3 0 0 3 3 3 3 2 2 3 0 0 0 0 0 3 0 0 3 2 0 2 3 
3 3 3 0 0 0 0 0 0 3 0 0 3 3 3 3 3 3 3 3 0 0 0 3 3 0 0 3 3 0 3 3 
3 3 3 0 0 3 3 0 0 3 0 0 3 0 0 0 0 3 0 0 0 3 0 0 0 3 0 0 0 0 0 3 
3 3 0 0 0 3 0 0 3 3 3 0 3 0 0 0 0 0 0 0 0 0 0 0 0 0 0 0 0 0 0 3 
3 3 3 0 0 3 3 0 0 3 0 0 3 3 0 3 3 3 3 3 3 3 3 3 3 0 0 3 3 0 0 3 
3 3 3 0 0 0 0 0 0 3 0 0 3 0 0 3 3 3 3 3 3 3 3 3 3 0 0 3 3 0 3 3 
3 2 3 3 3 0 0 3 3 3 0 0 3 0 0 3 0 0 0 0 3 0 0 0 0 0 0 0 3 0 0 3 
3 3 3 0 0 0 0 0 0 0 0 0 3 0 0 0 0 0 3 0 3 0 3 3 0 3 3 0 3 0 0 3 
3 3 3 3 3 3 3 3 3 3 3 3 3 3 3 3 3 3 0 0 3 0 3 0 0 3 0 0 3 3 0 3 
3 3 0 0 0 0 0 3 0 0 0 0 1 2 3 3 2 1 0 0 3 0 3 3 0 3 3 0 3 3 0 3 
3 3 3 0 0 0 0 0 0 0 3 0 1 2 3 3 2 1 0 0 3 0 0 0 0 0 0 0 3 0 0 3 
3 1 1 1 3 3 3 3 3 3 3 3 3 3 3 3 3 3 3 3 3 3 3 3 3 3 3 3 3 0 0 3 
3 1 1 1 3 1 1 1 0 0 3 3 0 0 0 0 0 0 0 0 0 0 0 3 3 3 2 2 1 0 0 3 
3 2 2 3 3 3 1 1 0 0 0 0 0 0 3 3 0 0 0 0 3 0 0 3 3 3 2 2 1 0 0 3 
3 2 2 3 3 3 1 1 0 0 3 3 3 3 3 3 3 3 0 0 0 0 0 3 2 2 3 3 3 0 0 3 
3 3 3 3 3 3 1 3 3 3 3 2 0 0 0 0 2 3 3 3 3 0 0 3 2 2 3 2 3 0 0 3 
3 3 3 3 3 3 1 3 0 0 3 2 0 3 0 0 2 3 0 0 3 0 0 3 1 1 3 2 3 0 0 3 
3 3 3 3 2 2 1 3 0 0 0 2 0 0 0 0 2 0 0 3 3 0 0 0 0 3 3 2 3 0 0 3 
3 3 3 3 2 2 1 3 0 0 0 2 3 0 0 3 2 0 0 0 3 0 0 0 0 0 3 2 3 0 3 3 
3 3 3 3 3 3 3 3 3 3 3 3 3 0 0 3 3 3 3 3 3 3 3 3 3 3 3 3 3 0 0 3 
3 3 3 3 3 3 0 0 0 0 0 0 0 0 0 0 0 0 0 0 3 0 0 0 0 0 0 0 0 0 0 3 
3 3 3 3 3 3 0 0 0 0 0 0 0 0 0 0 0 0 0 0 3 0 0 0 0 3 3 3 0 0 0 3 
3 3 3 3 3 3 0 0 0 0 0 0 0 0 0 0 0 0 0 0 3 3 0 3 3 3 3 3 3 3 2 3 
3 3 3 3 3 0 0 0 0 0 3 3 0 0 0 0 3 3 0 0 3 0 0 3 2 2 3 2 2 3 2 3 
3 3 3 3 3 3 0 0 0 0 3 0 0 3 3 0 3 0 0 0 3 0 0 3 2 2 3 2 2 3 2 3 
3 3 3 3 3 3 3 0 0 0 3 3 0 3 3 0 3 3 0 0 3 0 0 3 1 1 3 1 1 3 2 3 
3 3 3 3 3 3 0 0 0 0 0 0 0 0 0 0 0 0 0 0 3 0 0 3 3 0 3 0 0 3 2 3 
3 3 3 3 3 3 3 0 0 0 3 3 0 3 3 0 3 3 0 0 3 0 0 3 0 0 3 0 0 3 2 3 
3 3 0 0 0 0 0 0 0 0 3 0 0 3 3 0 3 0 0 0 3 0 0 0 3 0 3 0 0 3 2 3 
3 3 3 3 3 3 3 0 0 0 3 3 0 0 0 0 3 3 0 0 3 0 3 0 0 0 3 0 0 3 3 3 
3 3 3 3 3 3 0 0 0 0 0 0 0 0 0 0 0 0 0 0 3 3 3 3 3 3 3 0 0 3 2 3 
3 3 3 3 3 3 3 0 0 0 0 0 3 0 0 0 0 0 0 0 0 0 0 0 0 0 3 3 0 3 2 3 
3 3 3 3 3 3 0 0 0 0 0 3 3 3 3 0 0 0 0 0 0 0 0 0 0 0 3 0 0 3 2 3 
3 3 3 3 3 0 0 0 0 0 0 0 3 3 0 0 0 0 0 0 3 3 3 3 0 0 3 0 0 3 3 3 
3 3 3 3 3 3 0 3 3 0 3 3 3 3 3 0 3 3 0 0 3 2 2 3 3 0 0 0 0 3 2 3 
3 3 3 3 3 3 0 3 0 0 3 2 3 2 3 0 3 0 0 0 3 3 2 3 0 0 0 0 0 3 2 3 
3 3 3 3 3 3 0 3 3 2 3 2 2 2 3 3 3 3 3 3 3 2 2 3 2 2 3 3 3 3 2 3 
3 3 3 3 3 3 0 3 3 3 3 3 3 3 3 3 3 3 3 3 3 3 3 3 3 3 3 3 3 3 3 3 
3 3 3 3 3 3 0 2 2 3 3 2 2 2 2 2 3 2 2 2 2 3 2 2 2 2 3 2 2 3 2 3 
3 3 3 3 3 3 0 3 3 3 3 3 2 3 3 3 3 3 2 3 3 3 3 3 3 3 3 3 2 3 2 3 
3 2 3 3 3 3 0 2 2 2 2 2 2 3 3 2 2 2 2 3 3 2 2 2 3 2 2 2 2 3 2 3 
3 3 3 3 3 3 3 3 3 3 3 3 3 3 3 3 3 3 3 3 3 3 3 3 3 3 3 3 3 3 3 3 
-1000.00000000 -3000.00000000 5000.00000000 1.00000000
-1000.00000000 -3000.00000000 5000.00000000
6.00000000 -6.00000000 11.00000000
20.00000000 42.00000000 0.00000000
25.00000000 51.67187500 2.79999995
0
762
4 0 0
0.00000000 0.00000000 0.00000000
4 0 0
1.00000000 0.00000000 0.00000000
4 0 0
2.00000000 0.00000000 0.00000000
4 0 0
3.00000000 0.00000000 0.00000000
4 0 0
4.00000000 0.00000000 0.00000000
4 0 0
5.00000000 0.00000000 0.00000000
4 0 0
6.00000000 0.00000000 0.00000000
4 0 0
7.00000000 0.00000000 0.00000000
4 0 0
8.00000000 0.00000000 0.00000000
4 0 0
9.00000000 0.00000000 0.00000000
4 0 0
10.00000000 0.00000000 0.00000000
4 0 0
11.00000000 0.00000000 0.00000000
4 0 0
12.00000000 0.00000000 0.00000000
4 0 0
13.00000000 0.00000000 0.00000000
4 0 0
14.00000000 0.00000000 0.00000000
4 0 0
15.00000000 0.00000000 0.00000000
4 0 0
16.00000000 0.00000000 0.00000000
4 0 0
17.00000000 0.00000000 0.00000000
4 0 0
18.00000000 0.00000000 0.00000000
4 0 0
19.00000000 0.00000000 0.00000000
4 0 0
20.00000000 0.00000000 0.00000000
4 0 0
21.00000000 0.00000000 0.00000000
4 0 0
22.00000000 0.00000000 0.00000000
4 0 0
23.00000000 0.00000000 0.00000000
4 0 0
24.00000000 0.00000000 0.00000000
4 0 0
25.00000000 0.00000000 0.00000000
4 0 0
26.00000000 0.00000000 0.00000000
4 0 0
27.00000000 0.00000000 0.00000000
4 0 0
28.00000000 0.00000000 0.00000000
4 0 0
29.00000000 0.00000000 0.00000000
4 0 0
30.00000000 0.00000000 0.00000000
4 0 0
31.00000000 0.00000000 0.00000000
4 0 0
0.00000000 1.00000000 0.00000000
4 0 0
5.00000000 1.00000000 0.00000000
2 0 0
15.00000000 1.00000000 0.00000000
4 0 0
18.00000000 1.00000000 0.00000000
0 0 0
19.00000000 1.00000000 0.00000000
0 0 0
20.00000000 1.00000000 0.00000000
4 0 0
21.00000000 1.00000000 0.00000000
4 0 0
27.00000000 1.00000000 0.00000000
0 0 0
28.00000000 1.00000000 0.00000000
3 0 0
29.00000000 1.00000000 0.00000000
0 0 0
30.00000000 1.00000000 0.00000000
4 0 0
31.00000000 1.00000000 0.00000000
4 0 0
0.00000000 2.00000000 0.00000000
4 1 0
2.50000000 2.00000000 0.00000000
5 1 0
3.50000000 2.00000000 0.00000000
4 1 0
2.00000000 3.00000000 0.00000000
1 1 0
3.00000000 3.00000000 0.00000000
1 1 0
4.00000000 3.00000000 0.00000000
2 1 0
5.00000000 3.00000000 0.00000000
4 1 0
2.50000000 4.00000000 0.00000000
13 1 0
3.50000000 4.00000000 0.00000000
2 1 0
4.50000000 4.00000000 0.00000000
4 1 0
2.00000000 5.00000000 0.00000000
1 1 0
3.00000000 5.00000000 0.00000000
1 1 0
4.00000000 5.00000000 0.00000000
2 1 0
5.00000000 5.00000000 0.00000000
4 1 0
2.50000000 6.00000000 0.00000000
5 1 0
3.50000000 6.00000000 0.00000000
4 0 0
5.00000000 2.00000000 0.00000000
3 0 0
7.00000000 2.00000000 0.00000000
2 0 0
15.00000000 2.00000000 0.00000000
6 0 0
16.00000000 2.00000000 0.00000000
4 0 0
18.00000000 2.00000000 0.00000000
4 0 0
19.00000000 2.00000000 0.00000000
4 0 0
20.00000000 2.00000000 0.00000000
4 0 0
21.00000000 2.00000000 0.00000000
4 0 0
27.00000000 2.00000000 0.00000000
3 0 0
28.00000000 2.00000000 0.00000000
0 0 0
29.00000000 2.00000000 0.00000000
3 0 0
30.00000000 2.00000000 0.00000000
4 0 0
31.00000000 2.00000000 0.00000000
4 0 0
0.00000000 3.00000000 0.00000000
4 0 0
10.00000000 3.00000000 0.00000000
4 0 0
11.00000000 3.00000000 0.00000000
4 0 0
12.00000000 3.00000000 0.00000000
2 0 0
15.00000000 3.00000000 0.00000000
3 0 0
22.00000000 3.00000000 0.00000000
2 0 0
24.00000000 3.00000000 0.00000000
3 0 0
26.00000000 3.00000000 0.00000000
4 0 0
27.00000000 3.00000000 0.00000000
0 0 0
28.00000000 3.00000000 0.00000000
3 0 0
29.00000000 3.00000000 0.00000000
0 0 0
30.00000000 3.00000000 0.00000000
4 0 0
31.00000000 3.00000000 0.00000000
4 0 0
0.00000000 4.00000000 0.00000000
4 0 0
10.00000000 4.00000000 0.00000000
0 0 0
11.00000000 4.00000000 0.00000000
4 0 0
12.00000000 4.00000000 0.00000000
3 0 0
13.00000000 4.00000000 0.00000000
2 0 0
15.00000000 4.00000000 0.00000000
2 0 0
24.00000000 4.00000000 0.00000000
4 0 0
27.00000000 4.00000000 0.00000000
4 0 0
28.00000000 4.00000000 0.00000000
4 0 0
29.00000000 4.00000000 0.00000000
4 0 0
30.00000000 4.00000000 0.00000000
4 0 0
31.00000000 4.00000000 0.00000000
4 0 0
0.00000000 5.00000000 0.00000000
0 0 0
11.00000000 5.00000000 0.00000000
4 0 0
12.00000000 5.00000000 0.00000000
2 0 0
15.00000000 5.00000000 0.00000000
4 0 0
18.00000000 5.00000000 0.00000000
4 0 0
19.00000000 5.00000000 0.00000000
4 0 0
20.00000000 5.00000000 0.00000000
4 0 0
21.00000000 5.00000000 0.00000000
4 0 0
22.00000000 5.00000000 0.00000000
4 0 0
23.00000000 5.00000000 0.00000000
4 0 0
24.00000000 5.00000000 0.00000000
4 0 0
27.00000000 5.00000000 0.00000000
4 0 0
31.00000000 5.00000000 0.00000000
4 0 0
0.00000000 6.00000000 0.00000000
4 0 0
5.00000000 6.00000000 0.00000000
4 0 0
12.00000000 6.00000000 0.00000000
2 0 0
15.00000000 6.00000000 0.00000000
3 0 0
16.00000000 6.00000000 0.00000000
4 0 0
18.00000000 6.00000000 0.00000000
4 0 0
24.00000000 6.00000000 0.00000000
4 0 0
27.00000000 6.00000000 0.00000000
4 0 0
31.00000000 6.00000000 0.00000000
4 0 0
0.00000000 7.00000000 0.00000000
4 0 0
5.00000000 7.00000000 0.00000000
4 0 0
12.00000000 7.00000000 0.00000000
2 0 0
15.00000000 7.00000000 0.00000000
4 0 0
18.00000000 7.00000000 0.00000000
4 0 0
24.00000000 7.00000000 0.00000000
4 0 0
27.00000000 7.00000000 0.00000000
4 0 0
31.00000000 7.00000000 0.00000000
4 0 0
0.00000000 8.00000000 0.00000000
4 0 0
1.00000000 8.00000000 0.00000000
4 0 0
2.00000000 8.00000000 0.00000000
4 0 0
3.00000000 8.00000000 0.00000000
4 0 0
4.00000000 8.00000000 0.00000000
4 0 0
5.00000000 8.00000000 0.00000000
2 0 0
6.00000000 8.00000000 0.00000000
4 0 0
12.00000000 8.00000000 0.00000000
2 0 0
15.00000000 8.00000000 0.00000000
4 0 0
18.00000000 8.00000000 0.00000000
4 0 0
18.00000000 10.00000000 0.00000000
2 0 0
19.00000000 8.00000000 0.00000000
2 0 0
19.00000000 10.00000000 0.00000000
7 1 0
18.00000000 9.00000000 0.00000000
4 0 0
21.00000000 8.00000000 0.00000000
4 0 0
21.00000000 10.00000000 0.00000000
2 0 0
22.00000000 8.00000000 0.00000000
2 0 0
22.00000000 10.00000000 0.00000000
11 1 0
21.00000000 9.00000000 0.00000000
4 0 0
24.00000000 8.00000000 0.00000000
4 0 0
27.00000000 8.00000000 0.00000000
4 0 0
27.00000000 10.00000000 0.00000000
2 0 0
28.00000000 8.00000000 0.00000000
2 0 0
28.00000000 10.00000000 0.00000000
9 1 0
27.00000000 9.00000000 0.00000000
4 0 0
31.00000000 8.00000000 0.00000000
4 0 0
0.00000000 9.00000000 0.00000000
0 0 0
1.00000000 9.00000000 0.00000000
4 0 0
2.00000000 9.00000000 0.00000000
4 0 0
3.00000000 9.00000000 0.00000000
4 0 0
3.00000000 11.00000000 0.00000000
2 0 0
4.00000000 9.00000000 0.00000000
2 0 0
4.00000000 11.00000000 0.00000000
7 1 0
3.00000000 10.00000000 0.00000000
4 0 0
5.00000000 9.00000000 0.00000000
4 0 0
24.00000000 9.00000000 0.00000000
4 0 0
31.00000000 9.00000000 0.00000000
4 0 0
0.00000000 10.00000000 0.00000000
0 0 0
1.00000000 10.00000000 0.00000000
4 0 0
2.00000000 10.00000000 0.00000000
3 0 0
14.00000000 10.00000000 0.00000000
3 0 0
15.00000000 10.00000000 0.00000000
4 0 0
24.00000000 10.00000000 0.00000000
4 0 0
31.00000000 10.00000000 0.00000000
4 0 0
0.00000000 11.00000000 0.00000000
0 0 0
1.00000000 11.00000000 0.00000000
4 0 0
2.00000000 11.00000000 0.00000000
4 0 0
5.00000000 11.00000000 0.00000000
3 0 0
7.00000000 11.00000000 0.00000000
4 0 0
18.00000000 11.00000000 0.00000000
4 0 0
24.00000000 11.00000000 0.00000000
4 0 0
27.00000000 11.00000000 0.00000000
4 0 0
31.00000000 11.00000000 0.00000000
4 0 0
0.00000000 12.00000000 0.00000000
4 0 0
1.00000000 12.00000000 0.00000000
4 0 0
2.00000000 12.00000000 0.00000000
4 0 0
3.00000000 12.00000000 0.00000000
4 0 0
4.00000000 12.00000000 0.00000000
4 0 0
5.00000000 12.00000000 0.00000000
4 0 0
6.00000000 12.00000000 0.00000000
4 0 0
7.00000000 12.00000000 0.00000000
4 0 0
8.00000000 12.00000000 0.00000000
4 0 0
9.00000000 12.00000000 0.00000000
4 0 0
12.00000000 12.00000000 0.00000000
2 0 0
13.00000000 12.00000000 0.00000000
2 0 0
14.00000000 12.00000000 0.00000000
2 0 0
15.00000000 12.00000000 0.00000000
4 0 0
18.00000000 12.00000000 0.00000000
4 0 0
24.00000000 12.00000000 0.00000000
4 0 0
27.00000000 12.00000000 0.00000000
4 0 0
31.00000000 12.00000000 0.00000000
4 0 0
0.00000000 13.00000000 0.00000000
4 0 0
1.00000000 13.00000000 0.00000000
4 0 0
2.00000000 13.00000000 0.00000000
4 0 0
9.00000000 13.00000000 0.00000000
4 0 0
12.00000000 13.00000000 0.00000000
2 0 0
13.00000000 13.00000000 0.00000000
2 0 0
14.00000000 13.00000000 0.00000000
2 0 0
15.00000000 13.00000000 0.00000000
2 0 0
16.00000000 13.00000000 0.00000000
2 0 0
17.00000000 13.00000000 0.00000000
4 0 0
18.00000000 13.00000000 0.00000000
4 0 0
19.00000000 13.00000000 0.00000000
4 0 0
23.00000000 13.00000000 0.00000000
4 0 0
24.00000000 13.00000000 0.00000000
4 0 0
27.00000000 13.00000000 0.00000000
4 0 0
28.00000000 13.00000000 0.00000000
4 0 0
30.00000000 13.00000000 0.00000000
4 0 0
31.00000000 13.00000000 0.00000000
4 0 0
0.00000000 14.00000000 0.00000000
4 0 0
1.00000000 14.00000000 0.00000000
4 0 0
1.00000000 16.00000000 0.00000000
2 0 0
2.00000000 14.00000000 0.00000000
2 0 0
2.00000000 16.00000000 0.00000000
10 1 0
1.00000000 15.00000000 0.00000000
4 0 0
5.00000000 14.00000000 0.00000000
4 0 0
5.00000000 16.00000000 0.00000000
2 0 0
6.00000000 14.00000000 0.00000000
2 0 0
6.00000000 16.00000000 0.00000000
9 1 0
5.00000000 15.00000000 0.00000000
4 0 0
9.00000000 14.00000000 0.00000000
4 0 0
12.00000000 14.00000000 0.00000000
3 0 0
17.00000000 14.00000000 0.00000000
3 0 0
21.00000000 14.00000000 0.00000000
3 0 0
25.00000000 14.00000000 0.00000000
4 0 0
31.00000000 14.00000000 0.00000000
4 0 0
0.00000000 15.00000000 0.00000000
3 0 0
8.00000000 15.00000000 0.00000000
4 0 0
9.00000000 15.00000000 0.00000000
3 0 0
10.00000000 15.00000000 0.00000000
4 0 0
12.00000000 15.00000000 0.00000000
4 0 0
31.00000000 15.00000000 0.00000000
4 0 0
0.00000000 16.00000000 0.00000000
4 0 0
9.00000000 16.00000000 0.00000000
4 0 0
12.00000000 16.00000000 0.00000000
3 0 0
13.00000000 16.00000000 0.00000000
2 0 0
15.00000000 16.00000000 0.00000000
2 0 0
16.00000000 16.00000000 0.00000000
2 0 0
17.00000000 16.00000000 0.00000000
2 0 0
18.00000000 16.00000000 0.00000000
2 0 0
19.00000000 16.00000000 0.00000000
2 0 0
20.00000000 16.00000000 0.00000000
2 0 0
21.00000000 16.00000000 0.00000000
2 0 0
22.00000000 16.00000000 0.00000000
2 0 0
23.00000000 16.00000000 0.00000000
2 0 0
24.00000000 16.00000000 0.00000000
2 0 0
27.00000000 16.00000000 0.00000000
2 0 0
28.00000000 16.00000000 0.00000000
4 0 0
31.00000000 16.00000000 0.00000000
4 0 0
0.00000000 17.00000000 0.00000000
4 0 0
1.00000000 17.00000000 0.00000000
4 0 0
2.00000000 17.00000000 0.00000000
4 0 0
12.00000000 17.00000000 0.00000000
2 0 0
15.00000000 17.00000000 0.00000000
2 0 0
16.00000000 17.00000000 0.00000000
2 0 0
17.00000000 17.00000000 0.00000000
2 0 0
18.00000000 17.00000000 0.00000000
2 0 0
19.00000000 17.00000000 0.00000000
4 0 0
20.00000000 17.00000000 0.00000000
4 0 0
21.00000000 17.00000000 0.00000000
4 0 0
22.00000000 17.00000000 0.00000000
4 0 0
23.00000000 17.00000000 0.00000000
4 0 0
24.00000000 17.00000000 0.00000000
4 0 0
27.00000000 17.00000000 0.00000000
4 0 0
28.00000000 17.00000000 0.00000000
3 0 0
30.00000000 17.00000000 0.00000000
4 0 0
31.00000000 17.00000000 0.00000000
4 0 0
0.00000000 18.00000000 0.00000000
0 0 0
1.00000000 18.00000000 0.00000000
4 0 0
2.00000000 18.00000000 0.00000000
4 0 0
3.00000000 18.00000000 0.00000000
4 0 0
4.00000000 18.00000000 0.00000000
4 0 0
12.00000000 18.00000000 0.00000000
3 0 0
15.00000000 18.00000000 0.00000000
4 0 0
20.00000000 18.00000000 0.00000000
4 0 0
28.00000000 18.00000000 0.00000000
4 0 0
31.00000000 18.00000000 0.00000000
4 0 0
0.00000000 19.00000000 0.00000000
4 0 0
1.00000000 19.00000000 0.00000000
4 0 0
2.00000000 19.00000000 0.00000000
4 0 0
12.00000000 19.00000000 0.00000000
3 0 0
18.00000000 19.00000000 0.00000000
4 0 0
20.00000000 19.00000000 0.00000000
4 0 0
22.00000000 19.00000000 0.00000000
4 0 0
22.00000000 21.00000000 0.00000000
2 0 0
23.00000000 19.00000000 0.00000000
2 0 0
23.00000000 21.00000000 0.00000000
12 1 0
22.00000000 20.00000000 0.00000000
4 0 0
25.00000000 19.00000000 0.00000000
4 0 0
25.00000000 21.00000000 0.00000000
2 0 0
26.00000000 19.00000000 0.00000000
2 0 0
26.00000000 21.00000000 0.00000000
12 1 0
25.00000000 20.00000000 0.00000000
4 0 0
28.00000000 19.00000000 0.00000000
4 0 0
31.00000000 19.00000000 0.00000000
4 0 0
0.00000000 20.00000000 0.00000000
4 0 0
1.00000000 20.00000000 0.00000000
4 0 0
1.00000000 22.00000000 0.00000000
2 0 0
2.00000000 20.00000000 0.00000000
2 0 0
2.00000000 22.00000000 0.00000000
12 1 0
1.00000000 21.00000000 0.00000000
4 0 0
3.00000000 20.00000000 0.00000000
4 0 0
4.00000000 20.00000000 0.00000000
4 0 0
5.00000000 20.00000000 0.00000000
4 0 0
6.00000000 20.00000000 0.00000000
4 0 0
12.00000000 20.00000000 0.00000000
2 0 0
13.00000000 20.00000000 0.00000000
2 0 0
14.00000000 20.00000000 0.00000000
2 0 0
15.00000000 20.00000000 0.00000000
4 0 0
20.00000000 20.00000000 0.00000000
4 0 0
28.00000000 20.00000000 0.00000000
3 0 0
29.00000000 20.00000000 0.00000000
4 0 0
31.00000000 20.00000000 0.00000000
4 0 0
0.00000000 21.00000000 0.00000000
3 0 0
7.00000000 21.00000000 0.00000000
4 0 0
20.00000000 21.00000000 0.00000000
4 0 0
28.00000000 21.00000000 0.00000000
3 0 0
29.00000000 21.00000000 0.00000000
4 0 0
31.00000000 21.00000000 0.00000000
4 0 0
0.00000000 22.00000000 0.00000000
3 0 0
10.00000000 22.00000000 0.00000000
4 0 0
20.00000000 22.00000000 0.00000000
4 0 0
28.00000000 22.00000000 0.00000000
4 0 0
31.00000000 22.00000000 0.00000000
4 0 0
0.00000000 23.00000000 0.00000000
4 0 0
4.00000000 23.00000000 0.00000000
4 0 0
4.00000000 25.00000000 0.00000000
2 0 0
5.00000000 23.00000000 0.00000000
2 0 0
5.00000000 25.00000000 0.00000000
10 1 0
4.00000000 24.00000000 0.00000000
4 0 0
6.00000000 23.00000000 0.00000000
4 0 0
7.00000000 23.00000000 0.00000000
2 0 0
8.00000000 23.00000000 0.00000000
2 0 0
9.00000000 23.00000000 0.00000000
2 0 0
10.00000000 23.00000000 0.00000000
2 0 0
11.00000000 23.00000000 0.00000000
2 0 0
12.00000000 23.00000000 0.00000000
2 0 0
13.00000000 23.00000000 0.00000000
2 0 0
14.00000000 23.00000000 0.00000000
4 0 0
20.00000000 23.00000000 0.00000000
4 0 0
21.00000000 23.00000000 0.00000000
4 0 0
22.00000000 23.00000000 0.00000000
4 0 0
23.00000000 23.00000000 0.00000000
4 0 0
24.00000000 23.00000000 0.00000000
4 0 0
25.00000000 23.00000000 0.00000000
4 0 0
26.00000000 23.00000000 0.00000000
4 0 0
27.00000000 23.00000000 0.00000000
4 0 0
28.00000000 23.00000000 0.00000000
4 0 0
31.00000000 23.00000000 0.00000000
4 0 0
0.00000000 24.00000000 0.00000000
3 0 0
10.00000000 24.00000000 0.00000000
3 0 0
11.00000000 24.00000000 0.00000000
2 0 0
23.00000000 24.00000000 0.00000000
4 0 0
31.00000000 24.00000000 0.00000000
4 0 0
0.00000000 25.00000000 0.00000000
2 0 0
3.00000000 25.00000000 0.00000000
3 0 0
14.00000000 25.00000000 0.00000000
3 0 0
15.00000000 25.00000000 0.00000000
3 0 0
20.00000000 25.00000000 0.00000000
2 0 0
23.00000000 25.00000000 0.00000000
4 0 0
31.00000000 25.00000000 0.00000000
4 0 0
0.00000000 26.00000000 0.00000000
2 0 0
3.00000000 26.00000000 0.00000000
4 0 0
4.00000000 26.00000000 0.00000000
3 0 0
5.00000000 26.00000000 0.00000000
2 0 0
10.00000000 26.00000000 0.00000000
2 0 0
11.00000000 26.00000000 0.00000000
2 0 0
12.00000000 26.00000000 0.00000000
2 0 0
13.00000000 26.00000000 0.00000000
2 0 0
14.00000000 26.00000000 0.00000000
2 0 0
15.00000000 26.00000000 0.00000000
2 0 0
16.00000000 26.00000000 0.00000000
2 0 0
17.00000000 26.00000000 0.00000000
2 0 0
23.00000000 26.00000000 0.00000000
4 0 0
26.00000000 26.00000000 0.00000000
4 0 0
27.00000000 26.00000000 0.00000000
4 0 0
28.00000000 26.00000000 0.00000000
4 0 0
31.00000000 26.00000000 0.00000000
4 0 0
0.00000000 27.00000000 0.00000000
2 0 0
3.00000000 27.00000000 0.00000000
4 0 0
4.00000000 27.00000000 0.00000000
3 0 0
5.00000000 27.00000000 0.00000000
4 0 0
7.00000000 27.00000000 0.00000000
2 0 0
10.00000000 27.00000000 0.00000000
2 0 0
17.00000000 27.00000000 0.00000000
2 0 0
20.00000000 27.00000000 0.00000000
2 0 0
23.00000000 27.00000000 0.00000000
4 0 0
26.00000000 27.00000000 0.00000000
0 0 0
27.00000000 27.00000000 0.00000000
4 0 0
28.00000000 27.00000000 0.00000000
4 0 0
31.00000000 27.00000000 0.00000000
4 0 0
0.00000000 28.00000000 0.00000000
2 0 0
3.00000000 28.00000000 0.00000000
2 0 0
4.00000000 28.00000000 0.00000000
3 0 0
5.00000000 28.00000000 0.00000000
2 0 0
7.00000000 28.00000000 0.00000000
2 0 0
10.00000000 28.00000000 0.00000000
3 0 0
13.00000000 28.00000000 0.00000000
2 0 0
17.00000000 28.00000000 0.00000000
2 0 0
20.00000000 28.00000000 0.00000000
2 0 0
23.00000000 28.00000000 0.00000000
4 0 0
26.00000000 28.00000000 0.00000000
0 0 0
27.00000000 28.00000000 0.00000000
4 0 0
28.00000000 28.00000000 0.00000000
4 0 0
31.00000000 28.00000000 0.00000000
4 0 0
0.00000000 29.00000000 0.00000000
3 0 0
1.00000000 29.00000000 0.00000000
2 0 0
7.00000000 29.00000000 0.00000000
3 0 0
19.00000000 29.00000000 0.00000000
2 0 0
20.00000000 29.00000000 0.00000000
3 0 0
25.00000000 29.00000000 0.00000000
4 0 0
26.00000000 29.00000000 0.00000000
0 0 0
27.00000000 29.00000000 0.00000000
4 0 0
28.00000000 29.00000000 0.00000000
4 0 0
31.00000000 29.00000000 0.00000000
4 0 0
0.00000000 30.00000000 0.00000000
6 0 0
1.00000000 30.00000000 0.00000000
3 0 0
2.00000000 30.00000000 0.00000000
2 0 0
7.00000000 30.00000000 0.00000000
2 0 0
12.00000000 30.00000000 0.00000000
2 0 0
15.00000000 30.00000000 0.00000000
2 0 0
20.00000000 30.00000000 0.00000000
4 0 0
26.00000000 30.00000000 0.00000000
0 0 0
27.00000000 30.00000000 0.00000000
4 0 0
28.00000000 30.00000000 0.00000000
3 0 0
30.00000000 30.00000000 0.00000000
4 0 0
31.00000000 30.00000000 0.00000000
4 0 0
0.00000000 31.00000000 0.00000000
4 0 0
1.00000000 31.00000000 0.00000000
4 0 0
2.00000000 31.00000000 0.00000000
4 0 0
3.00000000 31.00000000 0.00000000
4 0 0
4.00000000 31.00000000 0.00000000
4 0 0
5.00000000 31.00000000 0.00000000
4 0 0
6.00000000 31.00000000 0.00000000
4 0 0
7.00000000 31.00000000 0.00000000
4 0 0
8.00000000 31.00000000 0.00000000
4 0 0
9.00000000 31.00000000 0.00000000
4 0 0
10.00000000 31.00000000 0.00000000
4 0 0
11.00000000 31.00000000 0.00000000
4 0 0
12.00000000 31.00000000 0.00000000
4 0 0
15.00000000 31.00000000 0.00000000
4 0 0
16.00000000 31.00000000 0.00000000
4 0 0
17.00000000 31.00000000 0.00000000
4 0 0
18.00000000 31.00000000 0.00000000
4 0 0
19.00000000 31.00000000 0.00000000
4 0 0
20.00000000 31.00000000 0.00000000
2 0 0
21.00000000 31.00000000 0.00000000
2 0 0
22.00000000 31.00000000 0.00000000
2 0 0
23.00000000 31.00000000 0.00000000
2 0 0
24.00000000 31.00000000 0.00000000
2 0 0
25.00000000 31.00000000 0.00000000
4 0 0
26.00000000 31.00000000 0.00000000
4 0 0
27.00000000 31.00000000 0.00000000
4 0 0
28.00000000 31.00000000 0.00000000
4 0 0
31.00000000 31.00000000 0.00000000
4 0 0
0.00000000 32.00000000 0.00000000
4 0 0
5.00000000 32.00000000 0.00000000
4 0 0
20.00000000 32.00000000 0.00000000
4 0 0
31.00000000 32.00000000 0.00000000
4 0 0
0.00000000 33.00000000 0.00000000
4 2 0
2.50000000 33.00000000 0.00000000
5 2 0
3.50000000 33.00000000 0.00000000
4 2 0
2.00000000 34.00000000 0.00000000
1 2 0
3.00000000 34.00000000 0.00000000
1 2 0
4.00000000 34.00000000 0.00000000
2 2 0
5.00000000 34.00000000 0.00000000
4 2 0
2.50000000 35.00000000 0.00000000
13 2 0
3.50000000 35.00000000 0.00000000
2 2 0
4.50000000 35.00000000 0.00000000
4 2 0
2.00000000 36.00000000 0.00000000
1 2 0
3.00000000 36.00000000 0.00000000
1 2 0
4.00000000 36.00000000 0.00000000
2 2 0
5.00000000 36.00000000 0.00000000
4 2 0
2.50000000 37.00000000 0.00000000
5 2 0
3.50000000 37.00000000 0.00000000
4 0 0
5.00000000 33.00000000 0.00000000
4 0 0
20.00000000 33.00000000 0.00000000
3 0 0
25.00000000 33.00000000 0.00000000
3 0 0
26.00000000 33.00000000 0.00000000
3 0 0
27.00000000 33.00000000 0.00000000
4 0 0
31.00000000 33.00000000 0.00000000
4 0 0
0.00000000 34.00000000 0.00000000
4 0 0
20.00000000 34.00000000 0.00000000
3 0 0
21.00000000 34.00000000 0.00000000
2 0 0
23.00000000 34.00000000 0.00000000
2 0 0
24.00000000 34.00000000 0.00000000
2 0 0
25.00000000 34.00000000 0.00000000
2 0 0
26.00000000 34.00000000 0.00000000
2 0 0
27.00000000 34.00000000 0.00000000
2 0 0
28.00000000 34.00000000 0.00000000
2 0 0
29.00000000 34.00000000 0.00000000
4 0 0
31.00000000 34.00000000 0.00000000
4 0 0
0.00000000 35.00000000 0.00000000
4 0 0
10.00000000 35.00000000 0.00000000
4 0 0
10.00000000 37.00000000 0.00000000
2 0 0
11.00000000 35.00000000 0.00000000
2 0 0
11.00000000 37.00000000 0.00000000
10 2 0
10.00000000 36.00000000 0.00000000
4 0 0
16.00000000 35.00000000 0.00000000
4 0 0
16.00000000 37.00000000 0.00000000
2 0 0
17.00000000 35.00000000 0.00000000
2 0 0
17.00000000 37.00000000 0.00000000
9 2 0
16.00000000 36.00000000 0.00000000
4 0 0
20.00000000 35.00000000 0.00000000
2 0 0
23.00000000 35.00000000 0.00000000
2 0 0
29.00000000 35.00000000 0.00000000
4 0 0
31.00000000 35.00000000 0.00000000
4 0 0
0.00000000 36.00000000 0.00000000
1 0 0
13.00000000 36.00000000 0.00000000
1 0 0
14.00000000 36.00000000 0.00000000
4 0 0
20.00000000 36.00000000 0.00000000
2 0 0
23.00000000 36.00000000 0.00000000
2 0 0
29.00000000 36.00000000 0.00000000
4 0 0
31.00000000 36.00000000 0.00000000
4 0 0
0.00000000 37.00000000 0.00000000
4 0 0
5.00000000 37.00000000 0.00000000
4 0 0
5.00000000 39.00000000 0.00000000
2 0 0
6.00000000 37.00000000 0.00000000
2 0 0
6.00000000 39.00000000 0.00000000
12 2 0
5.00000000 38.00000000 0.00000000
1 0 0
13.00000000 37.00000000 0.00000000
1 0 0
14.00000000 37.00000000 0.00000000
4 0 0
20.00000000 37.00000000 0.00000000
2 0 0
23.00000000 37.00000000 0.00000000
2 0 0
26.00000000 37.00000000 0.00000000
2 0 0
29.00000000 37.00000000 0.00000000
4 0 0
31.00000000 37.00000000 0.00000000
4 0 0
0.00000000 38.00000000 0.00000000
4 0 0
20.00000000 38.00000000 0.00000000
2 0 0
23.00000000 38.00000000 0.00000000
3 0 0
24.00000000 38.00000000 0.00000000
2 0 0
26.00000000 38.00000000 0.00000000
2 0 0
29.00000000 38.00000000 0.00000000
4 0 0
31.00000000 38.00000000 0.00000000
4 0 0
0.00000000 39.00000000 0.00000000
4 0 0
1.00000000 39.00000000 0.00000000
4 0 0
1.00000000 41.00000000 0.00000000
2 0 0
2.00000000 39.00000000 0.00000000
2 0 0
2.00000000 41.00000000 0.00000000
7 2 0
1.00000000 40.00000000 0.00000000
2 0 0
3.00000000 39.00000000 0.00000000
2 0 0
4.00000000 39.00000000 0.00000000
4 0 0
10.00000000 39.00000000 0.00000000
4 0 0
10.00000000 41.00000000 0.00000000
2 0 0
11.00000000 39.00000000 0.00000000
2 0 0
11.00000000 41.00000000 0.00000000
10 2 0
10.00000000 40.00000000 0.00000000
1 0 0
13.00000000 39.00000000 0.00000000
1 0 0
14.00000000 39.00000000 0.00000000
4 0 0
16.00000000 39.00000000 0.00000000
4 0 0
16.00000000 41.00000000 0.00000000
2 0 0
17.00000000 39.00000000 0.00000000
2 0 0
17.00000000 41.00000000 0.00000000
9 2 0
16.00000000 40.00000000 0.00000000
4 0 0
20.00000000 39.00000000 0.00000000
2 0 0
23.00000000 39.00000000 0.00000000
2 0 0
26.00000000 39.00000000 0.00000000
2 0 0
29.00000000 39.00000000 0.00000000
4 0 0
31.00000000 39.00000000 0.00000000
4 0 0
0.00000000 40.00000000 0.00000000
1 0 0
13.00000000 40.00000000 0.00000000
1 0 0
14.00000000 40.00000000 0.00000000
4 0 0
20.00000000 40.00000000 0.00000000
3 0 0
24.00000000 40.00000000 0.00000000
2 0 0
26.00000000 40.00000000 0.00000000
2 0 0
29.00000000 40.00000000 0.00000000
4 0 0
31.00000000 40.00000000 0.00000000
4 0 0
0.00000000 41.00000000 0.00000000
2 0 0
3.00000000 41.00000000 0.00000000
2 0 0
4.00000000 41.00000000 0.00000000
4 0 0
5.00000000 41.00000000 0.00000000
2 0 0
6.00000000 41.00000000 0.00000000
12 2 0
5.00000000 42.00000000 0.00000000
4 0 0
20.00000000 41.00000000 0.00000000
3 0 0
22.00000000 41.00000000 0.00000000
2 0 0
26.00000000 41.00000000 0.00000000
4 0 0
29.00000000 41.00000000 0.00000000
4 0 0
30.00000000 41.00000000 0.00000000
4 0 0
31.00000000 41.00000000 0.00000000
4 0 0
0.00000000 42.00000000 0.00000000
4 0 0
20.00000000 42.00000000 0.00000000
2 0 0
21.00000000 42.00000000 0.00000000
2 0 0
22.00000000 42.00000000 0.00000000
2 0 0
23.00000000 42.00000000 0.00000000
2 0 0
24.00000000 42.00000000 0.00000000
2 0 0
25.00000000 42.00000000 0.00000000
2 0 0
26.00000000 42.00000000 0.00000000
4 0 0
29.00000000 42.00000000 0.00000000
0 0 0
30.00000000 42.00000000 0.00000000
4 0 0
31.00000000 42.00000000 0.00000000
4 0 0
0.00000000 43.00000000 0.00000000
4 2 0
2.50000000 43.00000000 0.00000000
5 2 0
3.50000000 43.00000000 0.00000000
4 2 0
2.00000000 44.00000000 0.00000000
1 2 0
3.00000000 44.00000000 0.00000000
4 2 0
2.50000000 45.00000000 0.00000000
4 2 0
2.00000000 46.00000000 0.00000000
1 2 0
3.00000000 46.00000000 0.00000000
4 2 0
2.50000000 47.00000000 0.00000000
5 2 0
3.50000000 47.00000000 0.00000000
4 2 0
11.50000000 43.00000000 0.00000000
5 2 0
12.50000000 43.00000000 0.00000000
4 2 0
11.00000000 44.00000000 0.00000000
1 2 0
12.00000000 44.00000000 0.00000000
1 2 0
13.00000000 44.00000000 0.00000000
2 2 0
14.00000000 44.00000000 0.00000000
4 2 0
11.50000000 45.00000000 0.00000000
13 2 0
12.50000000 45.00000000 0.00000000
2 2 0
13.50000000 45.00000000 0.00000000
4 2 0
11.00000000 46.00000000 0.00000000
1 2 0
12.00000000 46.00000000 0.00000000
1 2 0
13.00000000 46.00000000 0.00000000
2 2 0
14.00000000 46.00000000 0.00000000
4 2 0
11.50000000 47.00000000 0.00000000
5 2 0
12.50000000 47.00000000 0.00000000
2 0 0
26.00000000 43.00000000 0.00000000
3 0 0
27.00000000 43.00000000 0.00000000
4 0 0
29.00000000 43.00000000 0.00000000
0 0 0
30.00000000 43.00000000 0.00000000
4 0 0
31.00000000 43.00000000 0.00000000
4 0 0
0.00000000 44.00000000 0.00000000
2 0 0
26.00000000 44.00000000 0.00000000
4 0 0
29.00000000 44.00000000 0.00000000
0 0 0
30.00000000 44.00000000 0.00000000
4 0 0
31.00000000 44.00000000 0.00000000
4 0 0
0.00000000 45.00000000 0.00000000
4 0 0
20.00000000 45.00000000 0.00000000
2 0 0
21.00000000 45.00000000 0.00000000
2 0 0
22.00000000 45.00000000 0.00000000
2 0 0
23.00000000 45.00000000 0.00000000
2 0 0
26.00000000 45.00000000 0.00000000
4 0 0
29.00000000 45.00000000 0.00000000
4 0 0
30.00000000 45.00000000 0.00000000
4 0 0
31.00000000 45.00000000 0.00000000
4 0 0
0.00000000 46.00000000 0.00000000
4 0 0
7.00000000 48.00000000 0.00000000
2 0 0
8.00000000 46.00000000 0.00000000
2 0 0
8.00000000 48.00000000 0.00000000
11 1 1027
7.00000000 47.00000000 0.00000000
4 0 0
10.00000000 46.00000000 0.00000000
4 0 0
16.00000000 46.00000000 0.00000000
4 0 0
16.00000000 48.00000000 0.00000000
2 0 0
17.00000000 46.00000000 0.00000000
2 0 0
17.00000000 48.00000000 0.00000000
11 1 0
16.00000000 47.00000000 0.00000000
4 0 0
20.00000000 46.00000000 0.00000000
2 0 0
23.00000000 46.00000000 0.00000000
3 0 0
24.00000000 46.00000000 0.00000000
4 0 0
29.00000000 46.00000000 0.00000000
0 0 0
30.00000000 46.00000000 0.00000000
4 0 0
31.00000000 46.00000000 0.00000000
4 0 0
0.00000000 47.00000000 0.00000000
4 0 0
10.00000000 47.00000000 0.00000000
4 0 0
14.00000000 47.00000000 0.00000000
4 0 0
20.00000000 47.00000000 0.00000000
3 0 0
21.00000000 47.00000000 0.00000000
2 0 0
23.00000000 47.00000000 0.00000000
4 0 0
29.00000000 47.00000000 0.00000000
0 0 0
30.00000000 47.00000000 0.00000000
4 0 0
31.00000000 47.00000000 0.00000000
4 0 0
0.00000000 48.00000000 0.00000000
4 0 0
5.00000000 48.00000000 0.00000000
4 0 0
10.00000000 48.00000000 0.00000000
4 0 0
14.00000000 48.00000000 0.00000000
4 0 0
15.00000000 48.00000000 0.00000000
4 0 0
18.00000000 48.00000000 0.00000000
4 0 0
19.00000000 48.00000000 0.00000000
4 0 0
20.00000000 48.00000000 0.00000000
2 0 0
23.00000000 48.00000000 0.00000000
2 0 0
26.00000000 48.00000000 0.00000000
2 0 0
27.00000000 48.00000000 0.00000000
2 0 0
28.00000000 48.00000000 0.00000000
4 0 0
29.00000000 48.00000000 0.00000000
0 0 0
30.00000000 48.00000000 0.00000000
4 0 0
31.00000000 48.00000000 0.00000000
4 0 0
0.00000000 49.00000000 0.00000000
4 0 0
5.00000000 49.00000000 0.00000000
4 0 0
10.00000000 49.00000000 0.00000000
4 0 0
10.00000000 51.00000000 0.00000000
2 0 0
11.00000000 49.00000000 0.00000000
2 0 0
11.00000000 51.00000000 0.00000000
12 1 284
10.00000000 50.00000000 0.00000000
4 0 0
16.00000000 49.00000000 0.00000000
4 0 0
16.00000000 51.00000000 0.00000000
2 0 0
17.00000000 49.00000000 0.00000000
2 0 0
17.00000000 51.00000000 0.00000000
10 1 547
16.00000000 50.00000000 0.00000000
4 0 0
26.00000000 49.00000000 0.00000000
4 0 0
26.00000000 51.00000000 0.00000000
2 0 0
27.00000000 49.00000000 0.00000000
2 0 0
27.00000000 51.00000000 0.00000000
9 1 0
26.00000000 50.00000000 0.00000000
4 0 0
29.00000000 49.00000000 0.00000000
4 0 0
30.00000000 49.00000000 0.00000000
4 0 0
31.00000000 49.00000000 0.00000000
4 0 0
0.00000000 50.00000000 0.00000000
4 0 0
5.00000000 50.00000000 0.00000000
3 0 0
9.00000000 50.00000000 0.00000000
6 0 0
21.00000000 50.00000000 0.00000000
4 0 0
29.00000000 50.00000000 0.00000000
0 0 0
30.00000000 50.00000000 0.00000000
4 0 0
31.00000000 50.00000000 0.00000000
4 0 0
0.00000000 51.00000000 0.00000000
4 0 0
1.00000000 51.00000000 0.00000000
4 0 0
2.00000000 51.00000000 0.00000000
4 0 0
5.00000000 51.00000000 0.00000000
6 0 0
7.00000000 51.00000000 0.00000000
4 0 0
29.00000000 51.00000000 0.00000000
0 0 0
30.00000000 51.00000000 0.00000000
4 0 0
31.00000000 51.00000000 0.00000000
4 0 0
0.00000000 52.00000000 0.00000000
0 0 0
1.00000000 52.00000000 0.00000000
4 0 0
2.00000000 52.00000000 0.00000000
4 0 0
5.00000000 52.00000000 0.00000000
6 0 0
13.00000000 52.00000000 0.00000000
6 0 0
14.00000000 52.00000000 0.00000000
6 0 0
19.00000000 52.00000000 0.00000000
6 0 0
20.00000000 52.00000000 0.00000000
6 0 0
24.00000000 52.00000000 0.00000000
4 0 0
29.00000000 52.00000000 0.00000000
0 0 0
30.00000000 52.00000000 0.00000000
4 0 0
31.00000000 52.00000000 0.00000000
4 0 0
0.00000000 53.00000000 0.00000000
4 0 0
1.00000000 53.00000000 0.00000000
4 0 0
2.00000000 53.00000000 0.00000000
4 0 0
3.00000000 53.00000000 0.00000000
4 0 0
4.00000000 53.00000000 0.00000000
4 0 0
5.00000000 53.00000000 0.00000000
4 0 0
6.00000000 53.00000000 0.00000000
4 0 0
7.00000000 53.00000000 0.00000000
4 0 0
8.00000000 53.00000000 0.00000000
4 0 0
9.00000000 53.00000000 0.00000000
4 0 0
10.00000000 53.00000000 0.00000000
4 0 0
11.00000000 53.00000000 0.00000000
4 0 0
12.00000000 53.00000000 0.00000000
4 0 0
13.00000000 53.00000000 0.00000000
4 0 0
14.00000000 53.00000000 0.00000000
4 0 0
15.00000000 53.00000000 0.00000000
4 0 0
16.00000000 53.00000000 0.00000000
4 0 0
17.00000000 53.00000000 0.00000000
4 0 0
18.00000000 53.00000000 0.00000000
4 0 0
19.00000000 53.00000000 0.00000000
4 0 0
20.00000000 53.00000000 0.00000000
4 0 0
21.00000000 53.00000000 0.00000000
4 0 0
22.00000000 53.00000000 0.00000000
4 0 0
23.00000000 53.00000000 0.00000000
4 0 0
24.00000000 53.00000000 0.00000000
4 0 0
25.00000000 53.00000000 0.00000000
4 0 0
26.00000000 53.00000000 0.00000000
4 0 0
27.00000000 53.00000000 0.00000000
4 0 0
28.00000000 53.00000000 0.00000000
4 0 0
29.00000000 53.00000000 0.00000000
4 0 0
30.00000000 53.00000000 0.00000000
4 0 0
31.00000000 53.00000000 0.00000000
12
0
1
1
1
0
0
1 1313429340
-1.00000000 -1.00000000 -1.00000000
-1
0
0 100
12.50000000 2.50000000 0.00000000
0
-0.50000000 0.50000000
-0.50000000 0.50000000
0.00000000 2.34999990
0 0
2
1
1
1
0
1
1 1313429340
-1.00000000 -1.00000000 -1.00000000
-1
0
0 100
8.50000000 47.50000000 0.00000000
0
-0.50000000 0.50000000
-0.50000000 0.50000000
0.20000000 2.79999995
0 67930
0
1
1
1
0
1
1 1
-1.00000000 -1.00000000 -1.00000000
-1
0
0 100
9.50000000 7.50000000 0.00000000
90
-0.50000000 0.50000000
-0.50000000 0.50000000
0.00000000 3.34999990
0 0
0
1
1
1
0
1
4 1
8.50000000 28.50000000 0.00000000
0
0
0 100
9.05468750 4.50000000 0.00000000
180
-0.50000000 0.50000000
-0.50000000 0.50000000
0.00000000 3.34999990
0 -15
2
1
1
1
0
1
1 1313429340
-1.00000000 -1.00000000 -1.00000000
0
1
0 52
25.50000000 52.17187500 0.00000000
270
-0.50000000 0.50000000
-0.50000000 0.50000000
0.20000000 2.79999995
0 55512
2
1
1
1
0
1
1 1313429340
-1.00000000 -1.00000000 -1.00000000
-1
0
0 100
17.50000000 50.50000000 0.00000000
0
-0.50000000 0.50000000
-0.50000000 0.50000000
0.20000000 2.79999995
0 39977
2
1
1
1
0
1
1 1313429340
-1.00000000 -1.00000000 -1.00000000
-1
0
0 100
11.50000000 50.50000000 0.00000000
0
-0.50000000 0.50000000
-0.50000000 0.50000000
0.20000000 2.79999995
0 30758
1
1
1
1
0
1
4 1
13.00000000 27.50000000 0.00000000
0
0
0 46
14.50000000 17.28125000 0.00000000
90
-0.50000000 0.50000000
-0.50000000 0.50000000
0.00000000 2.70000005
0 0
1
1
1
1
0
1
4 1
13.00000000 27.50000000 0.00000000
2
0
0 100
12.50000000 11.50000000 0.00000000
117
-0.50000000 0.50000000
-0.50000000 0.50000000
0.00000000 2.70000005
0 0
1
1
1
1
0
1
4 1
16.29687500 28.50000000 0.00000000
0
0
0 100
11.88281250 22.00000000 0.00000000
0
-0.50000000 0.50000000
-0.50000000 0.50000000
0.00000000 2.70000005
0 0
1
1
1
1
0
1
4 1
13.00000000 27.50000000 0.00000000
2
0
0 100
16.50000000 12.50000000 0.00000000
314
-0.50000000 0.50000000
-0.50000000 0.50000000
0.00000000 2.70000005
0 0
1
1
1
1
0
1
4 1
16.12890625 28.50000000 0.00000000
0
0
0 100
11.50000000 18.57812500 0.00000000
90
-0.50000000 0.50000000
-0.50000000 0.50000000
0.00000000 2.70000005
0 0
36
0
1
0
1
0
0
4 1
9.50000000 7.50000000 0.00000000
2
0
0 100
8.50000000 28.50000000 0.00000000
18
-0.50000000 0.50000000
-0.50000000 0.50000000
0.00000000 2.00000000
0 0
0
1
1
1
0
1
4 1
9.50000000 7.50000000 0.00000000
0
0
0 100
16.10546875 28.50000000 0.00000000
180
-0.50000000 0.50000000
-0.50000000 0.50000000
0.00000000 3.34999990
0 -27
2
1
0
1
0
0
4 1
9.08593750 4.50000000 0.00000000
2
0
0 100
15.50000000 27.50000000 0.00000000
20
-0.50000000 0.50000000
-0.50000000 0.50000000
0.20000000 1.45000005
0 27498
1
1
1
1
0
1
4 1
8.50000000 47.50000000 0.00000000
0
0
0 28
17.50000000 24.27343750 0.00000000
270
-0.50000000 0.50000000
-0.50000000 0.50000000
0.00000000 2.70000005
0 0
1
0
1
0
0
0
4 1
9.50000000 4.50000000 0.00000000
-1
0
0 100
13.00000000 27.50000000 0.00000000
90
-0.50000000 0.50000000
-0.50000000 0.48704207
0.00000000 0.69999999
0 0
0
0
1
0
0
0
4 1
9.50000000 7.50000000 0.00000000
0
0
0 100
14.93750000 28.50000000 0.00000000
0
-0.50000000 0.50000000
-0.50000000 0.50000000
0.00000000 1.35000002
0 -17
0
1
0
0
0
0
4 1
9.50000000 4.50000000 0.00000000
0
0
0 100
11.91406250 27.50000000 0.00000000
0
-0.50000000 0.50000000
-0.50000000 0.50000000
0.00000000 1.50000000
0 -22
0
1
1
1
0
0
4 1
9.35937500 4.50000000 0.00000000
2
0
0 100
16.50000000 27.50000000 0.00000000
39
-0.50000000 0.50000000
-0.50000000 0.50000000
0.00000000 2.34999990
0 0
0
1
0
0
0
0
4 1
9.50000000 7.50000000 0.00000000
2
0
0 100
11.50000000 28.50000000 0.00000000
351
-0.50000000 0.50000000
-0.50000000 0.50000000
0.00000000 1.50000000
0 0
0
1
1
0
0
0
4 1
9.50000000 7.50000000 0.00000000
0
0
0 100
18.50000000 29.79687500 0.00000000
270
-0.50000000 0.50000000
-0.50000000 0.50000000
0.00000000 1.85000002
0 52
0
1
0
0
0
0
4 1
9.50000000 7.50000000 0.00000000
2
0
0 100
11.50000000 30.50000000 0.00000000
96
-0.50000000 0.50000000
-0.50000000 0.50000000
0.00000000 1.50000000
0 0
0
0
1
0
0
0
4 1
9.50000000 7.50000000 0.00000000
0
0
0 100
9.50000000 29.50000000 0.00000000
0
-0.50000000 0.50000000
-0.50000000 0.50000000
0.00000000 1.35000002
0 0
0
0
1
0
0
0
4 1
9.08593750 4.50000000 0.00000000
2
0
0 100
14.00000000 27.50000000 0.00000000
188
-0.50000000 0.50000000
-0.50000000 0.50000000
0.00000000 1.35000002
0 0
0
0
1
1
0
0
4 1
9.50000000 7.50000000 0.00000000
0
0
0 100
12.50000000 28.50000000 0.00000000
0
-0.50000000 0.50000000
-0.50000000 0.50000000
0.00000000 1.85000002
0 0
0
1
0
0
0
0
4 1
9.50000000 7.50000000 0.00000000
0
0
0 100
18.91406250 33.50000000 0.00000000
0
-0.50000000 0.50000000
-0.50000000 0.50000000
0.00000000 1.50000000
0 -23
0
1
1
1
0
0
4 1
9.50000000 7.50000000 0.00000000
2
0
0 100
16.50000000 29.50000000 0.00000000
185
-0.50000000 0.50000000
-0.50000000 0.50000000
0.00000000 2.34999990
0 0
0
1
0
0
0
0
4 1
9.50000000 7.50000000 0.00000000
0
0
0 100
15.05468750 29.50000000 0.00000000
180
-0.50000000 0.50000000
-0.50000000 0.50000000
0.00000000 1.50000000
0 -15
0
1
0
0
0
0
4 1
9.50000000 7.50000000 0.00000000
2
0
0 100
19.00000000 37.00000000 0.00000000
224
-0.50000000 0.50000000
-0.50000000 0.50000000
0.00000000 1.50000000
0 0
0
0
1
1
0
0
4 1
9.50000000 7.50000000 0.00000000
0
0
0 100
13.74218750 32.50000000 0.00000000
180
-0.50000000 0.50000000
-0.50000000 0.50000000
0.00000000 1.85000002
0 -63
0
1
1
1
0
0
4 1
9.50000000 7.50000000 0.00000000
2
0
0 100
19.00000000 32.50000000 0.00000000
112
-0.50000000 0.50000000
-0.50000000 0.50000000
0.00000000 2.34999990
0 0
0
1
0
1
0
0
4 1
9.50000000 7.50000000 0.00000000
0
0
0 100
16.67968750 30.50000000 0.00000000
180
-0.50000000 0.50000000
-0.50000000 0.50000000
0.00000000 2.00000000
0 -46
0
1
0
1
0
0
4 1
9.50000000 7.50000000 0.00000000
2
0
0 100
14.50000000 34.00000000 0.00000000
264
-0.50000000 0.50000000
-0.50000000 0.50000000
0.00000000 2.00000000
0 0
0
0
1
1
0
0
4 1
9.50000000 7.50000000 0.00000000
0
0
0 100
14.50000000 30.92968750 0.00000000
90
-0.50000000 0.50000000
-0.50000000 0.50000000
0.00000000 1.85000002
0 -19
0
0
1
1
0
0
4 1
9.50000000 7.50000000 0.00000000
1
0
0 100
16.00000000 34.00000000 0.00000000
210
-0.50000000 0.50000000
-0.50000000 0.50000000
0.00000000 1.85000002
0 0
0
1
1
0
0
0
4 1
9.50000000 7.50000000 0.00000000
0
0
0 100
13.79687500 29.50000000 0.00000000
180
-0.50000000 0.50000000
-0.50000000 0.50000000
0.00000000 1.85000002
0 52
0
0
1
0
0
0
4 1
9.50000000 7.50000000 0.00000000
0
0
0 100
15.21093750 33.00000000 0.00000000
0
-0.50000000 0.50000000
-0.50000000 0.50000000
0.00000000 1.35000002
0 54
0
0
1
1
0
0
4 1
9.50000000 7.50000000 0.00000000
0
0
0 100
12.21093750 32.50000000 0.00000000
180
-0.50000000 0.50000000
-0.50000000 0.50000000
0.00000000 1.85000002
0 -55
0
0
1
0
0
0
4 1
9.50000000 7.50000000 0.00000000
0
0
0 100
16.96875000 33.00000000 0.00000000
180
-0.50000000 0.50000000
-0.50000000 0.50000000
0.00000000 1.35000002
0 7
0
1
1
0
0
0
4 1
9.50000000 7.50000000 0.00000000
0
0
0 100
9.50000000 33.34375000 0.00000000
270
-0.50000000 0.50000000
-0.50000000 0.50000000
0.00000000 1.85000002
0 40
0
1
0
0
0
0
4 1
9.50000000 7.50000000 0.00000000
2
0
0 100
13.50000000 30.50000000 0.00000000
322
-0.50000000 0.50000000
-0.50000000 0.50000000
0.00000000 1.50000000
0 0
0
0
1
1
0
0
4 1
9.50000000 7.50000000 0.00000000
0
0
0 100
6.78125000 32.50000000 0.00000000
0
-0.50000000 0.50000000
-0.50000000 0.50000000
0.00000000 1.85000002
0 -57
0
1
0
0
0
0
4 1
9.50000000 7.50000000 0.00000000
0
0
0 100
13.19531250 33.50000000 0.00000000
0
-0.50000000 0.50000000
-0.50000000 0.50000000
0.00000000 1.50000000
0 49
0
0
1
1
0
0
4 1
9.50000000 7.50000000 0.00000000
2
0
0 100
8.50000000 33.50000000 0.00000000
62
-0.50000000 0.50000000
-0.50000000 0.50000000
0.00000000 1.85000002
0 0
0
1
0
0
0
0
4 1
9.50000000 7.50000000 0.00000000
1
0
0 100
11.00000000 32.50000000 0.00000000
348
-0.50000000 0.50000000
-0.50000000 0.50000000
0.00000000 1.50000000
0 0
0
1
0
0
0
0
4 1
9.50000000 7.50000000 0.00000000
0
0
0 100
7.52343750 34.50000000 0.00000000
0
-0.50000000 0.50000000
-0.50000000 0.50000000
0.00000000 1.50000000
0 5
0
0
0
1
0
0
4 1
9.50000000 7.50000000 0.00000000
0
0
0 100
11.50000000 34.31250000 0.00000000
90
-0.50000000 0.50000000
-0.50000000 0.50000000
0.00000000 1.50000000
0 -49
0
0
49 22 55 30
64 63 0 76 20 20 23 
0 12 0 20 30 70 0 
4
4 12
