32 54
3 3 3 3 3 3 3 3 3 3 3 3 3 3 3 3 3 3 3 3 3 3 3 3 3 3 3 3 3 3 3 3 
3 3 3 3 3 3 0 0 0 0 0 0 0 0 0 3 2 2 3 2 2 3 0 0 0 0 0 3 2 3 2 3 
3 3 3 3 3 3 0 3 0 0 0 0 0 0 0 3 3 2 3 3 3 3 0 0 0 0 0 3 3 2 3 3 
3 3 3 3 3 3 0 0 0 0 3 3 3 0 0 3 0 0 0 0 0 0 3 0 3 0 3 3 2 3 2 3 
3 3 3 3 3 0 0 0 0 0 3 2 3 3 0 3 0 0 0 0 0 0 0 0 3 0 0 3 3 3 3 3 
3 3 3 3 3 3 0 0 3 3 3 2 3 0 0 3 0 0 3 3 3 3 3 3 3 0 0 3 2 2 2 3 
3 3 3 3 3 3 0 0 3 3 3 2 3 0 0 3 3 0 3 0 0 0 0 0 3 0 0 3 2 0 2 3 
3 3 3 3 3 3 0 0 0 0 3 2 3 0 0 3 0 0 3 0 0 0 0 0 3 0 0 3 2 0 2 3 
3 3 3 3 3 3 3 3 3 3 3 3 3 0 0 3 0 0 3 3 0 3 3 0 3 0 0 3 3 0 2 3 
3 2 3 3 3 3 0 0 3 0 0 0 0 0 0 0 0 0 3 0 0 3 0 0 3 0 0 3 0 0 2 3 
3 2 3 3 0 0 0 0 0 0 0 0 0 0 3 3 0 0 3 3 0 3 3 0 3 0 0 3 3 0 2 3 
3 2 3 3 3 3 0 3 0 0 0 0 0 0 0 0 0 0 3 0 0 0 0 0 3 0 0 3 2 0 2 3 
3 3 3 3 3 3 3 3 3 3 0 0 3 3 3 3 2 2 3 0 0 0 0 0 3 0 0 3 2 0 2 3 
3 3 3 0 0 0 0 0 0 3 0 0 3 3 3 3 3 3 3 3 0 0 0 3 3 0 0 3 3 0 3 3 
3 3 3 0 0 3 3 0 0 3 0 0 3 0 0 0 0 3 0 0 0 3 0 0 0 3 0 0 0 0 0 3 
3 3 0 0 0 3 0 0 3 3 3 0 3 0 0 0 0 0 0 0 0 0 0 0 0 0 0 0 0 0 0 3 
3 3 3 0 0 3 3 0 0 3 0 0 3 3 0 3 3 3 3 3 3 3 3 3 3 0 0 3 3 0 0 3 
3 3 3 0 0 0 0 0 0 3 0 0 3 0 0 3 3 3 3 3 3 3 3 3 3 0 0 3 3 0 3 3 
3 2 3 3 3 0 0 3 3 3 0 0 3 0 0 3 0 0 0 0 3 0 0 0 0 0 0 0 3 0 0 3 
3 3 3 0 0 0 0 0 0 0 0 0 3 0 0 0 0 0 3 0 3 0 3 3 0 3 3 0 3 0 0 3 
3 3 3 3 3 3 3 3 3 3 3 3 3 3 3 3 3 3 0 0 3 0 3 0 0 3 0 0 3 3 0 3 
3 3 0 0 0 0 0 3 0 0 0 0 1 2 3 3 2 1 0 0 3 0 3 3 0 3 3 0 3 3 0 3 
3 3 3 0 0 0 0 0 0 0 3 0 1 2 3 3 2 1 0 0 3 0 0 0 0 0 0 0 3 0 0 3 
3 1 1 1 3 3 3 3 3 3 3 3 3 3 3 3 3 3 3 3 3 3 3 3 3 3 3 3 3 0 0 3 
3 1 1 1 3 1 1 1 0 0 3 3 0 0 0 0 0 0 0 0 0 0 0 3 3 3 2 2 1 0 0 3 
3 2 2 3 3 3 1 1 0 0 0 0 0 0 3 3 0 0 0 0 3 0 0 3 3 3 2 2 1 0 0 3 
3 2 2 3 3 3 1 1 0 0 3 3 3 3 3 3 3 3 0 0 0 0 0 3 2 2 3 3 3 0 0 3 
3 3 3 3 3 3 1 3 3 3 3 2 0 0 0 0 2 3 3 3 3 0 0 3 2 2 3 2 3 0 0 3 
3 3 3 3 3 3 1 3 0 0 3 2 0 3 0 0 2 3 0 0 3 0 0 3 1 1 3 2 3 0 0 3 
3 3 3 3 2 2 1 3 0 0 0 2 0 0 0 0 2 0 0 3 3 0 0 0 0 3 3 2 3 0 0 3 
3 3 3 3 2 2 1 3 0 0 0 2 3 0 0 3 2 0 0 0 3 0 0 0 0 0 3 2 3 0 3 3 
3 3 3 3 3 3 3 3 3 3 3 3 3 0 0 3 3 3 3 3 3 3 3 3 3 3 3 3 3 0 0 3 
3 3 3 3 3 3 0 0 0 0 0 0 0 0 0 0 0 0 0 0 3 0 0 0 0 0 0 0 0 0 0 3 
3 3 3 3 3 3 0 0 0 0 0 0 0 0 0 0 0 0 0 0 3 0 0 0 0 3 3 3 0 0 0 3 
3 3 3 3 3 3 0 0 0 0 0 0 0 0 0 0 0 0 0 0 3 3 0 3 3 3 3 3 3 3 2 3 
3 3 3 3 3 0 0 0 0 0 3 3 0 0 0 0 3 3 0 0 3 0 0 3 2 2 3 2 2 3 2 3 
3 3 3 3 3 3 0 0 0 0 3 0 0 3 3 0 3 0 0 0 3 0 0 3 2 2 3 2 2 3 2 3 
3 3 3 3 3 3 3 0 0 0 3 3 0 3 3 0 3 3 0 0 3 0 0 3 1 1 3 1 1 3 2 3 
3 3 3 3 3 3 0 0 0 0 0 0 0 0 0 0 0 0 0 0 3 0 0 3 3 0 3 0 0 3 2 3 
3 3 3 3 3 3 3 0 0 0 3 3 0 3 3 0 3 3 0 0 3 0 0 3 0 0 3 0 0 3 2 3 
3 3 0 0 0 0 0 0 0 0 3 0 0 3 3 0 3 0 0 0 3 0 0 0 3 0 3 0 0 3 2 3 
3 3 3 3 3 3 3 0 0 0 3 3 0 0 0 0 3 3 0 0 3 0 3 0 0 0 3 0 0 3 3 3 
3 3 3 3 3 3 0 0 0 0 0 0 0 0 0 0 0 0 0 0 3 3 3 3 3 3 3 0 0 3 2 3 
3 3 3 3 3 3 3 0 0 0 0 0 3 0 0 0 0 0 0 0 0 0 0 0 0 0 3 3 0 3 2 3 
3 3 3 3 3 3 0 0 0 0 0 3 3 3 3 0 0 0 0 0 0 0 0 0 0 0 3 0 0 3 2 3 
3 3 3 3 3 0 0 0 0 0 0 0 3 3 0 0 0 0 0 0 3 3 3 3 0 0 3 0 0 3 3 3 
3 3 3 3 3 3 0 3 3 0 3 3 3 3 3 0 3 3 0 0 3 2 2 3 3 0 0 0 0 3 2 3 
3 3 3 3 3 3 0 3 0 0 3 2 3 2 3 0 3 0 0 0 3 3 2 3 0 0 0 0 0 3 2 3 
3 3 3 3 3 3 0 3 3 2 3 2 2 2 3 3 3 3 3 3 3 2 2 3 2 2 3 3 3 3 2 3 
3 3 3 3 3 3 0 3 3 3 3 3 3 3 3 3 3 3 3 3 3 3 3 3 3 3 3 3 3 3 3 3 
3 3 3 3 3 3 0 2 2 3 3 2 2 2 2 2 3 2 2 2 2 3 2 2 2 2 3 2 2 3 2 3 
3 3 3 3 3 3 0 3 3 3 3 3 2 3 3 3 3 3 2 3 3 3 3 3 3 3 3 3 2 3 2 3 
3 2 3 3 3 3 0 2 2 2 2 2 2 3 3 2 2 2 2 3 3 2 2 2 3 2 2 2 2 3 2 3 
3 3 3 3 3 3 3 3 3 3 3 3 3 3 3 3 3 3 3 3 3 3 3 3 3 3 3 3 3 3 3 3 
-1000.00000000 -3000.00000000 5000.00000000 1.00000000
-1000.00000000 -3000.00000000 5000.00000000
6.00000000 -6.00000000 11.00000000
12.00000000 35.50000000 0.00000000
4.50000000 35.00000000 0.52499995
1
762
4 0 0
0.00000000 0.00000000 0.00000000
4 0 0
1.00000000 0.00000000 0.00000000
4 0 0
2.00000000 0.00000000 0.00000000
4 0 0
3.00000000 0.00000000 0.00000000
4 0 0
4.00000000 0.00000000 0.00000000
4 0 0
5.00000000 0.00000000 0.00000000
4 0 0
6.00000000 0.00000000 0.00000000
4 0 0
7.00000000 0.00000000 0.00000000
4 0 0
8.00000000 0.00000000 0.00000000
4 0 0
9.00000000 0.00000000 0.00000000
4 0 0
10.00000000 0.00000000 0.00000000
4 0 0
11.00000000 0.00000000 0.00000000
4 0 0
12.00000000 0.00000000 0.00000000
4 0 0
13.00000000 0.00000000 0.00000000
4 0 0
14.00000000 0.00000000 0.00000000
4 0 0
15.00000000 0.00000000 0.00000000
4 0 0
16.00000000 0.00000000 0.00000000
4 0 0
17.00000000 0.00000000 0.00000000
4 0 0
18.00000000 0.00000000 0.00000000
4 0 0
19.00000000 0.00000000 0.00000000
4 0 0
20.00000000 0.00000000 0.00000000
4 0 0
21.00000000 0.00000000 0.00000000
4 0 0
22.00000000 0.00000000 0.00000000
4 0 0
23.00000000 0.00000000 0.00000000
4 0 0
24.00000000 0.00000000 0.00000000
4 0 0
25.00000000 0.00000000 0.00000000
4 0 0
26.00000000 0.00000000 0.00000000
4 0 0
27.00000000 0.00000000 0.00000000
4 0 0
28.00000000 0.00000000 0.00000000
4 0 0
29.00000000 0.00000000 0.00000000
4 0 0
30.00000000 0.00000000 0.00000000
4 0 0
31.00000000 0.00000000 0.00000000
4 0 0
0.00000000 1.00000000 0.00000000
4 0 0
5.00000000 1.00000000 0.00000000
2 0 0
15.00000000 1.00000000 0.00000000
4 0 0
18.00000000 1.00000000 0.00000000
0 0 0
19.00000000 1.00000000 0.00000000
0 0 0
20.00000000 1.00000000 0.00000000
4 0 0
21.00000000 1.00000000 0.00000000
4 0 0
27.00000000 1.00000000 0.00000000
0 0 0
28.00000000 1.00000000 0.00000000
3 0 0
29.00000000 1.00000000 0.00000000
0 0 0
30.00000000 1.00000000 0.00000000
4 0 0
31.00000000 1.00000000 0.00000000
4 0 0
0.00000000 2.00000000 0.00000000
4 1 0
2.50000000 2.00000000 0.00000000
5 1 0
3.50000000 2.00000000 0.00000000
4 1 0
2.00000000 3.00000000 0.00000000
1 1 0
3.00000000 3.00000000 0.00000000
1 1 0
4.00000000 3.00000000 0.00000000
2 1 0
5.00000000 3.00000000 0.00000000
4 1 0
2.50000000 4.00000000 0.00000000
13 1 0
3.50000000 4.00000000 0.00000000
2 1 0
4.50000000 4.00000000 0.00000000
4 1 0
2.00000000 5.00000000 0.00000000
1 1 0
3.00000000 5.00000000 0.00000000
1 1 0
4.00000000 5.00000000 0.00000000
2 1 0
5.00000000 5.00000000 0.00000000
4 1 0
2.50000000 6.00000000 0.00000000
5 1 0
3.50000000 6.00000000 0.00000000
4 0 0
5.00000000 2.00000000 0.00000000
3 0 0
7.00000000 2.00000000 0.00000000
2 0 0
15.00000000 2.00000000 0.00000000
6 0 0
16.00000000 2.00000000 0.00000000
4 0 0
18.00000000 2.00000000 0.00000000
4 0 0
19.00000000 2.00000000 0.00000000
4 0 0
20.00000000 2.00000000 0.00000000
4 0 0
21.00000000 2.00000000 0.00000000
4 0 0
27.00000000 2.00000000 0.00000000
3 0 0
28.00000000 2.00000000 0.00000000
0 0 0
29.00000000 2.00000000 0.00000000
3 0 0
30.00000000 2.00000000 0.00000000
4 0 0
31.00000000 2.00000000 0.00000000
4 0 0
0.00000000 3.00000000 0.00000000
4 0 0
10.00000000 3.00000000 0.00000000
4 0 0
11.00000000 3.00000000 0.00000000
4 0 0
12.00000000 3.00000000 0.00000000
2 0 0
15.00000000 3.00000000 0.00000000
3 0 0
22.00000000 3.00000000 0.00000000
2 0 0
24.00000000 3.00000000 0.00000000
3 0 0
26.00000000 3.00000000 0.00000000
4 0 0
27.00000000 3.00000000 0.00000000
0 0 0
28.00000000 3.00000000 0.00000000
3 0 0
29.00000000 3.00000000 0.00000000
0 0 0
30.00000000 3.00000000 0.00000000
4 0 0
31.00000000 3.00000000 0.00000000
4 0 0
0.00000000 4.00000000 0.00000000
4 0 0
10.00000000 4.00000000 0.00000000
0 0 0
11.00000000 4.00000000 0.00000000
4 0 0
12.00000000 4.00000000 0.00000000
3 0 0
13.00000000 4.00000000 0.00000000
2 0 0
15.00000000 4.00000000 0.00000000
2 0 0
24.00000000 4.00000000 0.00000000
4 0 0
27.00000000 4.00000000 0.00000000
4 0 0
28.00000000 4.00000000 0.00000000
4 0 0
29.00000000 4.00000000 0.00000000
4 0 0
30.00000000 4.00000000 0.00000000
4 0 0
31.00000000 4.00000000 0.00000000
4 0 0
0.00000000 5.00000000 0.00000000
0 0 0
11.00000000 5.00000000 0.00000000
4 0 0
12.00000000 5.00000000 0.00000000
2 0 0
15.00000000 5.00000000 0.00000000
4 0 0
18.00000000 5.00000000 0.00000000
4 0 0
19.00000000 5.00000000 0.00000000
4 0 0
20.00000000 5.00000000 0.00000000
4 0 0
21.00000000 5.00000000 0.00000000
4 0 0
22.00000000 5.00000000 0.00000000
4 0 0
23.00000000 5.00000000 0.00000000
4 0 0
24.00000000 5.00000000 0.00000000
4 0 0
27.00000000 5.00000000 0.00000000
4 0 0
31.00000000 5.00000000 0.00000000
4 0 0
0.00000000 6.00000000 0.00000000
4 0 0
5.00000000 6.00000000 0.00000000
4 0 0
12.00000000 6.00000000 0.00000000
2 0 0
15.00000000 6.00000000 0.00000000
3 0 0
16.00000000 6.00000000 0.00000000
4 0 0
18.00000000 6.00000000 0.00000000
4 0 0
24.00000000 6.00000000 0.00000000
4 0 0
27.00000000 6.00000000 0.00000000
4 0 0
31.00000000 6.00000000 0.00000000
4 0 0
0.00000000 7.00000000 0.00000000
4 0 0
5.00000000 7.00000000 0.00000000
4 0 0
12.00000000 7.00000000 0.00000000
2 0 0
15.00000000 7.00000000 0.00000000
4 0 0
18.00000000 7.00000000 0.00000000
4 0 0
24.00000000 7.00000000 0.00000000
4 0 0
27.00000000 7.00000000 0.00000000
4 0 0
31.00000000 7.00000000 0.00000000
4 0 0
0.00000000 8.00000000 0.00000000
4 0 0
1.00000000 8.00000000 0.00000000
4 0 0
2.00000000 8.00000000 0.00000000
4 0 0
3.00000000 8.00000000 0.00000000
4 0 0
4.00000000 8.00000000 0.00000000
4 0 0
5.00000000 8.00000000 0.00000000
2 0 0
6.00000000 8.00000000 0.00000000
4 0 0
12.00000000 8.00000000 0.00000000
2 0 0
15.00000000 8.00000000 0.00000000
4 0 0
18.00000000 8.00000000 0.00000000
4 0 0
18.00000000 10.00000000 0.00000000
2 0 0
19.00000000 8.00000000 0.00000000
2 0 0
19.00000000 10.00000000 0.00000000
7 1 0
18.00000000 9.00000000 0.00000000
4 0 0
21.00000000 8.00000000 0.00000000
4 0 0
21.00000000 10.00000000 0.00000000
2 0 0
22.00000000 8.00000000 0.00000000
2 0 0
22.00000000 10.00000000 0.00000000
11 1 0
21.00000000 9.00000000 0.00000000
4 0 0
24.00000000 8.00000000 0.00000000
4 0 0
27.00000000 8.00000000 0.00000000
4 0 0
27.00000000 10.00000000 0.00000000
2 0 0
28.00000000 8.00000000 0.00000000
2 0 0
28.00000000 10.00000000 0.00000000
9 1 0
27.00000000 9.00000000 0.00000000
4 0 0
31.00000000 8.00000000 0.00000000
4 0 0
0.00000000 9.00000000 0.00000000
0 0 0
1.00000000 9.00000000 0.00000000
4 0 0
2.00000000 9.00000000 0.00000000
4 0 0
3.00000000 9.00000000 0.00000000
4 0 0
3.00000000 11.00000000 0.00000000
2 0 0
4.00000000 9.00000000 0.00000000
2 0 0
4.00000000 11.00000000 0.00000000
7 1 0
3.00000000 10.00000000 0.00000000
4 0 0
5.00000000 9.00000000 0.00000000
4 0 0
24.00000000 9.00000000 0.00000000
4 0 0
31.00000000 9.00000000 0.00000000
4 0 0
0.00000000 10.00000000 0.00000000
0 0 0
1.00000000 10.00000000 0.00000000
4 0 0
2.00000000 10.00000000 0.00000000
3 0 0
14.00000000 10.00000000 0.00000000
3 0 0
15.00000000 10.00000000 0.00000000
4 0 0
24.00000000 10.00000000 0.00000000
4 0 0
31.00000000 10.00000000 0.00000000
4 0 0
0.00000000 11.00000000 0.00000000
0 0 0
1.00000000 11.00000000 0.00000000
4 0 0
2.00000000 11.00000000 0.00000000
4 0 0
5.00000000 11.00000000 0.00000000
3 0 0
7.00000000 11.00000000 0.00000000
4 0 0
18.00000000 11.00000000 0.00000000
4 0 0
24.00000000 11.00000000 0.00000000
4 0 0
27.00000000 11.00000000 0.00000000
4 0 0
31.00000000 11.00000000 0.00000000
4 0 0
0.00000000 12.00000000 0.00000000
4 0 0
1.00000000 12.00000000 0.00000000
4 0 0
2.00000000 12.00000000 0.00000000
4 0 0
3.00000000 12.00000000 0.00000000
4 0 0
4.00000000 12.00000000 0.00000000
4 0 0
5.00000000 12.00000000 0.00000000
4 0 0
6.00000000 12.00000000 0.00000000
4 0 0
7.00000000 12.00000000 0.00000000
4 0 0
8.00000000 12.00000000 0.00000000
4 0 0
9.00000000 12.00000000 0.00000000
4 0 0
12.00000000 12.00000000 0.00000000
2 0 0
13.00000000 12.00000000 0.00000000
2 0 0
14.00000000 12.00000000 0.00000000
2 0 0
15.00000000 12.00000000 0.00000000
4 0 0
18.00000000 12.00000000 0.00000000
4 0 0
24.00000000 12.00000000 0.00000000
4 0 0
27.00000000 12.00000000 0.00000000
4 0 0
31.00000000 12.00000000 0.00000000
4 0 0
0.00000000 13.00000000 0.00000000
4 0 0
1.00000000 13.00000000 0.00000000
4 0 0
2.00000000 13.00000000 0.00000000
4 0 0
9.00000000 13.00000000 0.00000000
4 0 0
12.00000000 13.00000000 0.00000000
2 0 0
13.00000000 13.00000000 0.00000000
2 0 0
14.00000000 13.00000000 0.00000000
2 0 0
15.00000000 13.00000000 0.00000000
2 0 0
16.00000000 13.00000000 0.00000000
2 0 0
17.00000000 13.00000000 0.00000000
4 0 0
18.00000000 13.00000000 0.00000000
4 0 0
19.00000000 13.00000000 0.00000000
4 0 0
23.00000000 13.00000000 0.00000000
4 0 0
24.00000000 13.00000000 0.00000000
4 0 0
27.00000000 13.00000000 0.00000000
4 0 0
28.00000000 13.00000000 0.00000000
4 0 0
30.00000000 13.00000000 0.00000000
4 0 0
31.00000000 13.00000000 0.00000000
4 0 0
0.00000000 14.00000000 0.00000000
4 0 0
1.00000000 14.00000000 0.00000000
4 0 0
1.00000000 16.00000000 0.00000000
2 0 0
2.00000000 14.00000000 0.00000000
2 0 0
2.00000000 16.00000000 0.00000000
10 1 0
1.00000000 15.00000000 0.00000000
4 0 0
5.00000000 14.00000000 0.00000000
4 0 0
5.00000000 16.00000000 0.00000000
2 0 0
6.00000000 14.00000000 0.00000000
2 0 0
6.00000000 16.00000000 0.00000000
9 1 0
5.00000000 15.00000000 0.00000000
4 0 0
9.00000000 14.00000000 0.00000000
4 0 0
12.00000000 14.00000000 0.00000000
3 0 0
17.00000000 14.00000000 0.00000000
3 0 0
21.00000000 14.00000000 0.00000000
3 0 0
25.00000000 14.00000000 0.00000000
4 0 0
31.00000000 14.00000000 0.00000000
4 0 0
0.00000000 15.00000000 0.00000000
3 0 0
8.00000000 15.00000000 0.00000000
4 0 0
9.00000000 15.00000000 0.00000000
3 0 0
10.00000000 15.00000000 0.00000000
4 0 0
12.00000000 15.00000000 0.00000000
4 0 0
31.00000000 15.00000000 0.00000000
4 0 0
0.00000000 16.00000000 0.00000000
4 0 0
9.00000000 16.00000000 0.00000000
4 0 0
12.00000000 16.00000000 0.00000000
3 0 0
13.00000000 16.00000000 0.00000000
2 0 0
15.00000000 16.00000000 0.00000000
2 0 0
16.00000000 16.00000000 0.00000000
2 0 0
17.00000000 16.00000000 0.00000000
2 0 0
18.00000000 16.00000000 0.00000000
2 0 0
19.00000000 16.00000000 0.00000000
2 0 0
20.00000000 16.00000000 0.00000000
2 0 0
21.00000000 16.00000000 0.00000000
2 0 0
22.00000000 16.00000000 0.00000000
2 0 0
23.00000000 16.00000000 0.00000000
2 0 0
24.00000000 16.00000000 0.00000000
2 0 0
27.00000000 16.00000000 0.00000000
2 0 0
28.00000000 16.00000000 0.00000000
4 0 0
31.00000000 16.00000000 0.00000000
4 0 0
0.00000000 17.00000000 0.00000000
4 0 0
1.00000000 17.00000000 0.00000000
4 0 0
2.00000000 17.00000000 0.00000000
4 0 0
12.00000000 17.00000000 0.00000000
2 0 0
15.00000000 17.00000000 0.00000000
2 0 0
16.00000000 17.00000000 0.00000000
2 0 0
17.00000000 17.00000000 0.00000000
2 0 0
18.00000000 17.00000000 0.00000000
2 0 0
19.00000000 17.00000000 0.00000000
4 0 0
20.00000000 17.00000000 0.00000000
4 0 0
21.00000000 17.00000000 0.00000000
4 0 0
22.00000000 17.00000000 0.00000000
4 0 0
23.00000000 17.00000000 0.00000000
4 0 0
24.00000000 17.00000000 0.00000000
4 0 0
27.00000000 17.00000000 0.00000000
4 0 0
28.00000000 17.00000000 0.00000000
3 0 0
30.00000000 17.00000000 0.00000000
4 0 0
31.00000000 17.00000000 0.00000000
4 0 0
0.00000000 18.00000000 0.00000000
0 0 0
1.00000000 18.00000000 0.00000000
4 0 0
2.00000000 18.00000000 0.00000000
4 0 0
3.00000000 18.00000000 0.00000000
4 0 0
4.00000000 18.00000000 0.00000000
4 0 0
12.00000000 18.00000000 0.00000000
3 0 0
15.00000000 18.00000000 0.00000000
4 0 0
20.00000000 18.00000000 0.00000000
4 0 0
28.00000000 18.00000000 0.00000000
4 0 0
31.00000000 18.00000000 0.00000000
4 0 0
0.00000000 19.00000000 0.00000000
4 0 0
1.00000000 19.00000000 0.00000000
4 0 0
2.00000000 19.00000000 0.00000000
4 0 0
12.00000000 19.00000000 0.00000000
3 0 0
18.00000000 19.00000000 0.00000000
4 0 0
20.00000000 19.00000000 0.00000000
4 0 0
22.00000000 19.00000000 0.00000000
4 0 0
22.00000000 21.00000000 0.00000000
2 0 0
23.00000000 19.00000000 0.00000000
2 0 0
23.00000000 21.00000000 0.00000000
12 1 0
22.00000000 20.00000000 0.00000000
4 0 0
25.00000000 19.00000000 0.00000000
4 0 0
25.00000000 21.00000000 0.00000000
2 0 0
26.00000000 19.00000000 0.00000000
2 0 0
26.00000000 21.00000000 0.00000000
12 1 0
25.00000000 20.00000000 0.00000000
4 0 0
28.00000000 19.00000000 0.00000000
4 0 0
31.00000000 19.00000000 0.00000000
4 0 0
0.00000000 20.00000000 0.00000000
4 0 0
1.00000000 20.00000000 0.00000000
4 0 0
1.00000000 22.00000000 0.00000000
2 0 0
2.00000000 20.00000000 0.00000000
2 0 0
2.00000000 22.00000000 0.00000000
12 1 0
1.00000000 21.00000000 0.00000000
4 0 0
3.00000000 20.00000000 0.00000000
4 0 0
4.00000000 20.00000000 0.00000000
4 0 0
5.00000000 20.00000000 0.00000000
4 0 0
6.00000000 20.00000000 0.00000000
4 0 0
12.00000000 20.00000000 0.00000000
2 0 0
13.00000000 20.00000000 0.00000000
2 0 0
14.00000000 20.00000000 0.00000000
2 0 0
15.00000000 20.00000000 0.00000000
4 0 0
20.00000000 20.00000000 0.00000000
4 0 0
28.00000000 20.00000000 0.00000000
3 0 0
29.00000000 20.00000000 0.00000000
4 0 0
31.00000000 20.00000000 0.00000000
4 0 0
0.00000000 21.00000000 0.00000000
3 0 0
7.00000000 21.00000000 0.00000000
4 0 0
20.00000000 21.00000000 0.00000000
4 0 0
28.00000000 21.00000000 0.00000000
3 0 0
29.00000000 21.00000000 0.00000000
4 0 0
31.00000000 21.00000000 0.00000000
4 0 0
0.00000000 22.00000000 0.00000000
3 0 0
10.00000000 22.00000000 0.00000000
4 0 0
20.00000000 22.00000000 0.00000000
4 0 0
28.00000000 22.00000000 0.00000000
4 0 0
31.00000000 22.00000000 0.00000000
4 0 0
0.00000000 23.00000000 0.00000000
4 0 0
4.00000000 23.00000000 0.00000000
4 0 0
4.00000000 25.00000000 0.00000000
2 0 0
5.00000000 23.00000000 0.00000000
2 0 0
5.00000000 25.00000000 0.00000000
10 1 0
4.00000000 24.00000000 0.00000000
4 0 0
6.00000000 23.00000000 0.00000000
4 0 0
7.00000000 23.00000000 0.00000000
2 0 0
8.00000000 23.00000000 0.00000000
2 0 0
9.00000000 23.00000000 0.00000000
2 0 0
10.00000000 23.00000000 0.00000000
2 0 0
11.00000000 23.00000000 0.00000000
2 0 0
12.00000000 23.00000000 0.00000000
2 0 0
13.00000000 23.00000000 0.00000000
2 0 0
14.00000000 23.00000000 0.00000000
4 0 0
20.00000000 23.00000000 0.00000000
4 0 0
21.00000000 23.00000000 0.00000000
4 0 0
22.00000000 23.00000000 0.00000000
4 0 0
23.00000000 23.00000000 0.00000000
4 0 0
24.00000000 23.00000000 0.00000000
4 0 0
25.00000000 23.00000000 0.00000000
4 0 0
26.00000000 23.00000000 0.00000000
4 0 0
27.00000000 23.00000000 0.00000000
4 0 0
28.00000000 23.00000000 0.00000000
4 0 0
31.00000000 23.00000000 0.00000000
4 0 0
0.00000000 24.00000000 0.00000000
3 0 0
10.00000000 24.00000000 0.00000000
3 0 0
11.00000000 24.00000000 0.00000000
2 0 0
23.00000000 24.00000000 0.00000000
4 0 0
31.00000000 24.00000000 0.00000000
4 0 0
0.00000000 25.00000000 0.00000000
2 0 0
3.00000000 25.00000000 0.00000000
3 0 0
14.00000000 25.00000000 0.00000000
3 0 0
15.00000000 25.00000000 0.00000000
3 0 0
20.00000000 25.00000000 0.00000000
2 0 0
23.00000000 25.00000000 0.00000000
4 0 0
31.00000000 25.00000000 0.00000000
4 0 0
0.00000000 26.00000000 0.00000000
2 0 0
3.00000000 26.00000000 0.00000000
4 0 0
4.00000000 26.00000000 0.00000000
3 0 0
5.00000000 26.00000000 0.00000000
2 0 0
10.00000000 26.00000000 0.00000000
2 0 0
11.00000000 26.00000000 0.00000000
2 0 0
12.00000000 26.00000000 0.00000000
2 0 0
13.00000000 26.00000000 0.00000000
2 0 0
14.00000000 26.00000000 0.00000000
2 0 0
15.00000000 26.00000000 0.00000000
2 0 0
16.00000000 26.00000000 0.00000000
2 0 0
17.00000000 26.00000000 0.00000000
2 0 0
23.00000000 26.00000000 0.00000000
4 0 0
26.00000000 26.00000000 0.00000000
4 0 0
27.00000000 26.00000000 0.00000000
4 0 0
28.00000000 26.00000000 0.00000000
4 0 0
31.00000000 26.00000000 0.00000000
4 0 0
0.00000000 27.00000000 0.00000000
2 0 0
3.00000000 27.00000000 0.00000000
4 0 0
4.00000000 27.00000000 0.00000000
3 0 0
5.00000000 27.00000000 0.00000000
4 0 0
7.00000000 27.00000000 0.00000000
2 0 0
10.00000000 27.00000000 0.00000000
2 0 0
17.00000000 27.00000000 0.00000000
2 0 0
20.00000000 27.00000000 0.00000000
2 0 0
23.00000000 27.00000000 0.00000000
4 0 0
26.00000000 27.00000000 0.00000000
0 0 0
27.00000000 27.00000000 0.00000000
4 0 0
28.00000000 27.00000000 0.00000000
4 0 0
31.00000000 27.00000000 0.00000000
4 0 0
0.00000000 28.00000000 0.00000000
2 0 0
3.00000000 28.00000000 0.00000000
2 0 0
4.00000000 28.00000000 0.00000000
3 0 0
5.00000000 28.00000000 0.00000000
2 0 0
7.00000000 28.00000000 0.00000000
2 0 0
10.00000000 28.00000000 0.00000000
3 0 0
13.00000000 28.00000000 0.00000000
2 0 0
17.00000000 28.00000000 0.00000000
2 0 0
20.00000000 28.00000000 0.00000000
2 0 0
23.00000000 28.00000000 0.00000000
4 0 0
26.00000000 28.00000000 0.00000000
0 0 0
27.00000000 28.00000000 0.00000000
4 0 0
28.00000000 28.00000000 0.00000000
4 0 0
31.00000000 28.00000000 0.00000000
4 0 0
0.00000000 29.00000000 0.00000000
3 0 0
1.00000000 29.00000000 0.00000000
2 0 0
7.00000000 29.00000000 0.00000000
3 0 0
19.00000000 29.00000000 0.00000000
2 0 0
20.00000000 29.00000000 0.00000000
3 0 0
25.00000000 29.00000000 0.00000000
4 0 0
26.00000000 29.00000000 0.00000000
0 0 0
27.00000000 29.00000000 0.00000000
4 0 0
28.00000000 29.00000000 0.00000000
4 0 0
31.00000000 29.00000000 0.00000000
4 0 0
0.00000000 30.00000000 0.00000000
6 0 0
1.00000000 30.00000000 0.00000000
3 0 0
2.00000000 30.00000000 0.00000000
2 0 0
7.00000000 30.00000000 0.00000000
2 0 0
12.00000000 30.00000000 0.00000000
2 0 0
15.00000000 30.00000000 0.00000000
2 0 0
20.00000000 30.00000000 0.00000000
4 0 0
26.00000000 30.00000000 0.00000000
0 0 0
27.00000000 30.00000000 0.00000000
4 0 0
28.00000000 30.00000000 0.00000000
3 0 0
30.00000000 30.00000000 0.00000000
4 0 0
31.00000000 30.00000000 0.00000000
4 0 0
0.00000000 31.00000000 0.00000000
4 0 0
1.00000000 31.00000000 0.00000000
4 0 0
2.00000000 31.00000000 0.00000000
4 0 0
3.00000000 31.00000000 0.00000000
4 0 0
4.00000000 31.00000000 0.00000000
4 0 0
5.00000000 31.00000000 0.00000000
4 0 0
6.00000000 31.00000000 0.00000000
4 0 0
7.00000000 31.00000000 0.00000000
4 0 0
8.00000000 31.00000000 0.00000000
4 0 0
9.00000000 31.00000000 0.00000000
4 0 0
10.00000000 31.00000000 0.00000000
4 0 0
11.00000000 31.00000000 0.00000000
4 0 0
12.00000000 31.00000000 0.00000000
4 0 0
15.00000000 31.00000000 0.00000000
4 0 0
16.00000000 31.00000000 0.00000000
4 0 0
17.00000000 31.00000000 0.00000000
4 0 0
18.00000000 31.00000000 0.00000000
4 0 0
19.00000000 31.00000000 0.00000000
4 0 0
20.00000000 31.00000000 0.00000000
2 0 0
21.00000000 31.00000000 0.00000000
2 0 0
22.00000000 31.00000000 0.00000000
2 0 0
23.00000000 31.00000000 0.00000000
2 0 0
24.00000000 31.00000000 0.00000000
2 0 0
25.00000000 31.00000000 0.00000000
4 0 0
26.00000000 31.00000000 0.00000000
4 0 0
27.00000000 31.00000000 0.00000000
4 0 0
28.00000000 31.00000000 0.00000000
4 0 0
31.00000000 31.00000000 0.00000000
4 0 0
0.00000000 32.00000000 0.00000000
4 0 0
5.00000000 32.00000000 0.00000000
4 0 0
20.00000000 32.00000000 0.00000000
4 0 0
31.00000000 32.00000000 0.00000000
4 0 0
0.00000000 33.00000000 0.00000000
4 2 0
2.50000000 33.00000000 0.00000000
5 2 0
3.50000000 33.00000000 0.00000000
4 2 0
2.00000000 34.00000000 0.00000000
1 2 0
3.00000000 34.00000000 0.00000000
1 2 0
4.00000000 34.00000000 0.00000000
2 2 0
5.00000000 34.00000000 0.00000000
4 2 0
2.50000000 35.00000000 0.00000000
13 2 1401
3.50000000 35.00000000 0.00000000
2 2 0
4.50000000 35.00000000 0.00000000
4 2 0
2.00000000 36.00000000 0.00000000
1 2 0
3.00000000 36.00000000 0.00000000
1 2 0
4.00000000 36.00000000 0.00000000
2 2 0
5.00000000 36.00000000 0.00000000
4 2 0
2.50000000 37.00000000 0.00000000
5 2 0
3.50000000 37.00000000 0.00000000
4 0 0
5.00000000 33.00000000 0.00000000
4 0 0
20.00000000 33.00000000 0.00000000
3 0 0
25.00000000 33.00000000 0.00000000
3 0 0
26.00000000 33.00000000 0.00000000
3 0 0
27.00000000 33.00000000 0.00000000
4 0 0
31.00000000 33.00000000 0.00000000
4 0 0
0.00000000 34.00000000 0.00000000
4 0 0
20.00000000 34.00000000 0.00000000
3 0 0
21.00000000 34.00000000 0.00000000
2 0 0
23.00000000 34.00000000 0.00000000
2 0 0
24.00000000 34.00000000 0.00000000
2 0 0
25.00000000 34.00000000 0.00000000
2 0 0
26.00000000 34.00000000 0.00000000
2 0 0
27.00000000 34.00000000 0.00000000
2 0 0
28.00000000 34.00000000 0.00000000
2 0 0
29.00000000 34.00000000 0.00000000
4 0 0
31.00000000 34.00000000 0.00000000
4 0 0
0.00000000 35.00000000 0.00000000
4 0 0
10.00000000 35.00000000 0.00000000
4 0 0
10.00000000 37.00000000 0.00000000
2 0 0
11.00000000 35.00000000 0.00000000
2 0 0
11.00000000 37.00000000 0.00000000
10 1 265
10.00000000 36.00000000 0.00000000
4 0 0
16.00000000 35.00000000 0.00000000
4 0 0
16.00000000 37.00000000 0.00000000
2 0 0
17.00000000 35.00000000 0.00000000
2 0 0
17.00000000 37.00000000 0.00000000
9 1 0
16.00000000 36.00000000 0.00000000
4 0 0
20.00000000 35.00000000 0.00000000
2 0 0
23.00000000 35.00000000 0.00000000
2 0 0
29.00000000 35.00000000 0.00000000
4 0 0
31.00000000 35.00000000 0.00000000
4 0 0
0.00000000 36.00000000 0.00000000
1 0 0
13.00000000 36.00000000 0.00000000
1 0 0
14.00000000 36.00000000 0.00000000
4 0 0
20.00000000 36.00000000 0.00000000
2 0 0
23.00000000 36.00000000 0.00000000
2 0 0
29.00000000 36.00000000 0.00000000
4 0 0
31.00000000 36.00000000 0.00000000
4 0 0
0.00000000 37.00000000 0.00000000
4 0 0
5.00000000 37.00000000 0.00000000
4 0 0
5.00000000 39.00000000 0.00000000
2 0 0
6.00000000 37.00000000 0.00000000
2 0 0
6.00000000 39.00000000 0.00000000
12 2 1367
5.00000000 38.00000000 0.00000000
1 0 0
13.00000000 37.00000000 0.00000000
1 0 0
14.00000000 37.00000000 0.00000000
4 0 0
20.00000000 37.00000000 0.00000000
2 0 0
23.00000000 37.00000000 0.00000000
2 0 0
26.00000000 37.00000000 0.00000000
2 0 0
29.00000000 37.00000000 0.00000000
4 0 0
31.00000000 37.00000000 0.00000000
4 0 0
0.00000000 38.00000000 0.00000000
4 0 0
20.00000000 38.00000000 0.00000000
2 0 0
23.00000000 38.00000000 0.00000000
3 0 0
24.00000000 38.00000000 0.00000000
2 0 0
26.00000000 38.00000000 0.00000000
2 0 0
29.00000000 38.00000000 0.00000000
4 0 0
31.00000000 38.00000000 0.00000000
4 0 0
0.00000000 39.00000000 0.00000000
4 0 0
1.00000000 39.00000000 0.00000000
4 0 0
1.00000000 41.00000000 0.00000000
2 0 0
2.00000000 39.00000000 0.00000000
2 0 0
2.00000000 41.00000000 0.00000000
7 2 1060
1.00000000 40.00000000 0.00000000
2 0 0
3.00000000 39.00000000 0.00000000
2 0 0
4.00000000 39.00000000 0.00000000
4 0 0
10.00000000 39.00000000 0.00000000
4 0 0
10.00000000 41.00000000 0.00000000
2 0 0
11.00000000 39.00000000 0.00000000
2 0 0
11.00000000 41.00000000 0.00000000
10 1 0
10.00000000 40.00000000 0.00000000
1 0 0
13.00000000 39.00000000 0.00000000
1 0 0
14.00000000 39.00000000 0.00000000
4 0 0
16.00000000 39.00000000 0.00000000
4 0 0
16.00000000 41.00000000 0.00000000
2 0 0
17.00000000 39.00000000 0.00000000
2 0 0
17.00000000 41.00000000 0.00000000
9 1 0
16.00000000 40.00000000 0.00000000
4 0 0
20.00000000 39.00000000 0.00000000
2 0 0
23.00000000 39.00000000 0.00000000
2 0 0
26.00000000 39.00000000 0.00000000
2 0 0
29.00000000 39.00000000 0.00000000
4 0 0
31.00000000 39.00000000 0.00000000
4 0 0
0.00000000 40.00000000 0.00000000
1 0 0
13.00000000 40.00000000 0.00000000
1 0 0
14.00000000 40.00000000 0.00000000
4 0 0
20.00000000 40.00000000 0.00000000
3 0 0
24.00000000 40.00000000 0.00000000
2 0 0
26.00000000 40.00000000 0.00000000
2 0 0
29.00000000 40.00000000 0.00000000
4 0 0
31.00000000 40.00000000 0.00000000
4 0 0
0.00000000 41.00000000 0.00000000
2 0 0
3.00000000 41.00000000 0.00000000
2 0 0
4.00000000 41.00000000 0.00000000
4 0 0
5.00000000 41.00000000 0.00000000
2 0 0
6.00000000 41.00000000 0.00000000
12 1 1668
5.00000000 42.00000000 0.00000000
4 0 0
20.00000000 41.00000000 0.00000000
3 0 0
22.00000000 41.00000000 0.00000000
2 0 0
26.00000000 41.00000000 0.00000000
4 0 0
29.00000000 41.00000000 0.00000000
4 0 0
30.00000000 41.00000000 0.00000000
4 0 0
31.00000000 41.00000000 0.00000000
4 0 0
0.00000000 42.00000000 0.00000000
4 0 0
20.00000000 42.00000000 0.00000000
2 0 0
21.00000000 42.00000000 0.00000000
2 0 0
22.00000000 42.00000000 0.00000000
2 0 0
23.00000000 42.00000000 0.00000000
2 0 0
24.00000000 42.00000000 0.00000000
2 0 0
25.00000000 42.00000000 0.00000000
2 0 0
26.00000000 42.00000000 0.00000000
4 0 0
29.00000000 42.00000000 0.00000000
0 0 0
30.00000000 42.00000000 0.00000000
4 0 0
31.00000000 42.00000000 0.00000000
4 0 0
0.00000000 43.00000000 0.00000000
4 2 0
2.50000000 43.00000000 0.00000000
5 2 0
3.50000000 43.00000000 0.00000000
4 2 0
2.00000000 44.00000000 0.00000000
1 2 0
3.00000000 44.00000000 0.00000000
4 2 0
2.50000000 45.00000000 0.00000000
4 2 0
2.00000000 46.00000000 0.00000000
1 2 0
3.00000000 46.00000000 0.00000000
4 2 0
2.50000000 47.00000000 0.00000000
5 2 0
3.50000000 47.00000000 0.00000000
4 2 0
11.50000000 43.00000000 0.00000000
5 2 0
12.50000000 43.00000000 0.00000000
4 2 0
11.00000000 44.00000000 0.00000000
1 2 0
12.00000000 44.00000000 0.00000000
1 2 0
13.00000000 44.00000000 0.00000000
2 2 0
14.00000000 44.00000000 0.00000000
4 2 0
11.50000000 45.00000000 0.00000000
13 1 0
12.50000000 45.00000000 0.00000000
2 2 0
13.50000000 45.00000000 0.00000000
4 2 0
11.00000000 46.00000000 0.00000000
1 2 0
12.00000000 46.00000000 0.00000000
1 2 0
13.00000000 46.00000000 0.00000000
2 2 0
14.00000000 46.00000000 0.00000000
4 2 0
11.50000000 47.00000000 0.00000000
5 2 0
12.50000000 47.00000000 0.00000000
2 0 0
26.00000000 43.00000000 0.00000000
3 0 0
27.00000000 43.00000000 0.00000000
4 0 0
29.00000000 43.00000000 0.00000000
0 0 0
30.00000000 43.00000000 0.00000000
4 0 0
31.00000000 43.00000000 0.00000000
4 0 0
0.00000000 44.00000000 0.00000000
2 0 0
26.00000000 44.00000000 0.00000000
4 0 0
29.00000000 44.00000000 0.00000000
0 0 0
30.00000000 44.00000000 0.00000000
4 0 0
31.00000000 44.00000000 0.00000000
4 0 0
0.00000000 45.00000000 0.00000000
4 0 0
20.00000000 45.00000000 0.00000000
2 0 0
21.00000000 45.00000000 0.00000000
2 0 0
22.00000000 45.00000000 0.00000000
2 0 0
23.00000000 45.00000000 0.00000000
2 0 0
26.00000000 45.00000000 0.00000000
4 0 0
29.00000000 45.00000000 0.00000000
4 0 0
30.00000000 45.00000000 0.00000000
4 0 0
31.00000000 45.00000000 0.00000000
4 0 0
0.00000000 46.00000000 0.00000000
4 0 0
7.00000000 48.00000000 0.00000000
2 0 0
8.00000000 46.00000000 0.00000000
2 0 0
8.00000000 48.00000000 0.00000000
11 1 0
7.00000000 47.00000000 0.00000000
4 0 0
10.00000000 46.00000000 0.00000000
4 0 0
16.00000000 46.00000000 0.00000000
4 0 0
16.00000000 48.00000000 0.00000000
2 0 0
17.00000000 46.00000000 0.00000000
2 0 0
17.00000000 48.00000000 0.00000000
11 1 0
16.00000000 47.00000000 0.00000000
4 0 0
20.00000000 46.00000000 0.00000000
2 0 0
23.00000000 46.00000000 0.00000000
3 0 0
24.00000000 46.00000000 0.00000000
4 0 0
29.00000000 46.00000000 0.00000000
0 0 0
30.00000000 46.00000000 0.00000000
4 0 0
31.00000000 46.00000000 0.00000000
4 0 0
0.00000000 47.00000000 0.00000000
4 0 0
10.00000000 47.00000000 0.00000000
4 0 0
14.00000000 47.00000000 0.00000000
4 0 0
20.00000000 47.00000000 0.00000000
3 0 0
21.00000000 47.00000000 0.00000000
2 0 0
23.00000000 47.00000000 0.00000000
4 0 0
29.00000000 47.00000000 0.00000000
0 0 0
30.00000000 47.00000000 0.00000000
4 0 0
31.00000000 47.00000000 0.00000000
4 0 0
0.00000000 48.00000000 0.00000000
4 0 0
5.00000000 48.00000000 0.00000000
4 0 0
10.00000000 48.00000000 0.00000000
4 0 0
14.00000000 48.00000000 0.00000000
4 0 0
15.00000000 48.00000000 0.00000000
4 0 0
18.00000000 48.00000000 0.00000000
4 0 0
19.00000000 48.00000000 0.00000000
4 0 0
20.00000000 48.00000000 0.00000000
2 0 0
23.00000000 48.00000000 0.00000000
2 0 0
26.00000000 48.00000000 0.00000000
2 0 0
27.00000000 48.00000000 0.00000000
2 0 0
28.00000000 48.00000000 0.00000000
4 0 0
29.00000000 48.00000000 0.00000000
0 0 0
30.00000000 48.00000000 0.00000000
4 0 0
31.00000000 48.00000000 0.00000000
4 0 0
0.00000000 49.00000000 0.00000000
4 0 0
5.00000000 49.00000000 0.00000000
4 0 0
10.00000000 49.00000000 0.00000000
4 0 0
10.00000000 51.00000000 0.00000000
2 0 0
11.00000000 49.00000000 0.00000000
2 0 0
11.00000000 51.00000000 0.00000000
12 1 0
10.00000000 50.00000000 0.00000000
4 0 0
16.00000000 49.00000000 0.00000000
4 0 0
16.00000000 51.00000000 0.00000000
2 0 0
17.00000000 49.00000000 0.00000000
2 0 0
17.00000000 51.00000000 0.00000000
10 1 0
16.00000000 50.00000000 0.00000000
4 0 0
26.00000000 49.00000000 0.00000000
4 0 0
26.00000000 51.00000000 0.00000000
2 0 0
27.00000000 49.00000000 0.00000000
2 0 0
27.00000000 51.00000000 0.00000000
9 1 0
26.00000000 50.00000000 0.00000000
4 0 0
29.00000000 49.00000000 0.00000000
4 0 0
30.00000000 49.00000000 0.00000000
4 0 0
31.00000000 49.00000000 0.00000000
4 0 0
0.00000000 50.00000000 0.00000000
4 0 0
5.00000000 50.00000000 0.00000000
3 0 0
9.00000000 50.00000000 0.00000000
6 0 0
21.00000000 50.00000000 0.00000000
4 0 0
29.00000000 50.00000000 0.00000000
0 0 0
30.00000000 50.00000000 0.00000000
4 0 0
31.00000000 50.00000000 0.00000000
4 0 0
0.00000000 51.00000000 0.00000000
4 0 0
1.00000000 51.00000000 0.00000000
4 0 0
2.00000000 51.00000000 0.00000000
4 0 0
5.00000000 51.00000000 0.00000000
6 0 0
7.00000000 51.00000000 0.00000000
4 0 0
29.00000000 51.00000000 0.00000000
0 0 0
30.00000000 51.00000000 0.00000000
4 0 0
31.00000000 51.00000000 0.00000000
4 0 0
0.00000000 52.00000000 0.00000000
0 0 0
1.00000000 52.00000000 0.00000000
4 0 0
2.00000000 52.00000000 0.00000000
4 0 0
5.00000000 52.00000000 0.00000000
6 0 0
13.00000000 52.00000000 0.00000000
6 0 0
14.00000000 52.00000000 0.00000000
6 0 0
19.00000000 52.00000000 0.00000000
6 0 0
20.00000000 52.00000000 0.00000000
6 0 0
24.00000000 52.00000000 0.00000000
4 0 0
29.00000000 52.00000000 0.00000000
0 0 0
30.00000000 52.00000000 0.00000000
4 0 0
31.00000000 52.00000000 0.00000000
4 0 0
0.00000000 53.00000000 0.00000000
4 0 0
1.00000000 53.00000000 0.00000000
4 0 0
2.00000000 53.00000000 0.00000000
4 0 0
3.00000000 53.00000000 0.00000000
4 0 0
4.00000000 53.00000000 0.00000000
4 0 0
5.00000000 53.00000000 0.00000000
4 0 0
6.00000000 53.00000000 0.00000000
4 0 0
7.00000000 53.00000000 0.00000000
4 0 0
8.00000000 53.00000000 0.00000000
4 0 0
9.00000000 53.00000000 0.00000000
4 0 0
10.00000000 53.00000000 0.00000000
4 0 0
11.00000000 53.00000000 0.00000000
4 0 0
12.00000000 53.00000000 0.00000000
4 0 0
13.00000000 53.00000000 0.00000000
4 0 0
14.00000000 53.00000000 0.00000000
4 0 0
15.00000000 53.00000000 0.00000000
4 0 0
16.00000000 53.00000000 0.00000000
4 0 0
17.00000000 53.00000000 0.00000000
4 0 0
18.00000000 53.00000000 0.00000000
4 0 0
19.00000000 53.00000000 0.00000000
4 0 0
20.00000000 53.00000000 0.00000000
4 0 0
21.00000000 53.00000000 0.00000000
4 0 0
22.00000000 53.00000000 0.00000000
4 0 0
23.00000000 53.00000000 0.00000000
4 0 0
24.00000000 53.00000000 0.00000000
4 0 0
25.00000000 53.00000000 0.00000000
4 0 0
26.00000000 53.00000000 0.00000000
4 0 0
27.00000000 53.00000000 0.00000000
4 0 0
28.00000000 53.00000000 0.00000000
4 0 0
29.00000000 53.00000000 0.00000000
4 0 0
30.00000000 53.00000000 0.00000000
4 0 0
31.00000000 53.00000000 0.00000000
12
0
1
1
1
0
0
1 1313429340
-1.00000000 -1.00000000 -1.00000000
-1
0
0 100
12.50000000 2.50000000 0.00000000
0
-0.50000000 0.50000000
-0.50000000 0.50000000
0.00000000 2.34999990
0 0
0
1
1
1
0
1
1 1
-1.00000000 -1.00000000 -1.00000000
-1
0
0 100
9.50000000 7.50000000 0.00000000
90
-0.50000000 0.50000000
-0.50000000 0.50000000
0.00000000 3.34999990
0 0
0
1
1
1
0
1
4 1
14.50000000 15.50000000 0.00000000
0
0
0 100
8.67968750 4.50000000 0.00000000
0
-0.50000000 0.50000000
-0.50000000 0.50000000
0.00000000 3.34999990
0 46
2
1
1
1
0
1
4 1
-1.00000000 -1.00000000 -1.00000000
-1
0
0 100
15.50000000 50.50000000 0.00000000
0
-0.50000000 0.50000000
-0.50000000 0.50000000
0.20000000 2.79999995
0 41845
1
1
1
1
0
1
4 1
14.50000000 15.50000000 0.00000000
0
0
0 4
19.50000000 20.64062500 0.00000000
270
-0.50000000 0.50000000
-0.50000000 0.50000000
0.00000000 2.70000005
0 0
2
1
1
1
0
1
5 4
2.50000000 40.50000000 0.00000000
-1
0
0 100
2.50000000 40.50000000 0.00000000
180
-0.50000000 0.50000000
-0.50000000 0.50000000
0.20000000 2.79999995
0 6103
1
1
1
1
0
1
4 1
-1.00000000 -1.00000000 -1.00000000
-1
0
0 64
18.50000000 23.00000000 0.00000000
270
-0.50000000 0.50000000
-0.50000000 0.50000000
0.00000000 2.70000005
0 0
1
1
1
1
0
1
4 1
-1.00000000 -1.00000000 -1.00000000
-1
0
0 40
12.00000000 25.50000000 0.00000000
0
-0.50000000 0.50000000
-0.50000000 0.50000000
0.00000000 2.70000005
0 0
1
1
1
1
0
1
5 4
-1.00000000 -1.00000000 -1.00000000
-1
0
0 100
11.50000000 36.50000000 0.00000000
180
-0.50000000 0.50000000
-0.50000000 0.50000000
0.00000000 2.70000005
0 0
2
1
1
1
0
1
1 1
-1.00000000 -1.00000000 -1.00000000
-1
0
0 100
6.50000000 42.50000000 0.00000000
0
-0.50000000 0.50000000
-0.50000000 0.50000000
0.20000000 2.79999995
0 4697
2
1
1
1
0
1
5 4
6.50000000 38.50000000 0.00000000
-1
0
0 100
6.50000000 38.50000000 0.00000000
180
-0.50000000 0.50000000
-0.50000000 0.50000000
0.20000000 2.79999995
0 2988
2
1
1
1
0
1
1 1313429340
-1.00000000 -1.00000000 -1.00000000
-1
0
0 100
6.00000000 35.50000000 0.00000000
0
-0.50000000 0.50000000
-0.50000000 0.50000000
0.20000000 2.79999995
0 2576
0
0
4
14.50000000 18.90000005 1.05000001
72 0
14.50000000 19.50000000 0.00000000
48 1
14.50000000 16.09999995 1.50000001
51 0
14.50000000 15.50000000 0.00000000
34 1
53 3 55 25
65 46 0 60 8 22 10 
5 14 0 20 24 60 2 
-1
0 7
