32 54
3 3 3 3 3 3 3 3 3 3 3 3 3 3 3 3 3 3 3 3 3 3 3 3 3 3 3 3 3 3 3 3 
3 3 3 3 3 3 0 0 0 0 0 0 0 0 0 3 2 2 3 2 2 3 0 0 0 0 0 3 2 3 2 3 
3 3 3 3 3 3 0 3 0 0 0 0 0 0 0 3 3 2 3 3 3 3 0 0 0 0 0 3 3 2 3 3 
3 3 3 3 3 3 0 0 0 0 3 3 3 0 0 3 0 0 0 0 0 0 3 0 3 0 3 3 2 3 2 3 
3 3 3 3 3 0 0 0 0 0 3 2 3 3 0 3 0 0 0 0 0 0 0 0 3 0 0 3 3 3 3 3 
3 3 3 3 3 3 0 0 3 3 3 2 3 0 0 3 0 0 3 3 3 3 3 3 3 0 0 3 2 2 2 3 
3 3 3 3 3 3 0 0 3 3 3 2 3 0 0 3 3 0 3 0 0 0 0 0 3 0 0 3 2 0 2 3 
3 3 3 3 3 3 0 0 0 0 3 2 3 0 0 3 0 0 3 0 0 0 0 0 3 0 0 3 2 0 2 3 
3 3 3 3 3 3 3 3 3 3 3 3 3 0 0 3 0 0 3 3 0 3 3 0 3 0 0 3 3 0 2 3 
3 2 3 3 3 3 0 0 3 0 0 0 0 0 0 0 0 0 3 0 0 3 0 0 3 0 0 3 0 0 2 3 
3 2 3 3 0 0 0 0 0 0 0 0 0 0 3 3 0 0 3 3 0 3 3 0 3 0 0 3 3 0 2 3 
3 2 3 3 3 3 0 3 0 0 0 0 0 0 0 0 0 0 3 0 0 0 0 0 3 0 0 3 2 0 2 3 
3 3 3 3 3 3 3 3 3 3 0 0 3 3 3 3 2 2 3 0 0 0 0 0 3 0 0 3 2 0 2 3 
3 3 3 0 0 0 0 0 0 3 0 0 3 3 3 3 3 3 3 3 0 0 0 3 3 0 0 3 3 0 3 3 
3 3 3 0 0 3 3 0 0 3 0 0 3 0 0 0 0 3 0 0 0 3 0 0 0 3 0 0 0 0 0 3 
3 3 0 0 0 3 0 0 3 3 3 0 3 0 0 0 0 0 0 0 0 0 0 0 0 0 0 0 0 0 0 3 
3 3 3 0 0 3 3 0 0 3 0 0 3 3 0 3 3 3 3 3 3 3 3 3 3 0 0 3 3 0 0 3 
3 3 3 0 0 0 0 0 0 3 0 0 3 0 0 3 3 3 3 3 3 3 3 3 3 0 0 3 3 0 3 3 
3 2 3 3 3 0 0 3 3 3 0 0 3 0 0 3 0 0 0 0 3 0 0 0 0 0 0 0 3 0 0 3 
3 3 3 0 0 0 0 0 0 0 0 0 3 0 0 0 0 0 3 0 3 0 3 3 0 3 3 0 3 0 0 3 
3 3 3 3 3 3 3 3 3 3 3 3 3 3 3 3 3 3 0 0 3 0 3 0 0 3 0 0 3 3 0 3 
3 3 0 0 0 0 0 3 0 0 0 0 1 2 3 3 2 1 0 0 3 0 3 3 0 3 3 0 3 3 0 3 
3 3 3 0 0 0 0 0 0 0 3 0 1 2 3 3 2 1 0 0 3 0 0 0 0 0 0 0 3 0 0 3 
3 1 1 1 3 3 3 3 3 3 3 3 3 3 3 3 3 3 3 3 3 3 3 3 3 3 3 3 3 0 0 3 
3 1 1 1 3 1 1 1 0 0 3 3 0 0 0 0 0 0 0 0 0 0 0 3 3 3 2 2 1 0 0 3 
3 2 2 3 3 3 1 1 0 0 0 0 0 0 3 3 0 0 0 0 3 0 0 3 3 3 2 2 1 0 0 3 
3 2 2 3 3 3 1 1 0 0 3 3 3 3 3 3 3 3 0 0 0 0 0 3 2 2 3 3 3 0 0 3 
3 3 3 3 3 3 1 3 3 3 3 2 0 0 0 0 2 3 3 3 3 0 0 3 2 2 3 2 3 0 0 3 
3 3 3 3 3 3 1 3 0 0 3 2 0 3 0 0 2 3 0 0 3 0 0 3 1 1 3 2 3 0 0 3 
3 3 3 3 2 2 1 3 0 0 0 2 0 0 0 0 2 0 0 3 3 0 0 0 0 3 3 2 3 0 0 3 
3 3 3 3 2 2 1 3 0 0 0 2 3 0 0 3 2 0 0 0 3 0 0 0 0 0 3 2 3 0 3 3 
3 3 3 3 3 3 3 3 3 3 3 3 3 0 0 3 3 3 3 3 3 3 3 3 3 3 3 3 3 0 0 3 
3 3 3 3 3 3 0 0 0 0 0 0 0 0 0 0 0 0 0 0 3 0 0 0 0 0 0 0 0 0 0 3 
3 3 3 3 3 3 0 0 0 0 0 0 0 0 0 0 0 0 0 0 3 0 0 0 0 3 3 3 0 0 0 3 
3 3 3 3 3 3 0 0 0 0 0 0 0 0 0 0 0 0 0 0 3 3 0 3 3 3 3 3 3 3 2 3 
3 3 3 3 3 0 0 0 0 0 3 3 0 0 0 0 3 3 0 0 3 0 0 3 2 2 3 2 2 3 2 3 
3 3 3 3 3 3 0 0 0 0 3 0 0 3 3 0 3 0 0 0 3 0 0 3 2 2 3 2 2 3 2 3 
3 3 3 3 3 3 3 0 0 0 3 3 0 3 3 0 3 3 0 0 3 0 0 3 1 1 3 1 1 3 2 3 
3 3 3 3 3 3 0 0 0 0 0 0 0 0 0 0 0 0 0 0 3 0 0 3 3 0 3 0 0 3 2 3 
3 3 3 3 3 3 3 0 0 0 3 3 0 3 3 0 3 3 0 0 3 0 0 3 0 0 3 0 0 3 2 3 
3 3 0 0 0 0 0 0 0 0 3 0 0 3 3 0 3 0 0 0 3 0 0 0 3 0 3 0 0 3 2 3 
3 3 3 3 3 3 3 0 0 0 3 3 0 0 0 0 3 3 0 0 3 0 3 0 0 0 3 0 0 3 3 3 
3 3 3 3 3 3 0 0 0 0 0 0 0 0 0 0 0 0 0 0 3 3 3 3 3 3 3 0 0 3 2 3 
3 3 3 3 3 3 3 0 0 0 0 0 3 0 0 0 0 0 0 0 0 0 0 0 0 0 3 3 0 3 2 3 
3 3 3 3 3 3 0 0 0 0 0 3 3 3 3 0 0 0 0 0 0 0 0 0 0 0 3 0 0 3 2 3 
3 3 3 3 3 0 0 0 0 0 0 0 3 3 0 0 0 0 0 0 3 3 3 3 0 0 3 0 0 3 3 3 
3 3 3 3 3 3 0 3 3 0 3 3 3 3 3 0 3 3 0 0 3 2 2 3 3 0 0 0 0 3 2 3 
3 3 3 3 3 3 0 3 0 0 3 2 3 2 3 0 3 0 0 0 3 3 2 3 0 0 0 0 0 3 2 3 
3 3 3 3 3 3 0 3 3 2 3 2 2 2 3 3 3 3 3 3 3 2 2 3 2 2 3 3 3 3 2 3 
3 3 3 3 3 3 0 3 3 3 3 3 3 3 3 3 3 3 3 3 3 3 3 3 3 3 3 3 3 3 3 3 
3 3 3 3 3 3 0 2 2 3 3 2 2 2 2 2 3 2 2 2 2 3 2 2 2 2 3 2 2 3 2 3 
3 3 3 3 3 3 0 3 3 3 3 3 2 3 3 3 3 3 2 3 3 3 3 3 3 3 3 3 2 3 2 3 
3 2 3 3 3 3 0 2 2 2 2 2 2 3 3 2 2 2 2 3 3 2 2 2 3 2 2 2 2 3 2 3 
3 3 3 3 3 3 3 3 3 3 3 3 3 3 3 3 3 3 3 3 3 3 3 3 3 3 3 3 3 3 3 3 
-1000.00000000 -3000.00000000 5000.00000000 1.00000000
-1000.00000000 -3000.00000000 5000.00000000
6.00000000 -6.00000000 11.00000000
9.50000000 4.27967548 0.00000000
9.00000000 2.00000000 1.25000000
0
794
4 0 0
0.00000000 0.00000000 0.00000000
4 0 0
1.00000000 0.00000000 0.00000000
4 0 0
2.00000000 0.00000000 0.00000000
4 0 0
3.00000000 0.00000000 0.00000000
4 0 0
4.00000000 0.00000000 0.00000000
4 0 0
5.00000000 0.00000000 0.00000000
4 0 0
6.00000000 0.00000000 0.00000000
4 0 0
7.00000000 0.00000000 0.00000000
4 0 0
8.00000000 0.00000000 0.00000000
4 0 0
9.00000000 0.00000000 0.00000000
4 0 0
10.00000000 0.00000000 0.00000000
4 0 0
11.00000000 0.00000000 0.00000000
4 0 0
12.00000000 0.00000000 0.00000000
4 0 0
13.00000000 0.00000000 0.00000000
4 0 0
14.00000000 0.00000000 0.00000000
4 0 0
15.00000000 0.00000000 0.00000000
4 0 0
16.00000000 0.00000000 0.00000000
4 0 0
17.00000000 0.00000000 0.00000000
4 0 0
18.00000000 0.00000000 0.00000000
4 0 0
19.00000000 0.00000000 0.00000000
4 0 0
20.00000000 0.00000000 0.00000000
4 0 0
21.00000000 0.00000000 0.00000000
4 0 0
22.00000000 0.00000000 0.00000000
4 0 0
23.00000000 0.00000000 0.00000000
4 0 0
24.00000000 0.00000000 0.00000000
4 0 0
25.00000000 0.00000000 0.00000000
4 0 0
26.00000000 0.00000000 0.00000000
4 0 0
27.00000000 0.00000000 0.00000000
4 0 0
28.00000000 0.00000000 0.00000000
4 0 0
29.00000000 0.00000000 0.00000000
4 0 0
30.00000000 0.00000000 0.00000000
4 0 0
31.00000000 0.00000000 0.00000000
4 0 0
0.00000000 1.00000000 0.00000000
4 0 0
5.00000000 1.00000000 0.00000000
2 0 0
15.00000000 1.00000000 0.00000000
4 0 0
18.00000000 1.00000000 0.00000000
0 0 0
19.00000000 1.00000000 0.00000000
0 0 0
20.00000000 1.00000000 0.00000000
4 0 0
21.00000000 1.00000000 0.00000000
4 0 0
27.00000000 1.00000000 0.00000000
0 0 0
28.00000000 1.00000000 0.00000000
3 0 0
29.00000000 1.00000000 0.00000000
0 0 0
30.00000000 1.00000000 0.00000000
4 0 0
31.00000000 1.00000000 0.00000000
4 0 0
0.00000000 2.00000000 0.00000000
4 1 0
2.50000000 2.00000000 0.00000000
5 1 0
3.50000000 2.00000000 0.00000000
4 1 0
2.00000000 3.00000000 0.00000000
1 1 0
3.00000000 3.00000000 0.00000000
1 1 0
4.00000000 3.00000000 0.00000000
2 1 0
5.00000000 3.00000000 0.00000000
4 1 0
2.50000000 4.00000000 0.00000000
13 1 0
3.50000000 4.00000000 0.00000000
2 1 0
4.50000000 4.00000000 0.00000000
4 1 0
2.00000000 5.00000000 0.00000000
1 1 0
3.00000000 5.00000000 0.00000000
1 1 0
4.00000000 5.00000000 0.00000000
2 1 0
5.00000000 5.00000000 0.00000000
4 1 0
2.50000000 6.00000000 0.00000000
5 1 0
3.50000000 6.00000000 0.00000000
4 0 0
5.00000000 2.00000000 0.00000000
3 0 0
7.00000000 2.00000000 0.00000000
2 0 0
15.00000000 2.00000000 0.00000000
6 0 0
16.00000000 2.00000000 0.00000000
4 0 0
18.00000000 2.00000000 0.00000000
4 0 0
19.00000000 2.00000000 0.00000000
4 0 0
20.00000000 2.00000000 0.00000000
4 0 0
21.00000000 2.00000000 0.00000000
4 0 0
27.00000000 2.00000000 0.00000000
3 0 0
28.00000000 2.00000000 0.00000000
0 0 0
29.00000000 2.00000000 0.00000000
3 0 0
30.00000000 2.00000000 0.00000000
4 0 0
31.00000000 2.00000000 0.00000000
4 0 0
0.00000000 3.00000000 0.00000000
4 0 0
10.00000000 3.00000000 0.00000000
4 0 0
11.00000000 3.00000000 0.00000000
4 0 0
12.00000000 3.00000000 0.00000000
2 0 0
15.00000000 3.00000000 0.00000000
3 0 0
22.00000000 3.00000000 0.00000000
2 0 0
24.00000000 3.00000000 0.00000000
3 0 0
26.00000000 3.00000000 0.00000000
4 0 0
27.00000000 3.00000000 0.00000000
0 0 0
28.00000000 3.00000000 0.00000000
3 0 0
29.00000000 3.00000000 0.00000000
0 0 0
30.00000000 3.00000000 0.00000000
4 0 0
31.00000000 3.00000000 0.00000000
4 0 0
0.00000000 4.00000000 0.00000000
4 0 0
10.00000000 4.00000000 0.00000000
0 0 0
11.00000000 4.00000000 0.00000000
4 0 0
12.00000000 4.00000000 0.00000000
3 0 0
13.00000000 4.00000000 0.00000000
2 0 0
15.00000000 4.00000000 0.00000000
2 0 0
24.00000000 4.00000000 0.00000000
4 0 0
27.00000000 4.00000000 0.00000000
4 0 0
28.00000000 4.00000000 0.00000000
4 0 0
29.00000000 4.00000000 0.00000000
4 0 0
30.00000000 4.00000000 0.00000000
4 0 0
31.00000000 4.00000000 0.00000000
4 0 0
0.00000000 5.00000000 0.00000000
3 0 0
8.00000000 5.00000000 0.00000000
3 0 0
9.00000000 5.00000000 0.00000000
4 0 0
10.00000000 5.00000000 0.00000000
0 0 0
11.00000000 5.00000000 0.00000000
4 0 0
12.00000000 5.00000000 0.00000000
2 0 0
15.00000000 5.00000000 0.00000000
4 0 0
18.00000000 5.00000000 0.00000000
4 0 0
19.00000000 5.00000000 0.00000000
4 0 0
20.00000000 5.00000000 0.00000000
4 0 0
21.00000000 5.00000000 0.00000000
4 0 0
22.00000000 5.00000000 0.00000000
4 0 0
23.00000000 5.00000000 0.00000000
4 0 0
24.00000000 5.00000000 0.00000000
4 0 0
27.00000000 5.00000000 0.00000000
4 0 0
31.00000000 5.00000000 0.00000000
4 0 0
0.00000000 6.00000000 0.00000000
4 0 0
5.00000000 6.00000000 0.00000000
3 0 0
8.00000000 6.00000000 0.00000000
3 0 0
9.00000000 6.00000000 0.00000000
4 0 0
10.00000000 6.00000000 0.00000000
0 0 0
11.00000000 6.00000000 0.00000000
4 0 0
12.00000000 6.00000000 0.00000000
2 0 0
15.00000000 6.00000000 0.00000000
3 0 0
16.00000000 6.00000000 0.00000000
4 0 0
18.00000000 6.00000000 0.00000000
4 0 0
24.00000000 6.00000000 0.00000000
4 0 0
27.00000000 6.00000000 0.00000000
4 0 0
31.00000000 6.00000000 0.00000000
4 0 0
0.00000000 7.00000000 0.00000000
4 0 0
5.00000000 7.00000000 0.00000000
4 0 0
10.00000000 7.00000000 0.00000000
0 0 0
11.00000000 7.00000000 0.00000000
4 0 0
12.00000000 7.00000000 0.00000000
2 0 0
15.00000000 7.00000000 0.00000000
4 0 0
18.00000000 7.00000000 0.00000000
4 0 0
24.00000000 7.00000000 0.00000000
4 0 0
27.00000000 7.00000000 0.00000000
4 0 0
31.00000000 7.00000000 0.00000000
4 0 0
0.00000000 8.00000000 0.00000000
4 0 0
1.00000000 8.00000000 0.00000000
4 0 0
2.00000000 8.00000000 0.00000000
4 0 0
3.00000000 8.00000000 0.00000000
4 0 0
4.00000000 8.00000000 0.00000000
4 0 0
5.00000000 8.00000000 0.00000000
2 0 0
6.00000000 8.00000000 0.00000000
2 0 0
7.00000000 8.00000000 0.00000000
2 0 0
8.00000000 8.00000000 0.00000000
2 0 0
9.00000000 8.00000000 0.00000000
4 0 0
10.00000000 8.00000000 0.00000000
4 0 0
11.00000000 8.00000000 0.00000000
4 0 0
12.00000000 8.00000000 0.00000000
2 0 0
15.00000000 8.00000000 0.00000000
4 0 0
18.00000000 8.00000000 0.00000000
4 0 0
18.00000000 10.00000000 0.00000000
2 0 0
19.00000000 8.00000000 0.00000000
2 0 0
19.00000000 10.00000000 0.00000000
7 1 0
18.00000000 9.00000000 0.00000000
4 0 0
21.00000000 8.00000000 0.00000000
4 0 0
21.00000000 10.00000000 0.00000000
2 0 0
22.00000000 8.00000000 0.00000000
2 0 0
22.00000000 10.00000000 0.00000000
11 1 0
21.00000000 9.00000000 0.00000000
4 0 0
24.00000000 8.00000000 0.00000000
4 0 0
27.00000000 8.00000000 0.00000000
4 0 0
27.00000000 10.00000000 0.00000000
2 0 0
28.00000000 8.00000000 0.00000000
2 0 0
28.00000000 10.00000000 0.00000000
9 1 0
27.00000000 9.00000000 0.00000000
4 0 0
31.00000000 8.00000000 0.00000000
4 0 0
0.00000000 9.00000000 0.00000000
0 0 0
1.00000000 9.00000000 0.00000000
4 0 0
2.00000000 9.00000000 0.00000000
4 0 0
3.00000000 9.00000000 0.00000000
4 0 0
3.00000000 11.00000000 0.00000000
2 0 0
4.00000000 9.00000000 0.00000000
2 0 0
4.00000000 11.00000000 0.00000000
7 1 0
3.00000000 10.00000000 0.00000000
4 0 0
5.00000000 9.00000000 0.00000000
3 0 0
8.00000000 9.00000000 0.00000000
4 0 0
24.00000000 9.00000000 0.00000000
4 0 0
31.00000000 9.00000000 0.00000000
4 0 0
0.00000000 10.00000000 0.00000000
0 0 0
1.00000000 10.00000000 0.00000000
4 0 0
2.00000000 10.00000000 0.00000000
3 0 0
14.00000000 10.00000000 0.00000000
3 0 0
15.00000000 10.00000000 0.00000000
4 0 0
24.00000000 10.00000000 0.00000000
4 0 0
31.00000000 10.00000000 0.00000000
4 0 0
0.00000000 11.00000000 0.00000000
0 0 0
1.00000000 11.00000000 0.00000000
4 0 0
2.00000000 11.00000000 0.00000000
4 0 0
5.00000000 11.00000000 0.00000000
3 0 0
7.00000000 11.00000000 0.00000000
4 0 0
18.00000000 11.00000000 0.00000000
4 0 0
24.00000000 11.00000000 0.00000000
4 0 0
27.00000000 11.00000000 0.00000000
4 0 0
31.00000000 11.00000000 0.00000000
4 0 0
0.00000000 12.00000000 0.00000000
4 0 0
1.00000000 12.00000000 0.00000000
4 0 0
2.00000000 12.00000000 0.00000000
4 0 0
3.00000000 12.00000000 0.00000000
4 0 0
4.00000000 12.00000000 0.00000000
4 0 0
5.00000000 12.00000000 0.00000000
4 0 0
6.00000000 12.00000000 0.00000000
4 0 0
7.00000000 12.00000000 0.00000000
4 0 0
8.00000000 12.00000000 0.00000000
4 0 0
9.00000000 12.00000000 0.00000000
4 0 0
12.00000000 12.00000000 0.00000000
2 0 0
13.00000000 12.00000000 0.00000000
2 0 0
14.00000000 12.00000000 0.00000000
2 0 0
15.00000000 12.00000000 0.00000000
4 0 0
18.00000000 12.00000000 0.00000000
4 0 0
24.00000000 12.00000000 0.00000000
4 0 0
27.00000000 12.00000000 0.00000000
4 0 0
31.00000000 12.00000000 0.00000000
4 0 0
0.00000000 13.00000000 0.00000000
4 0 0
1.00000000 13.00000000 0.00000000
4 0 0
2.00000000 13.00000000 0.00000000
4 0 0
9.00000000 13.00000000 0.00000000
4 0 0
12.00000000 13.00000000 0.00000000
2 0 0
13.00000000 13.00000000 0.00000000
2 0 0
14.00000000 13.00000000 0.00000000
2 0 0
15.00000000 13.00000000 0.00000000
2 0 0
16.00000000 13.00000000 0.00000000
2 0 0
17.00000000 13.00000000 0.00000000
4 0 0
18.00000000 13.00000000 0.00000000
4 0 0
19.00000000 13.00000000 0.00000000
4 0 0
23.00000000 13.00000000 0.00000000
4 0 0
24.00000000 13.00000000 0.00000000
4 0 0
27.00000000 13.00000000 0.00000000
4 0 0
28.00000000 13.00000000 0.00000000
4 0 0
30.00000000 13.00000000 0.00000000
4 0 0
31.00000000 13.00000000 0.00000000
4 0 0
0.00000000 14.00000000 0.00000000
4 0 0
1.00000000 14.00000000 0.00000000
4 0 0
1.00000000 16.00000000 0.00000000
2 0 0
2.00000000 14.00000000 0.00000000
2 0 0
2.00000000 16.00000000 0.00000000
10 1 0
1.00000000 15.00000000 0.00000000
4 0 0
5.00000000 14.00000000 0.00000000
4 0 0
5.00000000 16.00000000 0.00000000
2 0 0
6.00000000 14.00000000 0.00000000
2 0 0
6.00000000 16.00000000 0.00000000
9 1 0
5.00000000 15.00000000 0.00000000
4 0 0
9.00000000 14.00000000 0.00000000
4 0 0
12.00000000 14.00000000 0.00000000
3 0 0
17.00000000 14.00000000 0.00000000
3 0 0
21.00000000 14.00000000 0.00000000
3 0 0
25.00000000 14.00000000 0.00000000
4 0 0
31.00000000 14.00000000 0.00000000
4 0 0
0.00000000 15.00000000 0.00000000
3 0 0
8.00000000 15.00000000 0.00000000
4 0 0
9.00000000 15.00000000 0.00000000
3 0 0
10.00000000 15.00000000 0.00000000
4 0 0
12.00000000 15.00000000 0.00000000
4 0 0
31.00000000 15.00000000 0.00000000
4 0 0
0.00000000 16.00000000 0.00000000
4 0 0
9.00000000 16.00000000 0.00000000
4 0 0
12.00000000 16.00000000 0.00000000
3 0 0
13.00000000 16.00000000 0.00000000
2 0 0
15.00000000 16.00000000 0.00000000
2 0 0
16.00000000 16.00000000 0.00000000
2 0 0
17.00000000 16.00000000 0.00000000
2 0 0
18.00000000 16.00000000 0.00000000
2 0 0
19.00000000 16.00000000 0.00000000
2 0 0
20.00000000 16.00000000 0.00000000
2 0 0
21.00000000 16.00000000 0.00000000
2 0 0
22.00000000 16.00000000 0.00000000
2 0 0
23.00000000 16.00000000 0.00000000
2 0 0
24.00000000 16.00000000 0.00000000
2 0 0
27.00000000 16.00000000 0.00000000
2 0 0
28.00000000 16.00000000 0.00000000
4 0 0
31.00000000 16.00000000 0.00000000
4 0 0
0.00000000 17.00000000 0.00000000
4 0 0
1.00000000 17.00000000 0.00000000
4 0 0
2.00000000 17.00000000 0.00000000
4 0 0
12.00000000 17.00000000 0.00000000
2 0 0
15.00000000 17.00000000 0.00000000
2 0 0
16.00000000 17.00000000 0.00000000
2 0 0
17.00000000 17.00000000 0.00000000
2 0 0
18.00000000 17.00000000 0.00000000
2 0 0
19.00000000 17.00000000 0.00000000
4 0 0
20.00000000 17.00000000 0.00000000
4 0 0
21.00000000 17.00000000 0.00000000
4 0 0
22.00000000 17.00000000 0.00000000
4 0 0
23.00000000 17.00000000 0.00000000
4 0 0
24.00000000 17.00000000 0.00000000
4 0 0
27.00000000 17.00000000 0.00000000
4 0 0
28.00000000 17.00000000 0.00000000
3 0 0
30.00000000 17.00000000 0.00000000
4 0 0
31.00000000 17.00000000 0.00000000
4 0 0
0.00000000 18.00000000 0.00000000
0 0 0
1.00000000 18.00000000 0.00000000
4 0 0
2.00000000 18.00000000 0.00000000
4 0 0
3.00000000 18.00000000 0.00000000
4 0 0
4.00000000 18.00000000 0.00000000
4 0 0
12.00000000 18.00000000 0.00000000
3 0 0
15.00000000 18.00000000 0.00000000
4 0 0
20.00000000 18.00000000 0.00000000
4 0 0
28.00000000 18.00000000 0.00000000
4 0 0
31.00000000 18.00000000 0.00000000
4 0 0
0.00000000 19.00000000 0.00000000
4 0 0
1.00000000 19.00000000 0.00000000
4 0 0
2.00000000 19.00000000 0.00000000
4 0 0
12.00000000 19.00000000 0.00000000
3 0 0
18.00000000 19.00000000 0.00000000
4 0 0
20.00000000 19.00000000 0.00000000
4 0 0
22.00000000 19.00000000 0.00000000
4 0 0
22.00000000 21.00000000 0.00000000
2 0 0
23.00000000 19.00000000 0.00000000
2 0 0
23.00000000 21.00000000 0.00000000
12 1 0
22.00000000 20.00000000 0.00000000
4 0 0
25.00000000 19.00000000 0.00000000
4 0 0
25.00000000 21.00000000 0.00000000
2 0 0
26.00000000 19.00000000 0.00000000
2 0 0
26.00000000 21.00000000 0.00000000
12 1 0
25.00000000 20.00000000 0.00000000
4 0 0
28.00000000 19.00000000 0.00000000
4 0 0
31.00000000 19.00000000 0.00000000
4 0 0
0.00000000 20.00000000 0.00000000
4 0 0
1.00000000 20.00000000 0.00000000
4 0 0
1.00000000 22.00000000 0.00000000
2 0 0
2.00000000 20.00000000 0.00000000
2 0 0
2.00000000 22.00000000 0.00000000
12 1 0
1.00000000 21.00000000 0.00000000
4 0 0
3.00000000 20.00000000 0.00000000
4 0 0
4.00000000 20.00000000 0.00000000
4 0 0
5.00000000 20.00000000 0.00000000
4 0 0
6.00000000 20.00000000 0.00000000
4 0 0
12.00000000 20.00000000 0.00000000
2 0 0
13.00000000 20.00000000 0.00000000
2 0 0
14.00000000 20.00000000 0.00000000
2 0 0
15.00000000 20.00000000 0.00000000
2 0 0
16.00000000 20.00000000 0.00000000
2 0 0
17.00000000 20.00000000 0.00000000
4 0 0
20.00000000 20.00000000 0.00000000
4 0 0
28.00000000 20.00000000 0.00000000
3 0 0
29.00000000 20.00000000 0.00000000
4 0 0
31.00000000 20.00000000 0.00000000
4 0 0
0.00000000 21.00000000 0.00000000
3 0 0
7.00000000 21.00000000 0.00000000
4 0 0
20.00000000 21.00000000 0.00000000
4 0 0
28.00000000 21.00000000 0.00000000
3 0 0
29.00000000 21.00000000 0.00000000
4 0 0
31.00000000 21.00000000 0.00000000
4 0 0
0.00000000 22.00000000 0.00000000
3 0 0
10.00000000 22.00000000 0.00000000
4 0 0
20.00000000 22.00000000 0.00000000
4 0 0
28.00000000 22.00000000 0.00000000
4 0 0
31.00000000 22.00000000 0.00000000
4 0 0
0.00000000 23.00000000 0.00000000
4 0 0
4.00000000 23.00000000 0.00000000
4 0 0
4.00000000 25.00000000 0.00000000
2 0 0
5.00000000 23.00000000 0.00000000
2 0 0
5.00000000 25.00000000 0.00000000
10 0 0
4.00000000 24.00000000 0.00000000
4 0 0
6.00000000 23.00000000 0.00000000
4 0 0
7.00000000 23.00000000 0.00000000
2 0 0
8.00000000 23.00000000 0.00000000
2 0 0
9.00000000 23.00000000 0.00000000
2 0 0
10.00000000 23.00000000 0.00000000
2 0 0
11.00000000 23.00000000 0.00000000
2 0 0
12.00000000 23.00000000 0.00000000
2 0 0
13.00000000 23.00000000 0.00000000
2 0 0
14.00000000 23.00000000 0.00000000
2 0 0
15.00000000 23.00000000 0.00000000
2 0 0
16.00000000 23.00000000 0.00000000
2 0 0
17.00000000 23.00000000 0.00000000
2 0 0
18.00000000 23.00000000 0.00000000
2 0 0
19.00000000 23.00000000 0.00000000
4 0 0
20.00000000 23.00000000 0.00000000
4 0 0
21.00000000 23.00000000 0.00000000
4 0 0
22.00000000 23.00000000 0.00000000
4 0 0
23.00000000 23.00000000 0.00000000
4 0 0
24.00000000 23.00000000 0.00000000
4 0 0
25.00000000 23.00000000 0.00000000
4 0 0
26.00000000 23.00000000 0.00000000
4 0 0
27.00000000 23.00000000 0.00000000
4 0 0
28.00000000 23.00000000 0.00000000
4 0 0
31.00000000 23.00000000 0.00000000
4 0 0
0.00000000 24.00000000 0.00000000
3 0 0
10.00000000 24.00000000 0.00000000
3 0 0
11.00000000 24.00000000 0.00000000
2 0 0
23.00000000 24.00000000 0.00000000
4 0 0
31.00000000 24.00000000 0.00000000
4 0 0
0.00000000 25.00000000 0.00000000
2 0 0
3.00000000 25.00000000 0.00000000
3 0 0
14.00000000 25.00000000 0.00000000
3 0 0
15.00000000 25.00000000 0.00000000
3 0 0
20.00000000 25.00000000 0.00000000
2 0 0
23.00000000 25.00000000 0.00000000
4 0 0
31.00000000 25.00000000 0.00000000
4 0 0
0.00000000 26.00000000 0.00000000
2 0 0
3.00000000 26.00000000 0.00000000
4 0 0
4.00000000 26.00000000 0.00000000
3 0 0
5.00000000 26.00000000 0.00000000
2 0 0
10.00000000 26.00000000 0.00000000
2 0 0
11.00000000 26.00000000 0.00000000
2 0 0
12.00000000 26.00000000 0.00000000
2 0 0
13.00000000 26.00000000 0.00000000
2 0 0
14.00000000 26.00000000 0.00000000
2 0 0
15.00000000 26.00000000 0.00000000
2 0 0
16.00000000 26.00000000 0.00000000
2 0 0
17.00000000 26.00000000 0.00000000
2 0 0
23.00000000 26.00000000 0.00000000
4 0 0
26.00000000 26.00000000 0.00000000
4 0 0
27.00000000 26.00000000 0.00000000
4 0 0
28.00000000 26.00000000 0.00000000
4 0 0
31.00000000 26.00000000 0.00000000
4 0 0
0.00000000 27.00000000 0.00000000
2 0 0
3.00000000 27.00000000 0.00000000
4 0 0
4.00000000 27.00000000 0.00000000
3 0 0
5.00000000 27.00000000 0.00000000
4 0 0
7.00000000 27.00000000 0.00000000
2 0 0
10.00000000 27.00000000 0.00000000
2 0 0
17.00000000 27.00000000 0.00000000
2 0 0
20.00000000 27.00000000 0.00000000
2 0 0
23.00000000 27.00000000 0.00000000
4 0 0
26.00000000 27.00000000 0.00000000
0 0 0
27.00000000 27.00000000 0.00000000
4 0 0
28.00000000 27.00000000 0.00000000
4 0 0
31.00000000 27.00000000 0.00000000
4 0 0
0.00000000 28.00000000 0.00000000
2 0 0
3.00000000 28.00000000 0.00000000
2 0 0
4.00000000 28.00000000 0.00000000
3 0 0
5.00000000 28.00000000 0.00000000
2 0 0
7.00000000 28.00000000 0.00000000
2 0 0
10.00000000 28.00000000 0.00000000
3 0 0
13.00000000 28.00000000 0.00000000
2 0 0
17.00000000 28.00000000 0.00000000
2 0 0
20.00000000 28.00000000 0.00000000
2 0 0
23.00000000 28.00000000 0.00000000
4 0 0
26.00000000 28.00000000 0.00000000
0 0 0
27.00000000 28.00000000 0.00000000
4 0 0
28.00000000 28.00000000 0.00000000
4 0 0
31.00000000 28.00000000 0.00000000
4 0 0
0.00000000 29.00000000 0.00000000
3 0 0
1.00000000 29.00000000 0.00000000
2 0 0
7.00000000 29.00000000 0.00000000
3 0 0
19.00000000 29.00000000 0.00000000
2 0 0
20.00000000 29.00000000 0.00000000
3 0 0
25.00000000 29.00000000 0.00000000
4 0 0
26.00000000 29.00000000 0.00000000
0 0 0
27.00000000 29.00000000 0.00000000
4 0 0
28.00000000 29.00000000 0.00000000
4 0 0
31.00000000 29.00000000 0.00000000
4 0 0
0.00000000 30.00000000 0.00000000
6 0 0
1.00000000 30.00000000 0.00000000
3 0 0
2.00000000 30.00000000 0.00000000
2 0 0
7.00000000 30.00000000 0.00000000
2 0 0
12.00000000 30.00000000 0.00000000
2 0 0
15.00000000 30.00000000 0.00000000
2 0 0
20.00000000 30.00000000 0.00000000
4 0 0
26.00000000 30.00000000 0.00000000
0 0 0
27.00000000 30.00000000 0.00000000
4 0 0
28.00000000 30.00000000 0.00000000
3 0 0
30.00000000 30.00000000 0.00000000
4 0 0
31.00000000 30.00000000 0.00000000
4 0 0
0.00000000 31.00000000 0.00000000
4 0 0
1.00000000 31.00000000 0.00000000
4 0 0
2.00000000 31.00000000 0.00000000
4 0 0
3.00000000 31.00000000 0.00000000
4 0 0
4.00000000 31.00000000 0.00000000
4 0 0
5.00000000 31.00000000 0.00000000
4 0 0
6.00000000 31.00000000 0.00000000
4 0 0
7.00000000 31.00000000 0.00000000
4 0 0
8.00000000 31.00000000 0.00000000
4 0 0
9.00000000 31.00000000 0.00000000
4 0 0
10.00000000 31.00000000 0.00000000
4 0 0
11.00000000 31.00000000 0.00000000
4 0 0
12.00000000 31.00000000 0.00000000
4 0 0
15.00000000 31.00000000 0.00000000
4 0 0
16.00000000 31.00000000 0.00000000
4 0 0
17.00000000 31.00000000 0.00000000
4 0 0
18.00000000 31.00000000 0.00000000
4 0 0
19.00000000 31.00000000 0.00000000
4 0 0
20.00000000 31.00000000 0.00000000
2 0 0
21.00000000 31.00000000 0.00000000
2 0 0
22.00000000 31.00000000 0.00000000
2 0 0
23.00000000 31.00000000 0.00000000
2 0 0
24.00000000 31.00000000 0.00000000
2 0 0
25.00000000 31.00000000 0.00000000
4 0 0
26.00000000 31.00000000 0.00000000
4 0 0
27.00000000 31.00000000 0.00000000
4 0 0
28.00000000 31.00000000 0.00000000
4 0 0
31.00000000 31.00000000 0.00000000
4 0 0
0.00000000 32.00000000 0.00000000
4 0 0
5.00000000 32.00000000 0.00000000
4 0 0
20.00000000 32.00000000 0.00000000
4 0 0
31.00000000 32.00000000 0.00000000
4 0 0
0.00000000 33.00000000 0.00000000
4 2 0
2.50000000 33.00000000 0.00000000
5 2 0
3.50000000 33.00000000 0.00000000
4 2 0
2.00000000 34.00000000 0.00000000
1 2 0
3.00000000 34.00000000 0.00000000
1 2 0
4.00000000 34.00000000 0.00000000
2 2 0
5.00000000 34.00000000 0.00000000
4 2 0
2.50000000 35.00000000 0.00000000
13 2 0
3.50000000 35.00000000 0.00000000
2 2 0
4.50000000 35.00000000 0.00000000
4 2 0
2.00000000 36.00000000 0.00000000
1 2 0
3.00000000 36.00000000 0.00000000
1 2 0
4.00000000 36.00000000 0.00000000
2 2 0
5.00000000 36.00000000 0.00000000
4 2 0
2.50000000 37.00000000 0.00000000
5 2 0
3.50000000 37.00000000 0.00000000
4 0 0
5.00000000 33.00000000 0.00000000
4 0 0
20.00000000 33.00000000 0.00000000
3 0 0
25.00000000 33.00000000 0.00000000
3 0 0
26.00000000 33.00000000 0.00000000
3 0 0
27.00000000 33.00000000 0.00000000
4 0 0
31.00000000 33.00000000 0.00000000
4 0 0
0.00000000 34.00000000 0.00000000
4 0 0
20.00000000 34.00000000 0.00000000
3 0 0
21.00000000 34.00000000 0.00000000
2 0 0
23.00000000 34.00000000 0.00000000
2 0 0
24.00000000 34.00000000 0.00000000
2 0 0
25.00000000 34.00000000 0.00000000
2 0 0
26.00000000 34.00000000 0.00000000
2 0 0
27.00000000 34.00000000 0.00000000
2 0 0
28.00000000 34.00000000 0.00000000
2 0 0
29.00000000 34.00000000 0.00000000
4 0 0
31.00000000 34.00000000 0.00000000
4 0 0
0.00000000 35.00000000 0.00000000
4 0 0
10.00000000 35.00000000 0.00000000
4 0 0
10.00000000 37.00000000 0.00000000
2 0 0
11.00000000 35.00000000 0.00000000
2 0 0
11.00000000 37.00000000 0.00000000
10 2 0
10.00000000 36.00000000 0.00000000
4 0 0
16.00000000 35.00000000 0.00000000
4 0 0
16.00000000 37.00000000 0.00000000
2 0 0
17.00000000 35.00000000 0.00000000
2 0 0
17.00000000 37.00000000 0.00000000
9 2 0
16.00000000 36.00000000 0.00000000
4 0 0
20.00000000 35.00000000 0.00000000
2 0 0
23.00000000 35.00000000 0.00000000
2 0 0
29.00000000 35.00000000 0.00000000
4 0 0
31.00000000 35.00000000 0.00000000
4 0 0
0.00000000 36.00000000 0.00000000
1 0 0
13.00000000 36.00000000 0.00000000
1 0 0
14.00000000 36.00000000 0.00000000
4 0 0
20.00000000 36.00000000 0.00000000
2 0 0
23.00000000 36.00000000 0.00000000
2 0 0
29.00000000 36.00000000 0.00000000
4 0 0
31.00000000 36.00000000 0.00000000
4 0 0
0.00000000 37.00000000 0.00000000
4 0 0
5.00000000 37.00000000 0.00000000
4 0 0
5.00000000 39.00000000 0.00000000
2 0 0
6.00000000 37.00000000 0.00000000
2 0 0
6.00000000 39.00000000 0.00000000
12 2 0
5.00000000 38.00000000 0.00000000
1 0 0
13.00000000 37.00000000 0.00000000
1 0 0
14.00000000 37.00000000 0.00000000
4 0 0
20.00000000 37.00000000 0.00000000
2 0 0
23.00000000 37.00000000 0.00000000
2 0 0
26.00000000 37.00000000 0.00000000
2 0 0
29.00000000 37.00000000 0.00000000
4 0 0
31.00000000 37.00000000 0.00000000
4 0 0
0.00000000 38.00000000 0.00000000
4 0 0
20.00000000 38.00000000 0.00000000
2 0 0
23.00000000 38.00000000 0.00000000
3 0 0
24.00000000 38.00000000 0.00000000
2 0 0
26.00000000 38.00000000 0.00000000
2 0 0
29.00000000 38.00000000 0.00000000
4 0 0
31.00000000 38.00000000 0.00000000
4 0 0
0.00000000 39.00000000 0.00000000
4 0 0
1.00000000 39.00000000 0.00000000
4 0 0
1.00000000 41.00000000 0.00000000
2 0 0
2.00000000 39.00000000 0.00000000
2 0 0
2.00000000 41.00000000 0.00000000
7 2 0
1.00000000 40.00000000 0.00000000
2 0 0
3.00000000 39.00000000 0.00000000
2 0 0
4.00000000 39.00000000 0.00000000
4 0 0
10.00000000 39.00000000 0.00000000
4 0 0
10.00000000 41.00000000 0.00000000
2 0 0
11.00000000 39.00000000 0.00000000
2 0 0
11.00000000 41.00000000 0.00000000
10 2 0
10.00000000 40.00000000 0.00000000
1 0 0
13.00000000 39.00000000 0.00000000
1 0 0
14.00000000 39.00000000 0.00000000
4 0 0
16.00000000 39.00000000 0.00000000
4 0 0
16.00000000 41.00000000 0.00000000
2 0 0
17.00000000 39.00000000 0.00000000
2 0 0
17.00000000 41.00000000 0.00000000
9 2 0
16.00000000 40.00000000 0.00000000
4 0 0
20.00000000 39.00000000 0.00000000
2 0 0
23.00000000 39.00000000 0.00000000
2 0 0
26.00000000 39.00000000 0.00000000
2 0 0
29.00000000 39.00000000 0.00000000
4 0 0
31.00000000 39.00000000 0.00000000
4 0 0
0.00000000 40.00000000 0.00000000
1 0 0
13.00000000 40.00000000 0.00000000
1 0 0
14.00000000 40.00000000 0.00000000
4 0 0
20.00000000 40.00000000 0.00000000
3 0 0
24.00000000 40.00000000 0.00000000
2 0 0
26.00000000 40.00000000 0.00000000
2 0 0
29.00000000 40.00000000 0.00000000
4 0 0
31.00000000 40.00000000 0.00000000
4 0 0
0.00000000 41.00000000 0.00000000
2 0 0
3.00000000 41.00000000 0.00000000
2 0 0
4.00000000 41.00000000 0.00000000
4 0 0
5.00000000 41.00000000 0.00000000
4 0 0
5.00000000 43.00000000 0.00000000
2 0 0
6.00000000 41.00000000 0.00000000
2 0 0
6.00000000 43.00000000 0.00000000
12 2 0
5.00000000 42.00000000 0.00000000
4 0 0
20.00000000 41.00000000 0.00000000
3 0 0
22.00000000 41.00000000 0.00000000
2 0 0
26.00000000 41.00000000 0.00000000
4 0 0
29.00000000 41.00000000 0.00000000
4 0 0
30.00000000 41.00000000 0.00000000
4 0 0
31.00000000 41.00000000 0.00000000
4 0 0
0.00000000 42.00000000 0.00000000
4 0 0
20.00000000 42.00000000 0.00000000
2 0 0
21.00000000 42.00000000 0.00000000
2 0 0
22.00000000 42.00000000 0.00000000
2 0 0
23.00000000 42.00000000 0.00000000
2 0 0
24.00000000 42.00000000 0.00000000
2 0 0
25.00000000 42.00000000 0.00000000
2 0 0
26.00000000 42.00000000 0.00000000
4 0 0
29.00000000 42.00000000 0.00000000
0 0 0
30.00000000 42.00000000 0.00000000
4 0 0
31.00000000 42.00000000 0.00000000
4 0 0
0.00000000 43.00000000 0.00000000
4 2 0
2.50000000 43.00000000 0.00000000
5 2 0
3.50000000 43.00000000 0.00000000
4 2 0
2.00000000 44.00000000 0.00000000
1 2 0
3.00000000 44.00000000 0.00000000
1 2 0
4.00000000 44.00000000 0.00000000
2 2 0
5.00000000 44.00000000 0.00000000
4 2 0
2.50000000 45.00000000 0.00000000
13 2 0
3.50000000 45.00000000 0.00000000
2 2 0
4.50000000 45.00000000 0.00000000
4 2 0
2.00000000 46.00000000 0.00000000
1 2 0
3.00000000 46.00000000 0.00000000
1 2 0
4.00000000 46.00000000 0.00000000
2 2 0
5.00000000 46.00000000 0.00000000
4 2 0
2.50000000 47.00000000 0.00000000
5 2 0
3.50000000 47.00000000 0.00000000
4 2 0
11.50000000 43.00000000 0.00000000
5 2 0
12.50000000 43.00000000 0.00000000
4 2 0
11.00000000 44.00000000 0.00000000
1 2 0
12.00000000 44.00000000 0.00000000
1 2 0
13.00000000 44.00000000 0.00000000
2 2 0
14.00000000 44.00000000 0.00000000
4 2 0
11.50000000 45.00000000 0.00000000
13 2 0
12.50000000 45.00000000 0.00000000
2 2 0
13.50000000 45.00000000 0.00000000
4 2 0
11.00000000 46.00000000 0.00000000
1 2 0
12.00000000 46.00000000 0.00000000
1 2 0
13.00000000 46.00000000 0.00000000
2 2 0
14.00000000 46.00000000 0.00000000
4 2 0
11.50000000 47.00000000 0.00000000
5 2 0
12.50000000 47.00000000 0.00000000
2 0 0
26.00000000 43.00000000 0.00000000
3 0 0
27.00000000 43.00000000 0.00000000
4 0 0
29.00000000 43.00000000 0.00000000
0 0 0
30.00000000 43.00000000 0.00000000
4 0 0
31.00000000 43.00000000 0.00000000
4 0 0
0.00000000 44.00000000 0.00000000
2 0 0
26.00000000 44.00000000 0.00000000
4 0 0
29.00000000 44.00000000 0.00000000
0 0 0
30.00000000 44.00000000 0.00000000
4 0 0
31.00000000 44.00000000 0.00000000
4 0 0
0.00000000 45.00000000 0.00000000
4 0 0
20.00000000 45.00000000 0.00000000
2 0 0
21.00000000 45.00000000 0.00000000
2 0 0
22.00000000 45.00000000 0.00000000
2 0 0
23.00000000 45.00000000 0.00000000
2 0 0
26.00000000 45.00000000 0.00000000
4 0 0
29.00000000 45.00000000 0.00000000
4 0 0
30.00000000 45.00000000 0.00000000
4 0 0
31.00000000 45.00000000 0.00000000
4 0 0
0.00000000 46.00000000 0.00000000
4 0 0
7.00000000 46.00000000 0.00000000
4 0 0
7.00000000 48.00000000 0.00000000
2 0 0
8.00000000 46.00000000 0.00000000
2 0 0
8.00000000 48.00000000 0.00000000
11 2 0
7.00000000 47.00000000 0.00000000
4 0 0
10.00000000 46.00000000 0.00000000
4 0 0
16.00000000 46.00000000 0.00000000
4 0 0
16.00000000 48.00000000 0.00000000
2 0 0
17.00000000 46.00000000 0.00000000
2 0 0
17.00000000 48.00000000 0.00000000
11 2 0
16.00000000 47.00000000 0.00000000
4 0 0
20.00000000 46.00000000 0.00000000
2 0 0
23.00000000 46.00000000 0.00000000
3 0 0
24.00000000 46.00000000 0.00000000
4 0 0
29.00000000 46.00000000 0.00000000
0 0 0
30.00000000 46.00000000 0.00000000
4 0 0
31.00000000 46.00000000 0.00000000
4 0 0
0.00000000 47.00000000 0.00000000
4 0 0
5.00000000 47.00000000 0.00000000
4 0 0
10.00000000 47.00000000 0.00000000
4 0 0
14.00000000 47.00000000 0.00000000
4 0 0
20.00000000 47.00000000 0.00000000
3 0 0
21.00000000 47.00000000 0.00000000
2 0 0
23.00000000 47.00000000 0.00000000
4 0 0
29.00000000 47.00000000 0.00000000
0 0 0
30.00000000 47.00000000 0.00000000
4 0 0
31.00000000 47.00000000 0.00000000
4 0 0
0.00000000 48.00000000 0.00000000
4 0 0
5.00000000 48.00000000 0.00000000
4 0 0
10.00000000 48.00000000 0.00000000
4 0 0
14.00000000 48.00000000 0.00000000
4 0 0
15.00000000 48.00000000 0.00000000
4 0 0
18.00000000 48.00000000 0.00000000
4 0 0
19.00000000 48.00000000 0.00000000
4 0 0
20.00000000 48.00000000 0.00000000
2 0 0
23.00000000 48.00000000 0.00000000
2 0 0
26.00000000 48.00000000 0.00000000
2 0 0
27.00000000 48.00000000 0.00000000
2 0 0
28.00000000 48.00000000 0.00000000
4 0 0
29.00000000 48.00000000 0.00000000
0 0 0
30.00000000 48.00000000 0.00000000
4 0 0
31.00000000 48.00000000 0.00000000
4 0 0
0.00000000 49.00000000 0.00000000
4 0 0
5.00000000 49.00000000 0.00000000
4 0 0
10.00000000 49.00000000 0.00000000
4 0 0
10.00000000 51.00000000 0.00000000
2 0 0
11.00000000 49.00000000 0.00000000
2 0 0
11.00000000 51.00000000 0.00000000
12 2 748
10.00000000 50.00000000 0.00000000
4 0 0
16.00000000 49.00000000 0.00000000
4 0 0
16.00000000 51.00000000 0.00000000
2 0 0
17.00000000 49.00000000 0.00000000
2 0 0
17.00000000 51.00000000 0.00000000
10 1 0
16.00000000 50.00000000 0.00000000
4 0 0
26.00000000 49.00000000 0.00000000
4 0 0
26.00000000 51.00000000 0.00000000
2 0 0
27.00000000 49.00000000 0.00000000
2 0 0
27.00000000 51.00000000 0.00000000
9 1 0
26.00000000 50.00000000 0.00000000
4 0 0
29.00000000 49.00000000 0.00000000
4 0 0
30.00000000 49.00000000 0.00000000
4 0 0
31.00000000 49.00000000 0.00000000
4 0 0
0.00000000 50.00000000 0.00000000
4 0 0
5.00000000 50.00000000 0.00000000
3 0 0
9.00000000 50.00000000 0.00000000
6 0 0
21.00000000 50.00000000 0.00000000
4 0 0
29.00000000 50.00000000 0.00000000
0 0 0
30.00000000 50.00000000 0.00000000
4 0 0
31.00000000 50.00000000 0.00000000
4 0 0
0.00000000 51.00000000 0.00000000
4 0 0
1.00000000 51.00000000 0.00000000
4 0 0
2.00000000 51.00000000 0.00000000
4 0 0
5.00000000 51.00000000 0.00000000
6 0 0
7.00000000 51.00000000 0.00000000
4 0 0
29.00000000 51.00000000 0.00000000
0 0 0
30.00000000 51.00000000 0.00000000
4 0 0
31.00000000 51.00000000 0.00000000
4 0 0
0.00000000 52.00000000 0.00000000
0 0 0
1.00000000 52.00000000 0.00000000
4 0 0
2.00000000 52.00000000 0.00000000
4 0 0
5.00000000 52.00000000 0.00000000
6 0 0
13.00000000 52.00000000 0.00000000
6 0 0
14.00000000 52.00000000 0.00000000
6 0 0
19.00000000 52.00000000 0.00000000
6 0 0
20.00000000 52.00000000 0.00000000
6 0 0
24.00000000 52.00000000 0.00000000
4 0 0
29.00000000 52.00000000 0.00000000
0 0 0
30.00000000 52.00000000 0.00000000
4 0 0
31.00000000 52.00000000 0.00000000
4 0 0
0.00000000 53.00000000 0.00000000
4 0 0
1.00000000 53.00000000 0.00000000
4 0 0
2.00000000 53.00000000 0.00000000
4 0 0
3.00000000 53.00000000 0.00000000
4 0 0
4.00000000 53.00000000 0.00000000
4 0 0
5.00000000 53.00000000 0.00000000
4 0 0
6.00000000 53.00000000 0.00000000
4 0 0
7.00000000 53.00000000 0.00000000
4 0 0
8.00000000 53.00000000 0.00000000
4 0 0
9.00000000 53.00000000 0.00000000
4 0 0
10.00000000 53.00000000 0.00000000
4 0 0
11.00000000 53.00000000 0.00000000
4 0 0
12.00000000 53.00000000 0.00000000
4 0 0
13.00000000 53.00000000 0.00000000
4 0 0
14.00000000 53.00000000 0.00000000
4 0 0
15.00000000 53.00000000 0.00000000
4 0 0
16.00000000 53.00000000 0.00000000
4 0 0
17.00000000 53.00000000 0.00000000
4 0 0
18.00000000 53.00000000 0.00000000
4 0 0
19.00000000 53.00000000 0.00000000
4 0 0
20.00000000 53.00000000 0.00000000
4 0 0
21.00000000 53.00000000 0.00000000
4 0 0
22.00000000 53.00000000 0.00000000
4 0 0
23.00000000 53.00000000 0.00000000
4 0 0
24.00000000 53.00000000 0.00000000
4 0 0
25.00000000 53.00000000 0.00000000
4 0 0
26.00000000 53.00000000 0.00000000
4 0 0
27.00000000 53.00000000 0.00000000
4 0 0
28.00000000 53.00000000 0.00000000
4 0 0
29.00000000 53.00000000 0.00000000
4 0 0
30.00000000 53.00000000 0.00000000
4 0 0
31.00000000 53.00000000 0.00000000
4
1
1
0
0
0
1
5 3
5.50000000 24.50000000 0.00000000
0
0
0 100
14.45312500 19.50000000 0.00000000
180
-0.50000000 0.50000000
-0.50000000 0.49999970
0.00000000 1.85000002
0 0
1
0
1
0
0
0
5 3
5.50000000 24.50000000 0.00000000
2
0
0 100
3.50000000 24.50000000 0.00000000
166
-0.50000000 0.50000000
-0.50000000 0.48704207
0.00000000 0.69999999
0 0
1
1
0
0
0
1
5 4
11.50000000 50.50000000 0.00000000
-1
0
0 100
11.50000000 50.50000000 0.00000000
180
-0.50000000 0.50000000
-0.50000000 0.49999970
0.00000000 1.85000002
0 0
2
0
0
0
1
0
1 1313429340
-1.00000000 -1.00000000 -1.00000000
2
1
0 100
9.50000000 2.50000000 0.00000000
300
-0.50000000 0.50000000
-0.50000000 0.50000000
0.20000000 1.25000000
0 478
24
0
1
0
0
0
1
5 3
5.50000000 24.50000000 0.00000000
0
0
0 100
8.85937500 33.50000000 0.00000000
0
-0.50000000 0.50000000
-0.50000000 0.50000000
0.00000000 2.50000000
0 -37
0
1
0
0
0
0
4 1
11.50000000 50.50000000 0.00000000
2
0
0 100
10.00000000 30.00000000 0.00000000
172
-0.50000000 0.50000000
-0.50000000 0.50000000
0.00000000 1.50000000
0 0
0
0
1
1
0
1
4 1
3.50000000 24.50000000 0.00000000
0
0
0 100
18.50000000 39.42187500 0.00000000
270
-0.50000000 0.50000000
-0.50000000 0.50000000
0.00000000 2.84999990
0 19
2
1
1
1
0
1
4 1
11.50000000 50.50000000 0.00000000
2
0
0 100
8.50000000 30.50000000 0.00000000
215
-0.50000000 0.50000000
-0.50000000 0.50000000
0.20000000 2.79999995
0 46163
2
0
1
1
0
0
4 1
3.50000000 24.50000000 0.00000000
2
0
0 100
13.50000000 31.00000000 0.00000000
225
-0.50000000 0.50000000
-0.50000000 0.50000000
0.20000000 1.29999995
0 42707
1
0
1
0
0
1
5 3
5.50000000 24.50000000 0.00000000
0
0
0 100
10.00000000 34.18750000 0.00000000
270
-0.50000000 0.50000000
-0.50000000 0.48704207
0.00000000 1.70000005
0 0
2
1
0
1
0
1
4 1
11.50000000 50.50000000 0.00000000
2
0
0 68
6.00000000 30.50000000 0.00000000
230
-0.50000000 0.50000000
-0.50000000 0.50000000
0.20000000 2.45000005
0 32339
1
0
1
1
0
1
4 1
9.50000000 2.90625000 0.00000000
0
0
0 100
9.50000000 38.70312500 0.00000000
270
-0.50000000 0.50000000
-0.50000000 0.50000000
0.00000000 2.20000005
0 0
1
1
0
0
0
1
4 1
9.50000000 3.03125000 0.00000000
0
0
0 100
14.64062500 43.00000000 0.00000000
180
-0.50000000 0.50000000
-0.50000000 0.49999970
0.00000000 1.85000002
0 0
1
1
1
0
0
1
4 1
11.50000000 50.50000000 0.00000000
0
0
0 100
11.03906250 30.50000000 0.00000000
180
-0.50000000 0.50000000
-0.50000000 0.49999970
0.00000000 2.20000005
0 0
0
1
0
1
0
1
4 1
9.50000000 3.96875000 0.00000000
0
0
0 100
16.50000000 43.58593750 0.00000000
270
-0.50000000 0.50000000
-0.50000000 0.50000000
0.00000000 3.00000000
0 -23
1
0
1
0
0
1
4 1
9.50000000 3.28125000 0.00000000
0
0
0 100
15.50000000 38.01562500 0.00000000
270
-0.50000000 0.50000000
-0.50000000 0.48704207
0.00000000 1.70000005
0 0
1
0
1
1
0
0
4 1
3.50000000 24.50000000 0.00000000
2
0
0 100
11.50000000 27.50000000 0.00000000
256
-0.50000000 0.50000000
-0.50000000 0.50000000
0.00000000 1.20000005
0 0
2
1
1
0
0
0
4 1
11.50000000 50.50000000 0.00000000
0
0
0 100
12.06250000 29.50000000 0.00000000
0
-0.50000000 0.50000000
-0.50000000 0.50000000
0.20000000 1.29999995
0 21539
1
0
0
1
0
1
5 2
6.00000000 4.50000000 0.00000000
2
0
0 100
14.50000000 24.50000000 0.00000000
27
-0.50000000 0.50000000
-0.50000000 0.50000000
0.00000000 1.85000002
0 0
2
0
0
1
0
1
5 2
6.00000000 4.50000000 0.00000000
0
0
0 100
9.31250000 26.50000000 0.00000000
180
-0.50000000 0.50000000
-0.50000000 0.50000000
0.20000000 1.95000005
0 14915
0
0
0
1
0
1
5 2
6.00000000 4.50000000 0.00000000
2
0
0 100
12.50000000 32.50000000 0.00000000
196
-0.50000000 0.50000000
-0.50000000 0.50000000
0.00000000 2.50000000
0 0
2
1
0
0
0
1
5 2
6.00000000 4.50000000 0.00000000
0
0
0 100
6.50000000 25.53125000 0.00000000
270
-0.50000000 0.50000000
-0.50000000 0.50000000
0.20000000 1.95000005
0 11459
2
0
0
1
0
1
5 2
6.00000000 4.50000000 0.00000000
2
0
0 100
19.50000000 25.00000000 0.00000000
115
-0.50000000 0.50000000
-0.50000000 0.50000000
0.20000000 1.95000005
0 8147
0
0
0
1
0
1
5 2
6.00000000 4.50000000 0.00000000
0
0
0 100
16.50000000 28.30078125 0.00000000
270
-0.50000000 0.50000000
-0.50000000 0.50000000
0.00000000 2.50000000
0 51
1
0
0
1
0
1
5 2
6.00000000 4.50000000 0.00000000
0
0
0 100
19.18750000 26.00000000 0.00000000
0
-0.50000000 0.50000000
-0.50000000 0.50000000
0.00000000 1.85000002
0 0
2
0
1
0
0
1
5 2
6.00000000 4.50000000 0.00000000
0
0
0 100
15.09375000 29.00000000 0.00000000
180
-0.50000000 0.50000000
-0.50000000 0.50000000
0.20000000 1.79999995
0 4547
1
1
1
0
0
0
4 1
9.50000000 2.59375000 0.00000000
0
0
0 100
9.50000000 43.85937500 0.00000000
270
-0.50000000 0.50000000
-0.50000000 0.49999970
0.00000000 1.20000005
0 0
2
0
1
0
0
1
5 2
6.00000000 4.50000000 0.00000000
2
0
0 100
7.50000000 32.50000000 0.00000000
315
-0.50000000 0.50000000
-0.50000000 0.50000000
0.20000000 1.79999995
0 1235
0
0
17 8 30 55
19 46 0 52 26 20 37 
29 0 0 16 26 30 0 
3
2 4
