    68646584
CHRIS
    10622134
CHRIS
    10573274
CHRIS
     8919019
CHRIS
     8852692

     7504657
CHRIS
     4941682
CHRIS
     4785294
CHRIS
     4756006
CHRISTOS
     3641413
chris
     3599386
CHRIS
     2963886
OLETHROS
     2737277
p
     2733700

     2419695
;[
     2321867
CHRISTOS
     2194446
]
     2169519
CHRIS
     2052465
CHRISTOS
     1967910
CHRIS
     1937775
tfu
     1878757
i9o]
     1877814
christos
     1798456
[
     1748317
]
     1729215
rjo
     1726807
chedia
     1719928
yi
     1661262

     1657201
CHRISTOS
     1655985
lp
     1637577
cH$RIS
     1582425
vjgg
     1526660
christps
     1523416
[=
     1503072

     1470088
CHRISTOS
     1443796

     1426623
CHRISTOS
     1412290
]\]
     1398515
CH
     1378869

     1378750
christos
     1372738

     1360596

     1303373
]#
     1301578
]
     1290334

     1253655

     1219228
cHRISTOS
     1173272
i
     1120393
CHRISTOS naou
      997000
           0
      996000
           0
      994389
           0
      992000
           0
      989556
           0
      971000
           0
      968000
           0
      968000
           0
      968000
           0
      966000
           0
      959000
           0
      950000
           0
      944515
           0
      937000
           0
      936000
           0
      932000
           0
      912000
           0
      901000
           0
      892000
           0
      889649
           0
      875623
           0
      850992
           0
      849231
           0
      834000
           0
      826000
           0
      811824
LP
      809000
           0
      808000
           0
      807000
           0
      805000
           0
      804000
           0
      800000
           0
      798000
           0
      781000
           0
      772000
           0
      765248
           0
      758969
           0
      756000
           0
      754000
           0
      746000
           0
      744000
           0
      742000
           0
      741967
           0
      728621
           0
      695477
           0
      694813
           0
      694000
           0
      693695

