HOW DOES IT WORK
 1
 4
 5
-2
-2
-2
-2
-2
-2
-2
-2
-2
-2
-2
-2
-2
-2
-2
-2
-2
-2
-2
-2
-2
-2
-2
-2
-2
-2
-2
-2
-2
-2
-2
-2
-2
-2
-2
-2
-2
-2
-2
-2
 24
-2
-2
-2
 24
-2
-2
-2
-2
-2
-2
-2
-2
-2
-2
-2
 24
-1
 24
-2
 24
 5
 24
-2
-2
-2
-2
-2
-2
-2
-2
-2
 24
 3
-1
 2
 24
-1
 15
-1
 24
-2
-2
-2
-2
-2
-2
-2
-2
-2
 24
-1
 24
 6
 24
 8
 24
-2
-2
-2
-2
-2
-2
-2
-2
-2
-2
-2
 24
-1
 4
 14
 24
-2
-2
-2
-2
-2
-2
-2
-2
-2
-2
-2
-2
-2
 24
 3
 24
-2
-2
-2
-2
-2
-2
-2
-2
-2
-2
-2
-2
-2
-2
-2
 24
-2
-2
-2
-2
-2
-2
-2
-2
-2
-2
-2
-2
-2
-2
-2
-2
-2
-2
-2
-2
-2
-2
-2
-2
-2
-2
-2
-2
-2
-2
-2
-2
-2
-2
-2
-2
-2
-2
-2
-2
-2
-2
-2
