GET CONNECTED
 1
 3
 5
-2
-2
-2
-2
-2
-2
-2
-2
-2
-2
-2
-2
-2
-2
-2
-2
-2
-2
-2
-2
-2
 24
-2
-2
-2
-2
-2
-2
-2
 24
-2
-2
-2
-2
-2
-2
-2
 24
-1
 24
-2
-2
-2
-2
-2
 24
-1
 24
-2
-2
-2
-2
-2
 24
-1
-1
-1
 24
 24
 24
 24
 24
-1
-1
-1
 24
-2
-2
-2
 24
 11
-1
-1
-1
 15
 3
-1
-1
-1
-1
-1
-1
-1
 24
-2
-2
-2
 24
-1
-1
-1
 24
 24
 24
 24
 24
 6
-1
 4
 24
-2
-2
-2
-2
-2
 24
 2
 24
-2
-2
-2
-2
-2
 24
 4
 24
-2
-2
-2
-2
-2
-2
-2
 24
-2
-2
-2
-2
-2
-2
-2
 24
-2
-2
-2
-2
-2
-2
-2
-2
-2
-2
-2
-2
-2
-2
-2
-2
-2
-2
-2
-2
-2
-2
-2
-2
-2
-2
-2
-2
-2
-2
-2
-2
-2
-2
-2
-2
-2
-2
-2
-2
-2
-2
-2
-2
-2
-2
-2
-2
-2
-2
-2
-2
-2
-2
-2
-2
