U BEND
 1
 0
 0
-2
-2
-2
-2
-2
-2
-2
-2
-2
-2
-2
-2
-2
-2
-2
-2
-2
-2
-2
-2
-2
-2
-2
-2
-2
-2
-2
-2
-2
-2
-2
-2
-2
-2
-2
-2
-2
-2
-2
 24
 24
 24
-2
 24
 24
 24
-2
-2
-2
-2
-2
-2
-2
-2
-2
-2
 24
 0
 24
-2
 24
 0
 24
-2
-2
-2
-2
-2
-2
-2
-2
-2
-2
 24
 3
 24
-2
 24
 2
 24
-2
-2
-2
-2
-2
-2
-2
-2
-2
-2
 24
 6
 24
-2
 24
 14
 24
-2
-2
-2
-2
-2
-2
-2
-2
-2
-2
 24
 14
-1
 24
-1
 3
 24
-2
-2
-2
-2
-2
-2
-2
-2
-2
-2
-2
 24
-1
-1
-1
 24
-2
-2
-2
-2
-2
-2
-2
-2
-2
-2
-2
-2
-2
 24
 24
 24
-2
-2
-2
-2
-2
-2
-2
-2
-2
-2
-2
-2
-2
-2
-2
-2
-2
-2
-2
-2
-2
-2
-2
-2
-2
-2
-2
-2
-2
-2
-2
-2
-2
-2
-2
-2
-2
-2
-2
-2
-2
-2
