ELEVATOR
 1
 4
 5
-2
-2
-2
-2
-2
-2
 24
 24
 24
 24
 24
-2
-2
-2
-2
-2
-2
-2
-2
-2
-2
-2
-2
 24
 24
-1
 24
 24
-2
-2
-2
-2
-2
-2
-2
-2
-2
-2
-2
-2
 24
 3
-1
 2
 24
-2
-2
-2
-2
-2
-2
-2
-2
-2
-2
-2
-2
 24
 24
-1
 24
 24
-2
-2
-2
-2
-2
-2
-2
-2
-2
-2
-2
-2
 24
 6
-1
-1
 24
-2
-2
-2
-2
-2
-2
-2
-2
-2
-2
-2
-2
 24
 24
-1
 24
 24
-2
-2
-2
-2
-2
-2
-2
-2
-2
-2
-2
-2
 24
 14
-1
 8
 24
-2
-2
-2
-2
-2
-2
-2
-2
-2
-2
 24
 24
 24
 24
-1
 24
 24
 24
 24
-2
-2
-2
-2
-2
-2
-2
-2
 24
-1
 7
-1
-1
 14
 12
-1
 24
-2
-2
-2
-2
-2
-2
-2
-2
 24
 24
 24
 24
 16
 24
 24
 24
 24
-2
-2
-2
-2
-2
-2
-2
-2
 24
 24
 24
 24
 24
 24
 24
 24
 24
-2
-2
-2
-2
-2
