BELT DRIVEN
 1
 3
 0
-2
-2
-2
-2
-2
-2
-2
-2
-2
-2
-2
-2
-2
-2
-2
-2
-2
-2
-2
-2
-2
-2
-2
-2
-2
-2
-2
-2
-2
-2
-2
-2
-2
-2
-2
-2
-2
 24
 24
 24
 24
 24
 24
 24
 24
 24
 24
 24
-2
-2
-2
-2
-2
-2
 24
 0
 3
-1
-1
-1
-1
-1
-1
-1
 24
-2
-2
-2
-2
-2
-2
 24
 24
 24
 17
-1
-1
-1
-1
-1
 16
 24
-2
-2
-2
-2
-2
-2
 24
 24
 24
 24
 24
 24
 24
-1
-1
-1
 24
-2
-2
-2
-2
-2
-2
 24
 6
 6
-1
-1
-1
-1
-1
-1
-1
 24
-2
-2
-2
-2
-2
-2
 24
 24
 24
-1
-1
-1
-1
-1
 17
-1
 24
-2
-2
-2
-2
-2
-2
 24
 24
 24
 24
 24
 24
 24
 24
 24
 24
 24
-2
-2
-2
-2
-2
-2
-2
-2
-2
-2
-2
-2
-2
-2
-2
-2
-2
-2
-2
-2
-2
-2
-2
-2
-2
-2
-2
-2
-2
-2
-2
-2
-2
-2
-2
-2
-2
-2
