SPANNER IN THE WORKS
 1
 4
 0
-2
-2
-2
-2
-2
-2
-2
-2
-2
-2
-2
-2
-2
-2
-2
-2
-2
-2
-2
-2
-2
-2
-2
-2
-2
-2
-2
-2
-2
-2
-2
-2
-2
-2
-2
-2
-2
-2
 24
 24
-2
-2
-2
-2
-2
 24
 24
-2
-2
-2
-2
-2
-2
-2
 24
-1
-1
 24
 24
 24
 24
 24
-1
-1
 24
-2
-2
-2
-2
-2
-2
-2
 24
-1
-1
-1
-1
-1
-1
-1
 24
-2
-2
-2
-2
-2
-2
-2
-2
 24
-1
 7
-1
-1
-1
 5
-1
 24
-2
-2
-2
-2
-2
-2
-2
 24
 2
-1
 24
 24
 24
 24
 24
-1
 2
 24
-2
-2
-2
-2
-2
-2
-2
 24
 24
-2
-2
-2
-2
-2
 24
 24
-2
-2
-2
-2
-2
-2
-2
-2
-2
-2
-2
-2
-2
-2
-2
-2
-2
-2
-2
-2
-2
-2
-2
-2
-2
-2
-2
-2
-2
-2
-2
-2
-2
-2
-2
-2
-2
-2
-2
-2
-2
-2
-2
-2
-2
-2
-2
-2
-2
-2
-2
-2
-2
-2
-2
-2
