00000000000000
00002000400000
00200000000000
00020000000000
00000000005000
00007400000000
00000000400500
00000067777700
00000207000000
00000700600000
00000000304000
01002202223000
07000000000000
00100030300606
The Beginning! Der Anfang! The Easy !
00000000000000
00000000000000
70000000000000
07000303030000
00700202020000
00070101010000
02027007020500
03030700030300
04040000040200
77777777777177
00000000000250
00000000000300
00000000000400
77777777077777
Think sharp ! Greetings to Massa !
20000000000000
70000000000000
20000000000000
70000010000000
20000077000000
70000710700000
00007000070000
00370000007000
00700000000730
00000000000070
00000000000000
00000000000000
30000000000000
70030000000003
The lil Pyramid ...  
04560320020000
07730770077700
07077070027000
07000070027000
47000370027000
57000170027000
67100370027000
77700777077700
00000000000000
00000000000000
00000000000000
00505000000000
05303500000000
23232020000000
Great MI.  Kite waz ´ere !
00000000000000
00000000000000
00000002000000
00000027200000
00000070700000
00000700070000
00000070700000
20200007000000
30300000000000
40400000000000
50500000000000
60600000000000
10100000000000
20200000000000
Wait for the Fall ..
20210777377777
70770770176017
10200770275027
07700770774037
02700770773047
77777770772057
71777770771067
72077770777777
71277770777777
77777741777777
75057432777777
77777777777777
77777777777777
77777777777777
 ¡ esreveR
20327010000000
70777030000000
70200070000000
17700070000510
02000075601670
77707077707770
00070700075000
00000000321000
12345601214260
77777707777770
00000000000000
00000707000000
00000707000000
00000707000000
Move em all down 
70000000000000
00002000400000
00000000000000
00000000000000
00100202005000
00007000000000
00000000400500
00010077777700
00000200000000
00000700100000
00000000300000
01000000700000
07000000000010
00100030300606
They´ll fall !
00000000000005
00000000000000
00000000000000
00006000000000
00002000000000
07007000000000
06700040550400
05070077777700
04007200000000
03000700000000
02000070300000
01000000700000
07000000077000
00100030300006
Crazy long way home
00000000000000
02020202020202
00202020202020
03030303030303
07070707075707
00007000000000
00000000100500
07777777777770
02000200000000
01000700007000
01000000300000
02000000700000
07000000000000
00100030300606
There left one ! You´ll forget him !
00000000000000
00002004000000
00000777000000
00000770000000
00000770005000
00007770007000
00000770400500
07777777777700
00000770000000
00000770000000
02000770300000
01000770700000
07000000000000
00100030300606
Das Ende ! The End ! Fin !
