DNGN 65 42
32 21 2 4 1 4
32 20 4 2 2 2
31 20 4 2 4 1
31 21 4 4 4 1
31 22 4 4 1 2
32 22 1 1 1 4
30 22 1 2 1 1
31 19 4 4 4 3
30 19 4 3 2 1
30 20 2 1 4 4
31 18 4 4 4 4
30 18 2 4 4 2
30 17 1 4 2 1
29 18 1 2 4 2
29 19 4 1 2 4
28 18 1 2 3 4
28 19 3 4 4 1
28 20 4 4 4 2
29 20 2 4 1 4
30 21 4 1 1 2
29 21 1 2 1 1
28 21 4 1 1 4
27 21 1 4 1 1
27 20 2 2 1 1
27 19 1 1 2 2
26 19 4 2 4 1
26 20 4 1 2 1
26 21 2 1 3 3
26 22 3 1 1 1
25 21 2 3 4 4
25 22 4 1 4 1
25 23 4 1 1 1
24 21 2 4 4 4
24 22 4 1 2 4
23 21 1 4 1 4
24 20 2 1 2 3
23 20 1 3 1 2
24 19 1 1 2 1
25 20 4 1 2 1
25 19 1 1 4 1
22 20 4 2 1 1
22 19 1 1 4 1
22 21 1 4 2 4
22 22 2 1 1 1
21 21 1 4 4 2
21 22 4 1 1 1
20 21 1 2 1 2
19 21 4 2 1 4
19 20 2 1 4 1
18 21 1 4 1 1
19 19 4 1 2 1
19 18 2 2 4 1
19 17 4 1 2 2
18 17 4 2 2 1
18 18 2 1 1 4
17 18 1 4 1 4
16 18 1 4 4 2
16 19 4 1 1 2
15 18 4 2 4 1
15 19 4 2 1 1
15 17 4 1 4 4
14 17 4 4 1 2
15 16 1 4 4 4
14 16 1 4 4 4
13 16 1 4 3 1
13 17 3 2 2 1
13 18 2 4 4 1
14 18 1 1 1 4
13 19 4 1 1 1
16 16 1 3 2 4
17 16 1 1 4 3
17 17 4 1 1 1
16 17 2 1 1 1
18 16 1 1 4 1
19 16 1 4 4 1
20 16 2 3 4 4
20 15 1 1 2 2
19 15 1 2 1 1
21 16 1 1 1 3
20 17 4 4 4 1
21 17 1 1 1 4
20 18 4 1 4 2
20 19 4 2 2 1
21 19 1 1 3 2
21 20 3 1 1 1
20 20 2 1 1 1
24 23 2 1 4 1
24 24 4 4 1 1
25 24 1 1 1 4
23 22 1 4 4 1
23 23 4 1 4 1
23 24 4 1 1 4
22 24 1 4 1 1
26 18 1 1 4 4
25 18 4 4 1 3
24 18 4 3 1 4
23 18 1 4 2 1
23 19 2 1 1 1
24 17 4 4 4 3
23 17 1 3 1 4
22 17 4 4 4 1
22 18 4 1 1 4
21 18 1 4 1 1
22 16 1 1 4 1
24 16 4 1 4 4
23 16 1 4 1 1
24 15 1 3 4 4
23 15 4 4 1 4
22 15 1 4 1 1
23 14 2 2 4 1
23 13 1 3 2 1
24 13 4 1 2 3
24 12 1 1 4 3
24 14 2 4 1 2
25 14 1 1 4 4
25 15 4 4 1 3
26 15 4 4 1 4
26 14 1 1 4 1
27 15 1 1 4 4
27 16 4 1 2 4
26 16 1 4 1 1
27 17 2 4 1 1
28 17 1 1 1 4
25 17 1 1 4 4
27 18 1 4 1 1
31 17 4 1 4 4
31 16 2 1 4 4
30 16 1 4 1 1
31 15 2 4 2 1
31 14 4 4 2 4
30 14 1 4 1 4
32 15 4 1 1 4
32 14 4 1 4 4
32 13 2 4 4 1
32 12 2 1 2 4
31 12 1 4 1 4
30 12 2 4 4 1
30 13 4 2 1 4
31 13 1 1 4 2
33 13 1 1 4 4
33 14 4 1 3 1
33 15 3 2 3 1
34 15 3 2 1 2
34 14 3 1 3 1
34 13 1 4 3 1
35 13 2 2 2 4
35 12 1 4 2 1
36 12 4 1 1 4
36 11 1 2 4 1
37 11 1 1 1 2
36 13 1 1 4 2
36 14 4 4 4 1
37 14 1 2 4 4
36 15 4 1 4 1
36 16 4 1 1 4
35 16 1 4 3 1
35 17 3 1 4 1
35 18 4 3 1 4
36 18 2 1 1 3
36 17 1 2 2 1
37 17 4 1 1 2
37 16 4 4 4 1
37 15 4 4 4 1
38 14 1 3 1 2
39 14 2 2 1 3
39 13 1 4 2 1
40 13 4 2 1 4
40 12 1 1 4 1
41 13 2 1 4 2
41 12 4 1 2 1
41 11 1 1 4 1
41 14 4 4 1 1
42 14 1 3 1 4
43 14 1 4 1 3
44 14 1 1 4 4
44 15 4 1 4 4
43 15 1 4 4 4
43 16 4 1 3 4
42 15 1 4 1 4
41 15 1 4 2 1
41 16 2 1 1 3
40 16 4 3 4 1
40 17 4 4 1 2
41 17 1 4 1 4
42 17 1 4 2 4
43 17 3 2 1 4
42 16 1 4 1 1
40 15 1 1 4 4
39 15 1 4 4 2
39 16 4 1 4 1
38 15 1 2 1 4
38 16 1 1 4 4
38 17 4 2 1 1
39 17 4 2 1 2
44 17 1 1 1 2
42 18 2 3 4 4
41 18 1 4 4 4
41 19 4 1 3 2
41 20 3 1 1 1
40 18 1 4 3 1
40 19 3 2 1 4
39 19 4 4 1 1
39 18 1 1 4 4
38 18 1 4 4 4
38 19 4 1 3 1
38 20 3 1 1 3
37 20 1 3 1 1
37 18 1 4 1 1
44 16 4 1 1 1
40 14 1 1 1 2
34 18 4 4 1 1
34 17 1 1 4 1
35 14 2 1 1 1
35 15 1 1 1 2
33 16 3 2 1 1
34 16 1 1 1 2
29 13 2 4 1 1
29 12 1 1 2 4
28 12 1 4 4 4
28 13 4 1 2 4
28 14 2 4 4 1
29 14 1 4 1 4
28 15 4 1 2 1
27 13 1 4 2 1
27 14 2 1 1 1
28 16 2 4 1 1
29 16 4 1 1 4
29 15 1 4 4 1
30 15 1 1 1 4
27 12 4 4 1 1
27 11 2 1 4 1
27 10 4 2 2 3
26 10 1 3 2 4
26 11 2 1 1 1
25 10 1 4 4 4
25 11 4 1 1 3
24 11 1 3 1 1
24 10 1 4 1 1
27  9 1 3 4 4
26  9 4 4 1 4
25  9 1 4 1 1
26  8 4 1 4 1
26  7 4 4 4 4
25  7 1 4 1 1
27  7 1 4 2 4
28  7 4 1 3 4
28  6 4 4 4 4
27  6 3 4 1 1
27  5 2 1 3 4
26  5 2 4 1 4
27  4 1 1 2 4
26  4 1 4 2 1
25  5 1 4 4 2
25  6 4 2 1 1
26  6 1 1 4 2
27  8 2 2 1 1
28  8 3 1 4 2
28  9 4 1 3 3
28 10 3 1 1 2
24  5 4 2 2 1
24  6 2 1 4 1
24  7 4 1 1 1
24  4 4 4 4 1
24  3 2 1 4 1
24  2 1 4 2 1
25  2 4 1 1 4
25  1 1 4 4 2
24  1 2 2 1 4
23  1 4 4 4 4
23  2 4 1 1 1
23  0 4 4 4 3
22  0 1 3 1 1
22  1 1 4 4 1
22  2 4 1 1 4
21  2 4 4 1 1
21  1 2 1 4 2
20  1 4 2 1 2
21  0 1 1 2 1
19  1 1 2 1 4
18  1 4 4 1 2
17  1 1 2 3 2
17  2 3 2 1 1
18  2 1 4 2 2
19  2 1 1 1 4
18  3 2 1 1 2
16  1 4 2 3 4
16  2 3 1 4 2
16  3 4 1 3 1
16  4 3 4 4 1
17  4 1 1 4 4
17  5 4 1 1 4
16  5 4 4 4 1
16  6 4 4 1 1
17  6 1 2 4 4
18  6 1 2 1 2
19  6 4 4 1 2
19  5 4 4 4 4
18  5 4 4 1 1
18  4 1 4 4 1
19  4 4 1 4 4
19  3 1 4 4 1
20  3 2 2 1 4
20  2 1 1 2 1
21  3 1 4 4 2
22  3 1 1 1 4
21  4 4 4 1 2
22  4 1 1 1 4
20  4 1 2 4 1
20  5 4 1 1 4
20  6 1 1 2 4
20  7 2 4 2 1
21  7 1 1 1 4
20  8 2 1 1 1
17  7 4 1 4 1
17  8 4 1 4 4
17  9 4 1 4 1
17 10 4 2 1 4
18 10 4 1 1 2
18  9 1 1 4 1
16 10 2 4 2 4
16 11 2 4 1 1
17 11 1 1 1 4
15 10 2 4 4 1
15 11 4 1 1 1
15  9 2 1 2 1
16  9 1 1 2 1
15  8 2 1 2 4
14  8 1 4 1 4
15  7 2 4 2 1
13  8 1 4 4 1
13  9 4 4 1 1
14  9 1 1 1 4
15  6 1 1 2 1
16  7 1 1 4 4
16  8 4 4 1 1
15  2 4 2 4 1
15  3 4 1 1 1
15  1 2 4 4 1
17  3 1 2 1 1
16  0 2 4 4 4
15  0 4 4 2 3
14  0 4 3 4 4
14  1 4 1 1 4
13  1 4 4 4 2
13  2 4 3 1 1
14  2 1 1 1 3
13  0 4 4 4 3
12  0 4 3 1 4
11  0 4 4 2 2
10  0 3 2 4 1
12  1 1 2 4 4
12  2 4 1 4 4
12  3 4 4 1 1
13  3 1 3 4 4
14  3 1 1 4 3
14  4 4 4 4 1
15  4 1 1 4 4
15  5 4 1 1 3
14  5 4 3 1 1
13  4 4 1 1 4
12  4 1 4 4 3
12  5 4 1 4 2
12  6 4 1 1 1
11  4 1 3 1 4
10  4 1 4 1 1
11  5 1 2 4 1
11  6 4 1 4 1
11  7 4 1 1 1
11  2 1 4 4 1
11  3 4 1 1 4
10  3 2 4 1 4
11  1 2 4 1 1
24  0 4 1 2 4
26  1 4 1 2 4
26  0 1 1 4 4
25  0 1 4 1 1
26  2 2 2 4 1
27  2 1 4 4 2
26  3 4 4 1 1
27  3 4 1 1 4
28  2 1 4 4 4
28  3 4 4 1 1
29  3 1 1 1 4
25  4 4 1 1 4
25  3 1 1 4 1
28  5 1 1 4 1
29  6 3 2 1 4
29  5 1 1 3 1
30  6 4 4 1 2
30  5 4 2 4 1
30  4 4 2 4 2
29  4 1 2 1 4
28  4 1 4 1 1
30  3 1 1 4 1
31  5 1 2 1 2
31  6 1 3 1 4
32  6 4 4 1 3
32  5 1 4 4 2
33  5 3 2 1 4
33  4 1 1 3 1
34  5 3 1 1 2
34  4 4 1 3 1
34  3 3 4 4 4
33  3 4 4 1 1
33  2 4 1 4 4
32  2 1 4 1 4
33  1 4 4 4 1
33  0 4 1 4 4
32  0 1 4 4 4
32  1 4 1 1 1
34  1 4 1 1 4
34  0 1 3 4 1
35  0 1 2 3 3
36  0 1 2 1 2
37  0 1 4 4 2
38  0 1 4 4 4
39  0 1 4 1 4
40  0 3 1 1 4
37  1 4 1 1 4
36  1 1 4 4 4
36  2 4 4 1 4
37  2 1 4 1 4
38  2 3 1 1 4
38  1 4 2 3 1
39  1 1 4 4 2
40  1 1 1 1 4
39  2 4 1 1 1
35  2 3 4 2 4
35  3 2 4 1 4
36  3 1 4 1 4
37  3 1 1 1 4
31  2 1 4 4 4
31  3 4 1 1 1
30  2 4 4 1 1
30  1 2 4 4 4
31  1 4 1 1 4
31  0 1 4 4 1
35  1 3 4 3 1
34  2 1 4 3 1
33  6 1 1 1 4
31  4 1 1 1 2
30 11 1 1 2 1
32 11 3 2 2 3
31 11 4 3 1 1
31 10 4 1 4 4
30 10 1 4 1 4
29 10 1 4 1 1
31  9 3 1 4 4
30  9 1 4 1 1
31  8 4 1 3 2
30  8 1 2 1 2
31  7 1 4 4 4
30  7 1 4 1 1
32  7 1 3 4 4
33  7 1 1 2 3
33  8 2 2 3 3
34  8 1 1 1 2
32  8 4 3 4 1
32  9 4 2 4 1
33  9 3 1 2 2
33 10 2 1 2 1
33 11 2 2 1 2
34 11 4 1 4 2
34 10 2 1 4 1
34  9 1 4 2 1
35  9 4 3 2 4
35  8 1 1 4 1
35 10 2 4 1 1
36 10 1 1 1 4
36  9 1 2 1 3
37  9 4 4 3 2
37  8 1 4 4 1
38  8 2 4 1 4
38  7 4 1 2 4
37  7 4 4 1 2
36  7 1 2 1 1
37  6 4 2 4 1
38  6 4 4 4 2
38  5 4 1 4 1
38  4 4 1 4 1
38  3 1 2 4 1
39  3 1 3 1 2
40  3 1 4 2 3
40  4 2 4 2 1
41  4 4 3 4 4
41  3 2 4 4 4
42  4 1 4 4 3
41  5 4 1 2 1
40  5 2 1 1 1
41  6 2 1 2 3
41  7 2 1 2 4
40  6 1 3 2 4
40  7 2 4 2 1
40  8 2 3 4 1
41  8 2 1 4 3
41  9 4 1 4 1
40  9 4 1 4 4
40 10 4 1 1 4
39 10 2 4 4 4
39 11 4 4 1 3
40 11 1 1 1 4
38 10 4 4 2 1
38 11 2 3 1 1
39  9 4 4 2 1
39  8 1 1 4 4
37  5 1 1 4 1
38  9 1 1 4 4
37 10 3 1 1 1
41 10 4 4 1 1
42 10 4 1 1 4
42  9 1 1 4 1
39  6 4 4 4 4
39  7 4 1 1 1
39  5 4 1 4 1
39  4 1 1 4 1
43  4 2 1 3 4
43  3 1 4 2 1
44  3 4 3 4 4
44  2 3 1 4 1
44  4 4 1 1 1
43  5 3 1 2 4
43  6 2 1 3 1
43  7 3 1 1 4
42  7 1 4 1 1
42  5 4 4 1 1
44  1 1 1 3 1
45  3 4 4 1 3
45  2 4 4 4 1
46  2 4 1 4 4
46  1 1 4 4 1
46  3 4 1 1 4
47  1 4 4 2 4
47  0 1 4 4 4
46  0 1 4 1 1
48  0 4 2 4 4
49  0 4 4 3 2
49  1 3 1 4 4
48  1 4 4 4 4
48  2 4 2 2 1
49  2 4 1 1 2
48  3 2 1 1 1
47  2 2 1 4 1
47  3 4 1 4 1
47  4 4 1 3 1
47  5 3 2 3 2
48  5 1 1 4 2
48  6 4 1 2 2
47  6 3 2 1 4
46  6 4 4 1 4
45  6 4 4 2 1
45  7 2 4 1 1
46  7 1 4 1 4
47  7 1 1 1 4
45  5 1 4 4 1
46  5 1 2 4 4
48  7 2 4 4 1
49  7 1 1 1 4
48  8 4 2 1 1
49  8 1 4 2 2
34 12 4 1 1 4
33 12 1 4 1 1
32 10 4 1 3 1
29  8 4 2 2 1
29  9 2 1 1 1
29  7 1 1 4 1
32 18 2 1 1 4
32 17 1 2 2 1
33 17 1 1 1 2
32 19 1 1 4 4
33 20 4 3 1 2
33 19 2 1 4 1
33 18 1 1 2 1
34 20 4 1 4 3
34 19 1 1 4 1
34 21 4 3 1 1
35 21 4 4 1 3
35 20 4 1 4 1
35 19 1 1 4 1
36 21 4 4 1 4
36 20 4 1 4 1
37 21 1 4 3 4
38 21 1 1 4 4
38 22 4 1 4 1
37 22 3 1 4 1
37 23 4 1 2 1
37 24 2 1 1 1
38 23 4 1 1 1
36 19 1 4 4 1
37 19 1 1 1 4
33 21 1 1 4 4
33 22 4 4 1 1
34 22 1 4 1 4
35 22 1 1 4 4
35 23 4 1 4 4
34 23 1 4 1 1
35 24 4 4 3 1
36 24 1 1 3 4
36 25 3 1 4 1
36 26 4 1 1 1
35 25 3 1 1 4
34 25 2 4 1 2
34 24 1 1 2 4
33 24 1 4 1 4
33 25 1 2 1 1
32 24 2 4 4 4
32 25 4 1 2 1
32 26 2 3 1 4
33 26 1 1 4 3
33 27 4 4 4 1
34 27 4 1 1 4
34 26 1 4 4 1
35 26 1 1 1 4
33 28 4 4 3 2
34 28 1 1 3 4
34 29 3 1 1 1
33 29 3 1 1 4
32 29 1 4 1 4
32 28 1 2 1 1
31 29 1 4 4 4
31 30 4 1 1 1
30 29 1 4 4 1
30 30 4 1 4 2
30 31 4 3 4 1
31 31 1 4 4 3
32 31 1 1 1 4
30 32 4 1 4 4
30 33 4 1 4 1
30 34 4 4 1 4
31 34 4 1 4 4
31 33 1 1 4 1
31 35 4 1 1 1
29 34 2 4 4 1
29 35 4 1 4 4
29 36 4 4 1 1
30 36 3 2 1 4
30 35 1 1 3 1
31 36 1 3 1 2
32 36 1 1 2 3
32 37 2 1 4 1
32 38 4 4 2 3
33 38 2 1 1 4
33 37 1 3 2 1
34 37 4 1 4 3
34 36 1 2 4 1
34 38 4 1 1 1
31 38 4 3 1 4
31 37 1 1 4 1
30 38 1 4 4 1
30 39 4 1 4 4
30 40 4 4 4 1
31 40 1 4 1 4
32 40 1 4 2 4
33 40 4 3 4 4
33 39 1 4 4 1
34 39 1 2 2 4
35 39 4 2 4 2
35 38 1 4 4 1
36 38 1 4 2 4
36 39 2 1 2 2
36 40 2 1 1 2
35 40 4 2 1 4
34 40 2 4 4 3
33 41 4 1 4 2
32 41 2 2 1 4
37 38 1 4 4 4
38 38 4 1 4 4
38 37 1 2 4 1
39 37 4 4 1 2
39 36 2 1 4 2
38 36 4 2 1 4
37 36 1 4 1 1
38 35 1 4 4 1
39 35 2 4 2 4
39 34 1 2 2 1
40 34 1 4 2 2
40 35 2 1 4 4
40 36 4 4 1 1
41 36 4 1 1 4
41 35 1 4 4 1
42 35 1 4 1 4
43 35 1 4 2 4
44 35 1 3 3 4
43 36 2 1 4 2
43 37 4 4 1 1
44 37 1 1 4 4
44 38 4 4 4 1
45 38 4 1 1 4
45 37 2 1 4 1
45 36 3 1 2 1
45 35 3 4 3 3
44 36 3 1 1 1
42 36 1 2 4 1
42 37 4 1 2 1
44 39 4 2 2 4
45 39 1 1 4 2
45 40 4 3 4 4
45 41 4 4 1 1
43 39 4 4 3 1
43 40 3 3 1 1
44 40 2 4 2 3
43 38 1 1 4 4
42 38 2 4 3 2
42 39 3 1 4 1
42 40 4 1 1 4
41 38 4 2 1 4
41 37 1 1 4 1
40 38 1 4 1 1
45 34 4 2 3 4
44 34 1 4 1 4
43 34 1 4 1 1
45 33 4 4 4 1
46 34 3 1 1 2
46 33 4 4 3 4
46 32 1 1 4 2
45 32 1 2 4 2
44 32 3 2 1 1
44 31 1 1 3 4
43 31 4 4 1 3
42 31 4 3 4 2
42 32 4 2 3 4
43 32 1 1 4 2
43 33 4 1 1 4
42 33 3 4 4 3
42 34 4 1 1 2
41 34 4 2 1 4
41 33 4 3 4 4
40 33 1 4 1 1
41 32 1 4 4 4
40 32 4 4 1 1
40 31 4 2 4 1
41 31 1 2 1 2
42 30 1 4 4 2
41 30 4 2 1 4
40 30 2 4 4 1
40 29 1 1 2 4
39 29 4 4 4 3
39 30 4 1 1 1
39 28 4 1 4 1
39 27 2 4 4 1
39 26 2 2 2 1
39 25 4 4 2 3
38 25 1 3 2 1
38 26 2 1 4 4
38 27 4 1 1 4
37 27 3 4 4 1
37 28 4 2 1 4
38 28 1 1 1 2
36 28 2 4 1 2
35 28 4 2 1 1
35 27 1 1 4 1
36 27 1 1 2 1
37 26 4 4 3 1
37 25 1 1 4 1
40 25 2 1 4 4
40 24 4 3 2 4
39 24 2 4 4 4
39 23 3 2 2 1
39 22 1 4 3 1
40 22 1 1 1 4
40 23 1 2 4 2
41 23 1 4 1 2
42 23 4 1 2 4
38 24 1 4 1 1
40 26 4 1 1 2
40 27 1 2 4 4
41 27 4 2 4 2
41 26 4 2 4 1
41 25 1 1 4 1
42 26 4 4 4 2
42 25 1 4 4 1
43 25 1 1 1 4
43 26 1 4 1 4
44 26 1 1 1 4
42 27 4 1 4 2
42 28 4 1 1 2
41 28 4 2 2 3
41 29 2 4 4 1
42 29 1 1 1 4
43 30 4 4 4 4
43 29 1 1 4 1
44 30 1 1 1 4
40 28 4 3 1 1
38 29 1 3 1 2
37 29 1 2 3 1
37 30 3 1 4 4
37 31 4 1 1 1
36 30 1 4 4 1
36 31 4 1 1 1
47 33 4 1 1 4
47 32 1 3 4 1
48 32 1 4 1 3
49 32 1 1 4 4
49 33 4 1 2 1
49 34 2 4 1 1
50 34 4 4 4 4
50 33 4 2 4 1
50 32 4 1 4 1
50 31 2 4 4 1
50 30 4 1 2 1
50 29 1 4 4 1
51 29 3 3 1 4
51 28 4 1 3 1
52 29 1 1 1 3
51 27 4 4 4 4
50 27 1 4 1 4
49 27 1 4 2 1
49 28 2 1 1 4
48 28 1 4 4 1
48 29 4 4 1 1
49 29 1 1 1 4
51 26 4 4 4 1
52 27 1 1 3 4
52 28 3 1 1 1
51 25 1 2 4 1
52 25 1 1 1 2
52 26 1 2 1 4
53 26 1 1 2 2
53 27 2 4 4 1
54 27 1 1 2 4
54 28 2 1 1 1
53 28 4 1 2 1
53 29 2 4 1 1
54 29 1 4 1 4
55 29 1 1 1 4
51 31 2 1 3 4
51 30 1 2 2 1
52 30 1 2 2 2
53 30 1 4 1 2
54 30 1 2 1 4
55 30 1 4 4 2
56 30 1 4 1 4
55 31 4 1 2 1
55 32 2 4 1 1
56 32 1 1 4 4
56 33 4 2 4 2
57 33 4 1 4 2
57 32 1 1 4 1
57 34 4 1 1 1
56 34 4 1 4 4
55 33 1 2 1 4
54 33 3 4 4 2
54 34 4 4 4 1
55 34 1 4 1 4
56 35 4 1 1 1
54 35 4 4 1 1
55 35 1 1 4 4
55 36 4 2 3 4
56 36 1 4 2 2
57 36 4 1 1 4
57 35 1 4 4 1
58 35 1 1 1 4
55 37 3 1 4 1
54 36 1 4 4 1
54 37 4 1 2 4
54 38 2 1 1 1
56 37 2 1 1 1
55 38 4 1 1 1
53 37 2 4 4 2
53 38 4 1 3 1
53 39 3 1 4 1
53 40 4 1 1 4
52 40 1 4 2 1
52 41 2 4 1 3
51 41 4 3 4 4
50 41 4 4 1 2
49 41 2 2 3 4
49 40 4 1 2 1
50 40 1 3 4 1
51 40 1 1 4 3
49 39 2 4 4 1
49 38 4 3 2 4
48 38 1 4 1 4
50 39 2 4 1 4
50 38 4 4 2 3
50 37 1 1 4 1
51 39 4 1 1 4
51 38 1 4 4 4
52 38 1 1 4 4
52 39 4 1 1 1
47 38 2 4 4 1
47 39 4 2 4 1
48 39 1 1 1 2
47 40 4 1 1 4
46 40 4 4 1 3
46 39 1 1 4 1
47 37 1 1 2 2
46 37 1 2 3 1
46 38 3 1 1 1
49 37 1 1 4 1
53 36 3 1 2 3
52 36 4 3 2 1
52 37 2 2 1 4
51 37 1 4 1 1
52 35 1 4 4 1
53 35 1 1 3 4
54 32 1 1 3 1
53 33 1 2 4 1
53 34 4 1 1 1
57 30 4 4 4 4
57 29 3 2 4 4
56 29 1 4 1 1
58 30 2 4 3 4
58 29 1 2 2 2
59 29 4 4 2 2
59 28 1 1 4 1
59 30 2 2 4 4
60 30 4 2 4 2
60 29 4 1 4 4
60 28 1 4 4 1
61 28 1 3 1 4
62 28 4 1 1 3
62 27 1 3 4 1
63 27 4 1 3 3
63 26 4 4 4 1
63 28 3 4 1 1
64 28 4 4 4 4
64 27 4 4 4 1
64 26 4 4 4 4
64 29 4 1 1 1
63 25 1 4 4 1
64 25 1 4 4 4
61 30 2 4 1 2
61 29 1 3 2 1
62 29 1 1 4 3
62 30 4 1 1 4
60 31 4 1 4 4
59 31 4 4 1 1
60 32 4 4 4 4
61 32 1 4 4 4
62 32 1 4 1 4
63 32 1 4 2 4
64 32 2 4 3 4
64 31 2 4 2 1
64 30 1 4 2 1
63 33 2 1 1 2
62 33 1 2 1 1
61 33 4 1 2 1
61 34 2 4 1 2
60 34 4 2 1 1
60 33 4 1 4 1
59 32 1 4 1 4
58 31 3 1 4 4
58 32 4 4 3 1
58 33 3 1 4 1
57 31 4 4 1 4
56 31 1 4 1 1
58 34 4 1 1 1
57 28 1 1 3 4
56 28 2 4 1 4
55 28 1 4 1 1
56 27 1 1 2 1
52 31 2 1 4 1
52 32 4 2 1 4
53 32 3 1 1 2
53 31 1 1 3 1
51 32 3 4 1 1
51 33 1 4 1 2
52 33 1 1 2 4
52 34 2 1 1 1
51 34 1 1 1 4
50 35 4 1 4 4
50 36 4 1 1 4
49 35 1 4 4 2
49 36 4 4 1 1
48 35 1 2 3 2
48 36 3 1 1 1
47 35 1 2 4 1
47 36 4 1 1 3
46 36 2 3 1 1
46 35 1 1 2 4
40 37 1 1 1 4
38 39 4 4 4 4
37 39 4 4 1 1
30 41 4 4 4 2
31 41 1 4 1 4
29 39 4 4 1 4
28 39 1 4 1 1
29 38 4 1 4 4
28 38 1 4 1 4
27 38 2 4 1 2
26 38 1 2 4 1
26 39 4 2 4 4
27 39 1 1 4 2
27 40 4 3 3 1
28 40 1 1 1 3
27 41 3 3 4 2
28 41 1 4 2 3
29 41 4 2 4 4
29 40 1 1 4 1
26 41 1 2 4 1
26 40 4 1 1 3
25 40 4 3 1 4
25 39 1 4 4 1
24 40 3 4 1 3
24 39 2 1 3 1
23 40 1 3 3 2
23 41 3 1 4 1
22 40 2 2 2 1
22 41 2 1 3 4
21 41 4 4 4 2
20 41 1 2 1 4
19 41 1 4 1 4
21 40 4 1 4 4
20 40 1 4 1 4
19 40 1 4 1 2
18 40 1 2 2 1
18 41 2 4 2 4
17 41 1 4 4 2
16 41 2 2 3 4
16 40 4 1 2 4
15 40 4 4 3 1
15 41 3 4 2 4
16 39 4 1 4 2
15 39 1 2 4 4
14 39 3 4 1 4
14 38 1 4 3 4
13 38 1 4 4 1
13 39 4 4 1 2
12 39 1 2 1 4
11 39 1 4 4 3
11 40 4 4 4 1
12 40 1 1 4 4
10 39 1 3 1 4
 9 39 1 4 1 2
 8 39 4 2 4 4
 8 38 1 4 4 4
 7 38 1 4 1 2
 9 38 1 1 1 4
 6 38 2 2 1 1
 6 37 4 1 2 1
 6 36 4 4 4 4
15 38 2 4 1 4
15 37 1 1 2 4
14 37 1 4 1 1
16 38 1 1 4 4
21 39 2 1 4 1
21 38 3 1 2 1
21 37 1 4 3 4
20 37 4 4 2 2
20 38 2 1 1 2
19 38 1 2 4 1
19 39 4 1 1 1
20 36 1 4 4 1
21 36 1 1 1 4
19 37 1 2 1 4
18 37 4 4 1 4
17 37 1 4 1 4
16 37 1 4 1 1
18 36 2 1 4 1
18 35 1 1 2 1
22 37 4 1 1 4
22 36 1 4 4 1
23 36 4 4 1 4
23 35 2 3 4 1
24 36 4 1 4 4
24 35 1 1 4 3
24 37 4 4 1 4
25 37 1 2 1 4
26 37 1 1 1 2
23 37 1 4 3 1
23 38 3 4 1 1
24 38 1 2 2 4
25 38 1 1 1 2
23 34 4 1 2 3
22 34 1 3 1 4
23 33 1 2 4 1
24 33 4 1 4 2
24 32 2 1 4 1
24 34 4 1 1 1
21 34 1 4 4 4
21 35 4 4 1 1
22 35 1 1 1 4
20 34 1 4 4 1
20 35 4 1 1 4
19 35 1 4 4 1
19 36 4 1 1 1
24 31 1 1 2 3
23 31 1 3 3 2
23 32 3 1 1 1
22 31 1 2 4 1
22 32 4 1 1 3
21 32 4 3 3 1
21 33 3 4 1 1
21 31 4 1 4 1
21 30 4 1 4 1
21 29 4 4 4 1
21 28 4 1 4 4
20 28 2 4 1 4
19 28 4 4 3 4
19 29 3 1 2 1
19 30 2 4 1 1
20 30 4 1 1 4
20 29 1 1 4 1
19 27 4 1 4 1
18 28 1 4 1 2
19 26 4 1 4 3
18 26 1 3 4 4
18 27 4 1 1 4
17 27 1 4 2 1
17 28 2 2 1 1
17 26 4 4 1 2
16 26 1 2 1 4
15 26 1 4 4 4
15 27 4 4 4 4
16 27 1 1 2 4
16 28 2 1 2 1
16 29 2 1 1 4
15 29 4 4 1 3
15 28 4 1 4 1
14 27 2 4 1 4
13 27 4 4 2 4
13 28 2 1 2 3
13 29 2 2 1 1
14 29 2 3 1 2
14 28 1 1 2 1
13 26 4 1 4 1
12 27 1 4 4 1
12 28 4 3 1 1
13 25 4 4 4 4
12 25 2 4 4 1
12 26 4 1 1 1
12 24 1 4 2 2
11 24 1 2 1 1
13 24 1 1 4 4
14 25 1 1 4 4
14 26 4 4 2 1
17 25 1 1 4 1
19 25 4 2 4 1
19 24 4 1 4 4
18 24 1 4 3 1
18 25 3 1 1 1
20 25 1 1 4 2
20 26 4 2 1 1
21 26 4 3 4 2
21 25 4 4 4 1
21 24 3 1 4 1
22 25 1 1 4 4
22 26 4 1 4 3
21 27 4 4 4 1
22 27 4 4 1 4
23 27 1 1 1 4
20 27 1 1 2 1
21 23 1 1 3 1
19 23 2 2 4 1
19 22 1 1 2 1
20 23 4 1 2 2
20 22 1 1 4 1
20 24 2 1 1 1
22 29 4 4 1 4
22 28 1 4 4 1
23 28 1 1 1 4
23 29 1 1 1 4
22 39 1 3 2 1
23 39 1 1 1 3
27 37 1 1 2 1
29 37 1 4 4 4
28 37 1 4 1 1
30 37 1 1 1 4
35 36 1 1 4 2
35 37 4 1 1 1
32 39 2 1 1 1
28 35 3 4 1 1
28 34 3 1 3 1
28 33 3 1 3 4
27 33 1 4 3 3
27 34 3 1 4 1
27 35 4 1 1 2
26 35 2 2 1 3
25 35 1 3 1 1
26 34 1 1 2 1
26 33 1 3 1 2
25 33 4 2 4 1
25 34 4 1 1 1
25 32 1 1 4 1
28 32 1 1 3 2
27 32 1 2 1 2
26 32 1 2 1 1
29 33 3 1 2 1
29 32 3 4 3 1
29 31 1 1 3 1
31 32 4 2 1 1
32 32 1 1 1 2
29 30 1 2 1 1
31 26 4 4 1 1
31 25 1 1 4 1
32 23 1 1 2 4
31 23 1 4 2 4
31 24 2 4 1 1
30 23 1 4 1 4
29 23 1 4 1 1
43 18 1 1 4 3
43 19 4 1 2 1
43 20 2 1 2 1
43 21 2 1 2 1
43 22 2 1 1 2
42 22 1 2 4 1
42 19 4 1 1 1
45  1 1 1 4 1
62 34 1 4 1 4
63 34 1 4 4 4
63 35 4 1 1 4
62 35 1 4 1 2
61 35 1 2 4 4
61 36 4 4 1 1
62 36 1 1 4 4
62 37 4 1 4 1
62 38 4 1 2 1
62 39 2 4 1 4
63 39 4 4 1 4
63 38 1 3 4 1
64 38 1 4 4 3
64 39 4 4 2 4
61 39 1 4 1 1
60 35 1 4 1 1
 7 39 1 4 4 4
 6 39 1 4 2 1
 6 40 2 4 3 1
 7 40 4 4 1 4
 8 40 4 2 4 4
 9 40 1 4 2 2
10 40 1 1 3 4
10 41 3 2 1 2
 9 41 2 2 1 2
 8 41 4 2 1 1
 6 41 3 4 2 4
 5 41 1 4 4 4
 4 41 1 4 1 3
 3 41 1 3 2 4
20  0 1 1 4 4
19  0 2 4 1 1
29  2 4 1 1 4
29  1 4 4 4 1
29  0 1 1 4 4
28  0 2 4 1 1
44 41 2 1 1 1
50  8 4 2 1 4
50  7 1 2 4 1
51  7 4 1 1 2
51  6 1 2 4 4
50  6 1 4 1 1
52  6 1 4 4 2
53  6 4 2 1 4
53  5 3 4 4 1
53  4 4 2 3 4
52  4 4 4 4 2
52  5 4 1 1 1
52  3 4 1 4 4
51  3 1 4 2 1
51  4 2 2 4 4
51  5 4 1 1 1
50  4 2 4 1 1
52  2 1 1 4 4
51  2 1 4 1 2
50  2 4 2 1 1
50  1 3 1 4 1
50  0 4 2 3 4
51  0 1 2 4 2
52  0 3 4 2 2
52  1 2 3 1 4
53  1 4 4 1 3
54  1 4 4 1 4
54  0 4 4 4 3
53  0 2 3 4 4
55  0 1 4 1 4
56  0 4 2 4 4
57  0 4 4 2 2
58  0 1 1 1 4
56  1 4 1 2 4
56  2 2 4 4 4
57  2 3 1 2 4
57  1 2 1 3 1
55  1 1 4 2 4
55  2 2 4 1 4
54  2 1 4 4 1
54  3 4 1 3 1
54  4 3 1 4 2
54  5 4 1 2 4
54  6 2 1 3 2
54  7 3 3 4 2
55  7 4 1 2 3
55  6 4 1 4 1
55  5 4 1 4 1
55  4 3 1 4 1
55  3 1 2 3 1
56  3 4 1 4 2
56  4 4 1 1 1
55  8 2 2 4 3
56  8 1 1 1 2
54  8 4 3 3 4
54  9 3 3 4 3
55  9 4 4 4 3
54 10 4 1 4 2
53  9 3 3 4 1
53 10 4 2 3 1
53 11 3 4 1 3
54 11 4 4 4 4
55 11 1 1 4 4
55 12 4 1 3 2
55 13 3 1 4 1
55 14 4 1 4 1
55 15 4 1 2 4
55 16 2 1 1 2
54 16 1 2 4 2
54 17 4 1 4 1
53 16 1 2 2 4
53 17 2 1 2 4
52 16 2 4 4 2
52 17 4 4 1 1
52 15 1 2 2 1
53 15 4 2 1 2
53 14 4 4 4 3
52 14 1 3 1 1
53 13 2 1 4 2
52 13 4 2 1 1
52 12 1 1 4 1
53 12 1 1 2 1
54 14 1 1 1 4
54 15 1 4 1 2
51 16 1 2 1 2
50 16 4 2 4 1
50 17 4 2 4 1
51 17 1 1 1 2
50 18 4 2 1 2
51 18 1 1 1 2
49 18 1 2 1 3
48 18 1 3 4 1
48 19 4 1 3 2
48 20 3 1 1 4
47 20 2 4 1 1
47 19 1 2 2 1
50 15 4 4 4 3
49 15 2 3 1 2
49 14 4 4 2 1
50 14 1 4 4 4
51 14 1 1 1 4
51 15 1 1 1 4
48 15 4 2 1 4
47 15 1 4 1 4
46 15 1 4 1 3
45 15 2 3 1 1
45 14 4 2 2 1
45 13 1 1 4 3
44 13 1 3 1 2
43 13 2 2 1 1
43 12 1 1 2 1
46 14 1 1 1 2
48 14 1 1 4 1
49 13 3 1 4 2
48 13 4 2 1 1
48 12 1 1 4 1
49 12 1 1 3 1
53 18 2 1 1 1
54 18 4 4 1 1
55 18 4 4 1 4
55 17 1 4 4 1
56 17 1 1 4 4
56 18 4 4 1 4
57 18 1 2 2 4
58 18 4 4 4 2
58 17 4 2 4 2
57 17 1 2 1 1
59 18 1 1 2 4
58 19 4 1 1 1
57 19 2 1 1 4
56 19 1 4 1 1
59 19 2 1 1 1
59 17 1 3 1 2
60 17 1 4 1 3
58 16 1 1 4 1
54 12 4 2 2 1
54 13 2 1 1 1
52 11 1 3 1 1
53  8 1 4 3 4
52  8 1 4 4 1
52  9 4 1 4 1
52 10 4 1 1 4
51 10 4 4 1 2
51  9 1 1 4 4
50  9 1 4 1 1
50 10 1 2 1 2
49 10 4 2 1 4
49  9 2 1 4 1
48 10 4 4 1 1
48  9 1 1 4 2
47  9 2 2 4 4
47 10 4 1 1 1
46  9 4 4 1 4
47  8 1 1 2 4
46  8 1 4 4 1
45  9 1 4 1 4
44  9 3 4 1 4
43  9 4 4 4 1
43 10 4 1 2 1
43 11 2 1 1 3
42 11 1 3 1 1
43  8 1 1 4 2
42  8 1 2 1 1
44  8 4 4 3 1
44  7 1 1 4 1
45  8 1 1 1 4
53  7 1 2 1 1
52  7 4 1 1 1
57  3 2 1 1 1
51  1 4 4 1 1
50  3 1 1 2 1
53  3 1 1 4 1
51  8 1 1 1 2
10  2 1 1 2 4
 9  2 1 4 4 1
 9  3 4 4 1 1
56  9 1 2 1 4
57  9 4 4 1 2
57  8 2 1 4 1
57  7 1 4 2 4
56  7 1 4 1 1
58  7 3 2 1 4
58  6 4 4 3 1
59  7 4 4 4 2
59  6 3 2 4 4
59  5 2 1 3 4
58  5 1 4 4 1
59  4 1 4 2 1
60  6 1 1 4 2
60  7 4 3 1 4
61  7 4 2 4 3
61  6 4 4 4 1
61  5 2 1 4 1
61  4 3 4 2 4
60  4 2 4 1 4
61  3 2 4 3 3
60  3 4 3 2 2
60  2 3 1 4 3
59  2 4 3 1 2
59  1 1 1 4 4
58  1 1 4 3 1
58  2 3 2 1 1
60  1 1 1 3 1
59  3 1 2 1 1
62  6 3 1 4 4
62  5 1 4 3 1
63  5 1 4 4 4
63  6 4 4 4 1
62  7 4 4 4 2
63  7 4 4 1 4
64  7 4 3 1 4
64  6 4 4 4 4
62  8 4 2 1 2
63  8 1 1 1 2
61  8 4 2 1 4
60  8 1 4 1 1
59  8 4 1 1 1
58  9 4 2 1 4
58  8 1 1 4 1
59  9 1 4 1 2
60  9 1 1 1 4
55 10 4 2 1 1
56 10 1 1 3 2
56 11 3 4 1 1
57 11 1 1 4 4
57 12 4 3 1 4
58 12 1 1 1 3
56 12 1 4 1 1
30  0 1 1 2 1
64 40 2 4 4 3
64 41 4 1 4 4
63 40 1 3 3 4
63 41 3 4 3 4
62 40 1 4 2 1
62 41 2 4 4 4
61 41 4 4 1 1
61 40 1 1 4 2
60 40 1 2 1 4
59 40 2 4 4 4
59 41 4 1 2 4
58 40 1 4 1 3
59 39 1 1 2 1
57 40 2 3 4 3
57 41 4 2 1 4
58 41 1 4 4 2
56 41 3 4 4 4
56 40 1 3 3 2
55 40 1 2 1 3
54 40 1 3 1 1
55 41 1 4 1 2
54 41 1 2 1 3
53 41 1 3 1 4
57 39 1 2 2 2
56 39 4 2 1 1
56 38 1 3 4 1
57 38 4 1 1 3
57 37 1 1 4 1
58 39 1 1 1 2
22 33 1 1 1 4
41 24 1 1 1 3
42 24 2 1 1 1
23 12 3 3 1 2
23 11 1 1 3 4
22 11 1 4 2 1
22 12 2 2 4 1
22 13 4 1 1 1
11 41 4 3 3 2
12 41 4 3 1 3
13 41 1 1 1 3
 5 36 4 4 4 1
 5 37 4 1 4 1
 5 38 4 1 3 4
 5 39 3 1 4 1
 5 40 4 1 1 2
 4 40 3 2 1 1
 4 39 1 1 3 1
 4 38 4 4 1 1
 4 37 1 1 4 1
 7 36 1 1 3 4
 7 37 3 1 1 1
61 17 4 3 3 4
61 16 4 1 4 1
62 17 1 3 1 3
61 18 3 1 4 2
61 15 1 1 4 2
60 15 4 2 1 1
60 14 1 1 4 4
59 14 2 4 3 4
59 15 3 1 1 4
58 15 1 4 1 4
57 15 2 4 4 1
57 16 4 1 1 1
57 14 1 4 2 1
58 14 4 4 1 4
58 13 1 3 4 4
57 13 1 4 1 4
56 13 1 4 1 1
59 13 1 3 2 3
60 13 1 3 1 3
61 13 1 1 4 3
61 14 4 2 1 1
62 14 4 1 1 2
62 13 4 1 4 1
62 12 1 1 4 4
61 12 4 4 1 3
60 12 1 3 1 1
61 11 1 1 4 2
60 11 4 2 1 2
59 11 1 2 1 1
60 10 1 1 4 4
59 10 1 4 1 1
63 17 3 1 4 3
63 16 2 4 3 2
62 16 1 2 1 1
64 16 4 4 4 4
64 15 4 3 4 1
64 14 1 1 4 1
64 17 4 2 4 1
63 18 4 4 4 1
63 19 4 4 4 2
63 20 4 1 3 1
63 21 3 1 4 1
63 22 4 4 3 4
63 23 3 3 1 1
62 22 4 4 4 4
62 23 4 1 4 2
62 24 4 1 1 4
61 24 1 4 1 1
61 23 2 2 1 2
60 23 1 2 1 3
61 22 4 4 2 1
61 21 2 1 4 1
61 20 1 1 2 1
62 21 3 1 4 1
62 20 1 1 3 1
59 23 1 3 1 3
58 23 4 3 4 4
58 24 4 1 4 4
58 22 1 1 4 1
58 25 4 4 1 1
59 25 3 1 1 4
59 24 1 1 3 1
57 24 4 4 1 3
57 23 4 4 4 2
57 22 1 1 4 4
56 22 1 4 4 1
56 23 4 2 4 1
56 24 4 3 4 2
56 25 4 1 1 3
55 25 2 3 4 4
55 26 4 3 1 2
56 26 1 1 1 3
54 26 3 2 1 1
54 25 1 4 3 1
55 24 3 2 2 1
55 23 2 1 3 2
54 23 4 2 1 1
54 22 1 4 4 1
55 22 4 1 2 4
55 21 2 4 4 3
54 21 3 3 1 3
55 20 1 3 2 4
54 20 1 4 3 4
53 20 1 4 3 1
53 21 3 3 1 1
56 20 1 1 2 3
56 21 2 3 1 4
57 21 1 3 1 3
58 21 1 4 1 3
59 21 4 1 1 4
59 20 1 4 4 1
60 20 4 1 1 4
60 19 2 3 4 1
60 18 1 2 2 1
61 19 4 2 1 3
62 19 2 2 1 2
62 18 1 1 2 1
63 15 1 1 2 4
62 15 1 4 1 1
62  3 3 4 1 4
62  2 1 3 3 3
61  2 4 3 2 1
61  1 3 1 4 1
61  0 1 3 3 4
60  0 2 4 1 2
63  2 4 4 1 3
63  1 2 1 4 3
64  2 1 4 1 4
63  3 1 1 1 4
48 41 1 4 1 1
18  0 3 1 4 1
64 34 1 1 2 4
64 35 2 1 1 1
 6 35 1 1 4 2
 5 35 1 2 4 1
62  4 1 1 1 4
41 40 3 4 1 1
41 39 1 1 3 1
34 41 4 1 1 1
 2 41 4 4 1 4
 1 41 3 4 4 1
 2 40 1 2 4 4
 1 40 3 4 3 4
 0 40 2 4 2 1
 0 39 1 1 2 3
 1 39 4 4 3 1
 1 38 1 1 4 2
 0 38 1 2 1 1
 2 39 1 1 1 4
 3 40 4 1 1 2
 3 39 2 1 4 1
 3 38 1 1 2 4
 2 38 2 4 1 1
 2 37 2 1 2 1
 2 36 4 1 2 1
 2 35 2 2 4 4
 1 35 3 4 1 2
 0 35 2 2 4 2
 0 34 4 4 2 1
 0 33 1 1 4 4
 1 34 1 4 3 4
 2 34 3 4 2 4
 2 33 4 3 3 4
 1 33 1 4 1 1
 3 34 2 1 1 4
 3 33 4 1 2 3
 3 32 4 1 4 4
 2 32 3 4 4 4
 2 31 4 1 3 2
 1 31 1 2 1 2
 2 30 2 4 4 1
 0 31 4 2 4 3
 2 29 2 4 2 4
 1 29 1 4 3 1
 1 30 3 1 1 4
 0 30 2 4 4 3
 2 28 2 2 2 1
 3 30 4 1 2 4
 3 29 1 1 4 4
 3 31 2 3 4 1
 4 31 4 1 4 3
 4 30 4 1 4 1
 4 29 4 1 4 1
 4 28 1 2 4 4
 3 28 1 4 1 2
 2 27 1 1 2 2
 1 27 4 2 1 4
 0 27 4 4 4 4
 0 28 4 1 4 2
 0 29 4 1 2 1
 5 28 4 4 1 2
 5 27 2 4 4 4
 4 27 1 4 1 4
 3 27 3 4 1 1
 3 26 2 2 3 2
 2 26 4 2 1 4
 1 26 1 4 4 4
 2 25 1 1 4 2
 1 25 4 2 1 1
 1 24 4 1 4 4
 0 24 4 4 1 4
 1 23 4 2 4 1
 1 22 1 2 4 4
 0 22 4 4 4 3
 0 23 4 1 4 3
 0 21 1 4 4 4
 2 22 1 4 2 2
 3 22 2 1 1 4
 3 21 1 4 2 4
 2 21 1 4 1 2
 1 21 1 2 1 4
 2 23 2 3 2 2
 3 23 1 1 4 3
 3 24 4 1 4 1
 3 25 4 1 2 1
 4 26 4 1 1 2
 4 25 1 4 4 1
 5 25 1 4 4 4
 5 26 4 4 2 1
 6 26 1 1 1 4
 6 27 1 4 1 4
 6 28 1 1 1 4
 7 27 1 4 1 4
 8 27 1 1 1 4
 6 25 1 1 1 4
 2 24 2 1 1 1
 4 21 4 1 4 4
 4 20 4 1 4 4
 3 20 1 4 1 3
 2 20 3 3 1 1
 2 19 4 1 3 1
 2 18 4 1 4 2
 1 18 4 2 4 1
 1 19 4 1 4 1
 1 20 4 1 1 4
 0 20 4 4 1 1
 0 19 4 1 4 4
 0 18 4 1 4 2
 0 17 1 1 4 1
 1 17 1 2 4 1
 2 17 4 1 4 2
 2 16 4 1 4 2
 1 16 4 2 1 1
 1 15 4 4 4 2
 0 15 4 2 3 4
 0 16 3 1 1 2
 0 14 1 1 4 2
 1 14 1 1 4 1
 2 15 3 2 4 4
 2 14 2 4 3 1
 3 15 3 4 1 2
 3 14 1 1 3 4
 4 15 4 4 4 4
 4 14 4 4 4 1
 4 13 4 1 4 1
 5 15 1 4 1 4
 4 16 4 4 1 1
 5 16 1 4 4 4
 6 16 4 2 3 4
 6 15 4 1 4 4
 5 14 4 4 1 4
 5 13 3 4 4 1
 5 12 4 4 3 4
 4 12 1 4 4 2
 6 13 4 4 1 4
 6 12 4 1 4 4
 6 11 1 4 4 4
 5 11 2 4 4 4
 5 10 4 2 2 4
 4 10 1 4 1 4
 6 10 1 4 1 2
 7 10 4 1 1 4
 7  9 1 3 4 1
 5  9 3 4 4 1
 7 11 1 4 4 4
 8 11 2 2 1 4
 8 10 2 3 2 1
 8  9 4 3 2 3
 9  9 1 3 1 3
 9 10 1 1 4 3
 9 11 4 1 1 2
 7 12 4 3 2 1
 8 12 1 1 4 3
 7 13 2 1 4 4
 7 14 4 1 1 4
 6 14 1 4 4 4
 8 13 4 1 1 1
10  9 1 4 1 3
11  9 4 4 1 4
11  8 1 4 4 2
10  8 1 2 1 1
12  8 1 1 1 4
12  9 1 1 3 4
12 10 3 4 1 1
13 10 1 1 1 4
 4 11 1 4 1 1
 7 16 1 1 3 2
 5 17 4 2 1 3
 6 17 3 4 1 2
 7 17 3 4 1 4
 8 17 4 1 2 4
 8 16 1 4 4 1
 9 16 1 3 4 4
 9 17 4 4 4 1
10 17 1 1 1 4
 9 18 4 1 1 1
 8 18 2 1 4 4
 8 19 4 4 4 1
 9 19 1 1 1 4
 8 20 4 4 1 1
 9 20 1 2 1 4
10 20 2 1 1 2
10 19 1 1 2 1
 7 18 1 4 4 1
 7 19 4 1 1 1
10 16 1 1 1 3
 4 17 1 3 1 3
 3 17 4 3 4 1
 3 18 4 1 1 1
 3 16 1 1 4 1
 2 13 1 1 2 1
 4 19 2 1 4 4
 3 19 1 4 1 1
 4 18 1 4 2 1
 5 18 1 1 4 4
 5 19 4 1 1 1
 4 22 4 1 1 1
 4 32 4 4 2 1
 5 32 4 4 1 4
 5 31 1 4 4 1
 6 31 1 1 1 4
 6 32 1 1 4 4
 6 33 4 4 4 1
 7 33 1 1 1 4
 6 34 4 2 1 1
 7 34 1 4 1 2
 8 34 1 3 4 4
 9 34 1 1 1 3
 8 35 4 3 1 1
 9 35 1 4 4 3
10 35 1 3 4 4
11 35 1 3 4 3
12 35 1 3 1 3
13 35 2 1 2 3
13 34 4 2 2 4
12 34 1 4 1 2
11 34 1 2 1 4
10 34 4 4 1 1
10 33 4 2 4 4
 9 33 1 4 1 4
 8 33 4 4 1 1
 8 32 1 1 4 2
 7 32 3 2 1 1
 7 31 4 4 3 1
 7 30 1 2 4 4
 6 30 2 4 1 1
 6 29 1 4 2 4
 5 29 1 4 1 1
 7 29 1 2 1 4
 8 29 1 1 1 2
 8 30 1 2 4 2
 9 30 1 1 1 2
 8 31 4 1 1 4
10 32 4 4 4 3
 9 32 1 3 1 1
11 33 1 2 1 2
12 33 1 1 1 2
10 31 1 4 4 1
11 32 2 3 1 4
11 31 2 1 2 4
11 30 1 3 2 1
12 30 4 1 1 3
12 29 1 1 4 1
12 32 1 1 1 3
13 33 2 1 4 1
13 32 4 2 2 1
13 31 1 1 4 3
12 31 1 3 1 1
14 32 1 4 2 2
15 32 1 1 1 4
14 33 2 2 1 1
15 33 1 4 1 2
16 33 1 2 1 4
17 33 4 4 3 2
17 32 3 4 4 1
17 31 4 4 3 4
16 31 1 4 1 1
18 31 1 1 4 4
18 32 4 1 4 4
18 33 4 4 1 4
19 33 1 1 2 4
19 34 2 1 1 4
18 34 1 4 1 1
17 34 3 1 4 1
17 35 4 1 4 1
17 36 4 1 1 1
17 30 4 2 4 4
16 30 1 4 1 1
18 30 4 1 1 2
18 29 1 1 4 1
17 29 1 1 4 1
14 34 1 2 1 2
15 34 1 4 1 2
16 34 1 1 1 4
13 36 2 4 1 2
14 36 1 4 1 4
15 36 1 1 1 4
12 36 1 2 1 1
11 36 4 1 1 1
10 36 4 1 4 4
10 37 4 1 4 1
 9 36 4 4 1 4
 8 36 1 4 1 1
10 38 4 1 1 1
 4 33 2 1 4 1
 4 34 4 1 1 1
 1 32 1 4 1 4
 0 32 4 4 1 1
 3 35 1 1 4 2
 3 36 4 4 1 1
 4 36 2 1 1 4
 4 35 1 1 2 1
 8  8 1 2 4 1
 9  8 1 1 1 2
62  0 2 1 1 3
 0 41 2 1 1 1
10  1 4 1 1 4
 9  1 1 4 1 3
 8  1 1 3 1 3
 7  1 1 3 3 1
 7  2 3 4 2 1
 8  2 1 1 2 4
 8  3 2 1 1 3
 7  3 2 3 2 1
 7  4 2 1 2 1
 7  5 2 1 1 1
14 41 1 4 1 1
 0 26 4 4 4 2
 5  8 1 1 3 1
 6  9 4 1 1 4
 6  8 4 3 4 1
 6  7 4 4 4 1
 6  6 4 1 4 1
 6  5 4 1 4 1
 6  4 1 1 4 4
 5  4 1 4 1 1
 7  7 4 4 4 4
 7  6 1 4 4 1
 8  6 1 1 3 4
 8  7 3 1 1 4
 7  8 4 1 1 3
 0 25 1 1 4 1
64 19 1 4 4 4
64 20 4 4 1 1
39 39 2 2 4 4
40 39 1 1 1 2
63  0 2 4 2 1
64  0 3 4 4 4
62  1 1 3 1 1
41  2 1 4 2 4
40  2 1 4 1 1
42  2 1 4 1 4
42  3 1 1 1 4
43  2 4 1 1 4
43  1 1 1 4 1
17  0 1 1 1 4
 3 12 1 2 1 1
 3 10 1 4 1 4
 2 10 1 4 2 4
 2 11 2 4 4 1
 3 11 1 1 1 4
 1 10 4 4 1 4
 0 10 1 4 4 1
 0 11 4 1 4 1
 2 12 4 1 1 4
 1 12 4 4 4 4
 1 13 4 1 1 1
 1 11 1 1 4 1
 0 12 4 4 4 1
 0 13 4 1 1 1
 1  9 1 4 4 2
64  5 2 4 4 4
39 38 1 1 2 1
39 40 4 1 1 1
64 33 3 3 1 1
64  4 2 1 2 4
63  4 1 4 1 1
64  3 1 4 2 1
 0  9 1 2 1 2
 2  9 4 1 1 4
 2  8 1 1 4 1
38 40 4 1 4 4
38 41 4 4 4 1
39 41 1 4 1 4
40 41 1 1 2 4
37 40 1 4 1 1
64  1 4 1 1 1
 0 36 4 1 1 3
64 22 2 2 1 4
64 21 1 4 2 1
 7 41 1 1 4 4
46 41 1 4 4 4
47 41 1 1 4 4
64 18 4 1 1 4
64 23 1 4 1 3
59  0 1 2 1 1
