 125
 0
 0
 0
 0
 0
 0
 0
 0
 0
 0
 0
 0
 0
 0
 0
 0
 0
 0
 0
 20
 0
 0
 0
 0
 0
 0
 0
 0
 0
 0
 0
 0
 0
 0
 0
 0
 0
 0
 0
 13
 0
 0
 0
 0
 0
 0
 0
 0
 0
 0
 0
 0
 0
 0
 0
 0
 0
 0
 14
 0
 127
 21
 12
 0
 0
 0
 0
 0
 0
 0
 0
 0
 0
 0
 0
 0
 14
 21
 13
 0
 0
 0
 15
 12
 0
 0
 0
 0
 0
 0
 0
 0
 0
 0
 14
 21
 13
 0
 0
 0
 0
 14
 21
 13
 0
 0
 0
 0
 0
 0
 0
 0
 0
 13
 20
 0
 0
 0
 0
 14
 21
 13
 0
 0
 0
 0
 0
 0
 0
 0
 0
 0
 0
 14
 13
 0
 0
 0
 0
 20
 0
 0
 0
 0
 0
 0
 0
 0
 0
 0
 0
 126
 21
 13
 0
 0
 0
 0
 0
 13
 0
 0
 0
 0
 0
 0
 0
 0
 0
 0
 0
 0
 0
 0
 0
 0
 0
 0
 14
 21
 12
 0
 0
 0
 0
 0
 0
 0
 0
 0
 0
 0
 0
 0
 0
 0
 0
 0
 15
 0
 15
 21
 12
 0
 0
 0
 0
 0
 0
 0
 0
 0
 0
 0
 0
 0
 0
 0
 0
 0
 0
 0
 20
 0
 0
 0
 0
 0
 0
 0
 0
 0
 0
 0
 0
 0
 0
 0
 0
 0
 0
 0
 15
 12
 0
 0
 0
 0
 0
 0
 0
 0
 0
 0
 0
 0
 0
 0
 0
 21
 12
 0
 0
 20
 0
 0
 0
 0
 0
 0
 0
 0
 0
 0
 0
 0
 0
 0
 14
 12
 15
 12
 14
 13
 0
 0
 0
 0
 0
 0
 0
 0
 0
 0
 0
 0
 0
 0
 15
 20
 0
 20
 20
 0
 0
 0
 0
 0
 0
 0
 0
 0
 0
 0
 0
 0
 0
 0
 0
 29
 12
 15
 13
 0
 0
 0
 0
 0
 0
 0
 0
 0
 0
 0
 0
 0
 0
 0
 0
 0
 20
 0
 0
 0
 0
 0
 0
 0
 0
 0
 0
 0
 0
 0
 0
 0
 0
 0
 0
 14
 13
 0
 0
 0
 0
 0
 0
 0
 0
 0
 0
 0
 0
 0
 0
 0
 0
 0
 0
 20
 0
 0
 0
 0
 0
 0
 0
 0
 0
 0
 0
 0
 0
 0
 0
 0
 0
 0
 0
-1
