 135
 63
 64
 69
 60
 61
 65
 67
 0
 0
 0
 0
 0
 0
 0
 0
 0
 67
 66
 69
 65
 0
 136
 61
 65
 0
 61
 59
 0
 0
 0
 0
 0
 0
 0
 0
 0
 61
 59
 61
 61
 64
 59
 62
 59
 0
 0
 0
 0
 0
 0
 0
 0
 0
 0
 0
 0
 0
 0
 0
 0
 61
 68
 65
 0
 0
 0
 0
 0
 0
 0
 0
 0
 0
 0
 0
 0
 0
 0
 0
 0
 0
 0
 66
 60
 0
 0
 0
 0
 0
 0
 0
 0
 0
 0
 0
 0
 0
 0
 0
 0
 0
 0
 61
 63
 60
 0
 0
 0
 0
 0
 0
 0
 0
 0
 0
 0
 0
 0
 0
 0
 0
 0
 0
 62
 65
 0
 0
 0
 0
 0
 0
 0
 0
 0
 0
 0
 0
 0
 0
 0
 0
 0
 0
 61
 59
 0
 0
 0
 0
 0
 0
 0
 0
 0
 0
 0
 0
 0
 0
 0
 0
 0
 0
 0
 0
 0
 0
 0
 0
 0
 0
 0
 0
 0
 0
 0
 0
 0
 0
 0
 0
 0
 0
 0
 0
 0
 0
 0
 0
 0
 0
 0
 0
 0
 0
 0
 0
 0
 0
 0
 0
 0
 0
 0
 0
 0
 0
 0
 0
 0
 0
 0
 0
 0
 0
 0
 0
 0
 0
 0
 0
 0
 62
 64
 60
 0
 0
 0
 0
 0
 0
 0
 0
 0
 0
 0
 0
 0
 0
 0
 0
 0
 61
 65
 67
 0
 0
 0
 0
 0
 0
 0
 0
 0
 0
 0
 0
 0
 0
 0
 0
 0
 62
 63
 59
 0
 0
 0
 0
 0
 0
 0
 0
 0
 0
 0
 0
 0
 0
 0
 0
 0
 67
 0
 0
 0
 0
 0
 0
 0
 0
 0
 0
 0
 0
 0
 0
 0
 0
 68
 60
 62
 59
 0
 0
 0
 0
 0
 0
 0
 0
 0
 0
 0
 0
 0
 0
 0
 62
 64
 59
 66
 68
 64
 60
 0
 0
 0
 0
 0
 0
 0
 0
 0
 0
 0
 0
 0
 61
 66
 68
 59
 0
 61
 59
 0
 0
 0
 0
 0
 0
 0
 0
 0
 0
 0
 0
 0
 0
 63
 60
 0
 0
 0
 62
 60
 0
 0
 0
 0
 0
 0
 0
 0
 0
 0
 0
 0
 62
 64
 65
 0
 62
 68
 65
 66
 60
 0
 0
 0
 0
 0
 0
 0
 0
 0
 62
 60
 66
-1
