 127
 69
 65
 66
 65
 0
 0
 0
 0
 0
 0
 0
 0
 0
 0
 0
 0
 128
 61
 69
 61
 63
 59
 61
 59
 0
 0
 0
 0
 0
 0
 0
 0
 0
 0
 0
 0
 61
 64
 65
 60
 0
 0
 0
 0
 0
 0
 0
 0
 0
 0
 0
 0
 0
 0
 0
 62
 60
 66
 63
 59
 0
 0
 0
 0
 0
 0
 0
 0
 0
 0
 0
 0
 0
 0
 0
 66
 69
 63
 68
 0
 0
 0
 0
 0
 0
 0
 0
 0
 0
 0
 0
 0
 0
 0
 0
 61
 63
 64
 60
 0
 0
 0
 0
 0
 0
 0
 0
 0
 0
 0
 0
 0
 0
 0
 0
 0
 0
 61
 59
 0
 0
 0
 0
 0
 0
 0
 0
 0
 0
 0
 0
 0
 0
 0
 0
 0
 0
 0
 0
 0
 0
 0
 0
 0
 0
 0
 0
 0
 0
 0
 0
 0
 0
 0
 0
 0
 0
 0
 0
 0
 0
 0
 0
 0
 0
 0
 0
 0
 0
 0
 0
 0
 0
 0
 0
 0
 0
 0
 0
 0
 0
 0
 0
 0
 0
 0
 0
 0
 0
 0
 0
 0
 0
 0
 0
 0
 0
 0
 0
 0
 0
 0
 0
 0
 0
 0
 0
 0
 0
 0
 0
 0
 0
 0
 0
 0
 0
 0
 0
 60
 0
 0
 0
 0
 0
 0
 0
 0
 0
 0
 0
 0
 0
 0
 0
 0
 0
 0
 62
 65
 0
 0
 62
 68
 60
 0
 0
 0
 0
 0
 0
 0
 0
 0
 0
 0
 0
 0
 61
 63
 60
 62
 65
 0
 67
 0
 0
 0
 0
 0
 0
 0
 0
 0
 0
 0
 0
 0
 62
 64
 65
 66
 59
 62
 59
 0
 0
 0
 0
 0
 0
 0
 0
 0
 0
 0
 0
 0
 61
 59
 66
 63
 60
 67
 0
 0
 0
 0
 0
 0
 0
 0
 0
 0
 0
 0
 0
 0
 138
 0
 61
 64
 59
 66
 60
 0
 0
 0
 0
 0
 0
 0
 0
 0
 0
 0
 0
 0
 0
 62
 60
 67
 62
 61
 65
 0
 0
 0
 0
 0
 0
 0
 0
 0
 0
 0
 0
 0
 0
 63
 65
 61
 60
 67
 67
 0
 0
 0
 0
 0
 0
 0
 0
 0
 0
 62
 60
 62
 68
 60
 66
 64
 65
 62
 59
 0
 0
 0
 0
 0
 0
 0
 0
 0
 0
 61
 65
 67
 62
-1
