 135
 0
 0
 0
 0
 0
 0
 0
 0
 0
 0
 0
 18
 21
 57
 20
 18
 19
 0
 18
 0
 0
 0
 0
 0
 0
 0
 0
 0
 0
 0
 0
 15
 12
 0
 15
 13
 15
 17
 13
 0
 0
 0
 0
 0
 0
 0
 0
 0
 0
 0
 0
 0
 15
 21
 12
 14
 21
 13
 0
 0
 0
 0
 0
 0
 0
 0
 0
 0
 0
 0
 0
 0
 0
 0
 15
 13
 0
 0
 0
 0
 0
 0
 0
 0
 0
 0
 0
 0
 0
 0
 0
 0
 0
 0
 0
 0
 0
 0
 0
 0
 0
 0
 0
 0
 0
 0
 0
 0
 0
 0
 0
 0
 0
 0
 0
 0
 0
 0
 0
 0
 0
 0
 0
 0
 14
 12
 14
 21
 12
 0
 0
 0
 0
 0
 0
 0
 0
 0
 0
 0
 0
 0
 0
 0
 20
 18
 11
 12
 20
 0
 0
 0
 0
 0
 0
 0
 0
 0
 0
 0
 0
 0
 0
 0
 15
 13
 15
 13
 15
 17
 21
 12
 0
 0
 0
 0
 0
 0
 0
 0
 0
 0
 0
 0
 14
 21
 12
 0
 0
 20
 0
 15
 12
 0
 0
 0
 0
 0
 0
 0
 0
 0
 0
 0
 18
 137
 18
 21
 17
 16
 21
 136
 20
 0
 0
 0
 0
 0
 0
 0
 0
 0
 0
 0
 15
 21
 13
 0
 20
 0
 0
 14
 13
 0
 0
 0
 0
 0
 0
 0
 0
 0
 0
 0
 0
 0
 14
 17
 16
 12
 0
 20
 0
 0
 0
 0
 0
 0
 0
 0
 0
 0
 0
 0
 0
 0
 20
 15
 12
 15
 21
 13
 0
 0
 0
 0
 0
 0
 0
 0
 0
 0
 0
 0
 0
 0
 15
 12
 20
 0
 0
 0
 0
 0
 0
 0
 0
 0
 0
 0
 0
 0
 0
 0
 0
 0
 15
 15
 13
 0
 0
 0
 0
 0
 0
 0
 0
 0
 0
 0
 0
 0
 0
 0
 0
 0
 0
 0
 0
 0
 0
 0
 0
 0
 0
 0
 0
 0
 0
 0
 0
 0
 0
 0
 0
 0
 0
 0
 0
 0
 0
 0
 0
 0
 14
 12
 0
 0
 0
 0
 0
 0
 0
 0
 0
 0
 0
 0
 0
 0
 0
 0
 14
 21
 13
 15
 21
 12
 0
 0
 0
 0
 0
 0
 0
 0
 0
 0
 0
 0
 0
 14
 13
 0
 14
 12
 14
 16
 12
-1
