 145
 63
 61
 60
 0
 0
 0
 0
 0
 0
 0
 0
 0
 0
 63
 0
 0
 61
 60
 61
 64
 60
 63
 0
 0
 0
 0
 0
 0
 0
 0
 0
 0
 0
 62
 59
 0
 62
 59
 62
 59
 61
 60
 0
 0
 0
 0
 0
 0
 0
 0
 0
 0
 0
 0
 63
 0
 0
 62
 64
 62
 60
 0
 0
 0
 0
 0
 0
 0
 0
 0
 0
 0
 0
 0
 62
 59
 0
 0
 0
 59
 60
 0
 0
 0
 0
 0
 0
 0
 0
 0
 0
 0
 0
 0
 0
 63
 0
 151
 64
 60
 0
 0
 0
 0
 0
 0
 0
 0
 0
 0
 0
 0
 0
 0
 0
 62
 64
 59
 61
 0
 0
 0
 0
 0
 0
 0
 0
 0
 0
 0
 0
 0
 0
 0
 0
 0
 0
 62
 60
 0
 0
 0
 0
 0
 0
 0
 0
 0
 0
 0
 0
 0
 0
 0
 0
 0
 0
 0
 0
 0
 0
 0
 0
 0
 0
 0
 0
 0
 0
 0
 0
 0
 0
 0
 0
 0
 0
 0
 0
 0
 0
 0
 0
 0
 0
 0
 0
 0
 0
 0
 0
 0
 0
 0
 0
 0
 0
 0
 0
 0
 0
 0
 0
 0
 0
 0
 0
 0
 0
 0
 0
 0
 0
 0
 0
 0
 0
 0
 0
 0
 0
 0
 0
 0
 0
 0
 0
 0
 0
 0
 0
 0
 0
 0
 0
 0
 0
 0
 0
 0
 0
 0
 0
 0
 0
 0
 0
 0
 0
 0
 0
 0
 0
 0
 0
 0
 0
 0
 0
 0
 0
 0
 0
 0
 0
 0
 0
 0
 0
 0
 0
 0
 0
 0
 0
 0
 0
 0
 0
 0
 0
 0
 0
 0
 0
 0
 0
 0
 0
 0
 0
 0
 0
 0
 0
 0
 61
 59
 0
 59
 0
 0
 0
 0
 0
 0
 0
 0
 0
 0
 0
 0
 0
 0
 0
 61
 60
 62
 64
 146
 64
 59
 0
 0
 0
 0
 0
 0
 0
 0
 0
 0
 0
 0
 0
 63
 0
 61
 148
 0
 0
 63
 0
 0
 0
 0
 0
 0
 0
 0
 0
 0
 0
 0
 61
 60
 150
 60
 0
 66
 149
 62
 59
 0
 0
 0
 0
 0
 0
 0
 0
 0
 0
 0
 63
 0
 0
 61
 64
 62
 59
 0
 63
 0
 0
 0
 0
 0
 0
 0
 0
 0
 0
 61
 60
 0
 0
 63
 0
-1
