 134
 0
 68
 131
 130
 0
 63
 0
 0
 0
 0
 0
 63
 0
 128
 129
 67
 0
 0
 0
 63
 0
 62
 66
 65
 64
 67
 0
 0
 0
 0
 0
 68
 64
 65
 66
 60
 0
 0
 0
 37
 61
 59
 62
 66
 59
 63
 0
 0
 0
 0
 0
 63
 61
 66
 60
 0
 0
 61
 59
 63
 62
 67
 0
 62
 65
 60
 0
 0
 0
 0
 0
 62
 65
 60
 0
 0
 0
 68
 60
 65
 64
 69
 59
 61
 59
 0
 0
 0
 0
 0
 0
 0
 0
 0
 61
 59
 61
 69
 64
 133
 61
 67
 68
 65
 60
 0
 0
 0
 0
 0
 0
 0
 0
 0
 62
 65
 67
 68
 59
 63
 62
 69
 60
 0
 0
 0
 0
 0
 0
 0
 0
 0
 0
 0
 0
 0
 62
 69
 60
 65
 64
 60
 0
 0
 0
 0
 0
 0
 0
 0
 0
 0
 0
 0
 0
 0
 0
 62
 64
 0
 0
 0
 0
 0
 0
 0
 0
 0
 0
 0
 0
 0
 0
 0
 0
 0
 0
 0
 0
 0
 0
 0
 0
 0
 0
 0
 0
 0
 0
 0
 0
 0
 0
 0
 0
 0
 0
 0
 0
 0
 0
 0
 0
 0
 0
 0
 0
 0
 0
 0
 0
 0
 0
 0
 0
 0
 0
 0
 0
 0
 0
 0
 0
 0
 0
 0
 0
 0
 0
 0
 0
 0
 0
 0
 0
 0
 0
 0
 0
 0
 0
 0
 0
 0
 0
 0
 0
 0
 0
 0
 0
 0
 0
 0
 0
 0
 0
 0
 0
 66
 64
 59
 0
 0
 0
 0
 0
 0
 0
 0
 0
 0
 0
 0
 0
 0
 0
 61
 64
 63
 61
 69
 59
 0
 0
 0
 0
 0
 0
 0
 0
 0
 0
 0
 0
 0
 61
 69
 59
 132
 62
 67
 68
 66
 59
 0
 0
 0
 0
 0
 0
 0
 0
 0
 61
 66
 67
 68
 60
 66
 64
 69
 60
 62
 60
 0
 0
 0
 0
 0
 0
 0
 0
 0
 62
 60
 62
 69
 64
 63
 61
 67
 0
 61
 66
 59
 0
 0
 0
 0
 0
 61
 66
 59
 0
 0
 0
 68
 59
 37
 62
 60
 61
 65
 60
 63
 0
 0
 0
 0
 0
 63
 0
 65
 59
 0
 0
 62
 60
 63
 0
 61
 65
 66
 64
 67
 0
 0
 0
 0
 0
 68
 64
 66
 65
 59
 0
 0
 0
-1
