 119
 67
 127
 126
 121
 63
 0
 0
 0
 0
 0
 0
 0
 0
 0
 63
 120
 124
 125
 68
 63
 62
 66
 64
 69
 67
 0
 0
 0
 0
 0
 0
 0
 0
 0
 68
 69
 64
 66
 60
 65
 64
 65
 59
 68
 60
 0
 0
 0
 0
 0
 0
 0
 0
 0
 62
 67
 61
 65
 64
 0
 0
 61
 65
 67
 0
 0
 0
 0
 0
 0
 0
 0
 0
 0
 0
 68
 65
 59
 0
 64
 66
 69
 66
 60
 0
 0
 0
 0
 0
 0
 0
 0
 0
 0
 0
 62
 66
 69
 66
 122
 60
 68
 60
 0
 0
 0
 0
 0
 0
 0
 0
 0
 0
 0
 0
 0
 62
 67
 62
 64
 66
 60
 0
 0
 0
 0
 0
 0
 0
 0
 0
 0
 0
 0
 0
 0
 0
 62
 66
 64
 60
 0
 0
 0
 0
 0
 0
 0
 0
 0
 0
 0
 0
 0
 0
 0
 0
 0
 62
 0
 0
 0
 0
 0
 0
 0
 0
 0
 0
 0
 0
 0
 0
 0
 0
 0
 0
 0
 0
 0
 0
 0
 0
 0
 0
 0
 0
 0
 0
 0
 0
 0
 0
 0
 0
 0
 0
 0
 0
 0
 0
 0
 0
 0
 0
 0
 0
 0
 0
 0
 0
 0
 0
 0
 0
 0
 0
 0
 0
 0
 0
 0
 0
 0
 0
 0
 0
 0
 0
 0
 0
 0
 0
 0
 0
 0
 0
 0
 0
 0
 0
 0
 0
 0
 0
 0
 0
 0
 0
 0
 0
 0
 0
 0
 0
 0
 0
 0
 0
 64
 59
 0
 0
 0
 0
 0
 0
 0
 0
 0
 0
 0
 0
 0
 0
 0
 0
 0
 61
 64
 65
 59
 0
 0
 0
 0
 0
 0
 0
 0
 0
 0
 0
 0
 0
 0
 0
 61
 65
 123
 59
 68
 59
 0
 0
 0
 0
 0
 0
 0
 0
 0
 0
 0
 0
 0
 61
 67
 61
 64
 65
 69
 65
 59
 0
 0
 0
 0
 0
 0
 0
 0
 0
 0
 0
 61
 65
 69
 65
 0
 0
 62
 66
 67
 0
 0
 0
 0
 0
 0
 0
 0
 0
 0
 0
 68
 66
 60
 0
 66
 64
 66
 60
 68
 59
 0
 0
 0
 0
 0
 0
 0
 0
 0
 61
 67
 62
 66
 64
 63
 61
 65
 64
 69
 67
 0
 0
 0
 0
 0
 0
 0
 0
 0
 68
 69
 64
 65
 59
-1
