 135
 67
 68
 64
 69
 64
 67
 63
 0
 0
 0
 0
 0
 63
 68
 64
 69
 64
 67
 68
 65
 69
 60
 61
 67
 143
 69
 60
 0
 0
 0
 0
 0
 62
 69
 139
 68
 59
 62
 69
 66
 60
 61
 67
 62
 66
 60
 0
 0
 0
 0
 0
 0
 0
 62
 66
 60
 68
 59
 62
 63
 61
 65
 69
 66
 67
 0
 0
 0
 0
 0
 0
 0
 0
 0
 68
 66
 69
 65
 59
 69
 65
 59
 68
 60
 63
 0
 0
 0
 0
 0
 0
 0
 0
 0
 63
 62
 67
 61
 65
 63
 144
 68
 65
 64
 60
 0
 0
 0
 0
 0
 0
 0
 0
 0
 62
 64
 65
 67
 140
 65
 69
 60
 0
 0
 0
 0
 0
 0
 0
 0
 0
 0
 0
 0
 0
 0
 0
 62
 69
 64
 60
 0
 0
 0
 0
 0
 0
 0
 0
 0
 0
 0
 0
 0
 0
 0
 0
 0
 62
 0
 0
 0
 0
 0
 0
 0
 0
 0
 0
 0
 0
 0
 0
 0
 0
 0
 0
 0
 0
 0
 0
 0
 0
 0
 0
 0
 0
 0
 0
 0
 0
 0
 0
 0
 0
 0
 0
 0
 0
 0
 0
 0
 0
 0
 0
 0
 0
 0
 0
 0
 0
 0
 0
 0
 0
 0
 0
 0
 0
 0
 0
 0
 0
 0
 0
 0
 0
 0
 0
 0
 0
 0
 0
 0
 0
 0
 0
 0
 0
 0
 0
 0
 0
 0
 0
 0
 0
 0
 0
 0
 0
 0
 0
 0
 0
 0
 0
 0
 0
 64
 59
 0
 0
 0
 0
 0
 0
 0
 0
 0
 0
 0
 0
 0
 0
 0
 0
 0
 61
 66
 69
 59
 0
 0
 0
 0
 0
 0
 0
 0
 0
 0
 0
 0
 0
 0
 0
 61
 69
 63
 142
 68
 66
 64
 59
 0
 0
 0
 0
 0
 0
 0
 0
 0
 61
 64
 66
 67
 138
 69
 66
 60
 68
 59
 63
 0
 0
 0
 0
 0
 0
 0
 0
 0
 63
 61
 67
 62
 66
 63
 62
 66
 69
 65
 67
 0
 0
 0
 0
 0
 0
 0
 0
 0
 68
 65
 69
 66
 60
 65
 59
 62
 67
 61
 65
 59
 0
 0
 0
 0
 0
 0
 0
 61
 65
 59
 68
 136
 61
 66
 69
 59
 62
 67
 141
 69
 59
 0
 0
 0
 0
 0
 61
 69
 137
 68
 60
 61
 69
-1
