 100
 0
 0
 0
 0
 0
 0
 0
 0
 0
 0
 9
 3
 12
 0
 10
 3
 12
 0
 0
 4
 0
 0
 0
 0
 0
 0
 0
 0
 0
 0
 4
 0
 0
 9
 11
 0
 0
 0
 0
 12
 0
 0
 0
 0
 0
 0
 0
 0
 9
 3
 12
 0
 0
 10
 8
 11
 0
 9
 7
 0
 0
 0
 0
 0
 0
 0
 0
 0
 4
 0
 0
 0
 0
 0
 0
 5
 3
 8
 6
 3
 7
 11
 0
 0
 0
 0
 0
 0
 10
 11
 0
 0
 0
 0
 102
 4
 0
 0
 10
 0
 10
 12
 0
 0
 0
 0
 0
 0
 0
 4
 0
 0
 0
 0
 101
 12
 0
 0
 0
 0
 0
 0
 0
 0
 0
 0
 0
 0
 0
 21
 20
 0
 0
 0
 103
 104
 0
 0
 0
 0
 0
 0
 0
 0
 0
 0
 0
 0
 0
 0
 10
 3
 7
 11
 4
 0
 0
 0
 0
 0
 0
 0
 0
 0
 0
 0
 0
 0
 0
 0
 0
 0
 10
 8
 12
 0
 0
 0
 0
 0
 0
 0
 0
 0
 0
 0
 0
 0
 0
 0
 0
 0
 0
 0
 0
 0
 0
 0
 0
 0
 0
 0
 0
 0
 0
 0
 0
 0
 0
 0
 0
 0
 0
 0
 0
 0
 0
 0
 0
 0
 0
 0
 0
 0
 0
 0
 0
 0
 0
 0
 0
 0
 0
 0
 0
 0
 0
 0
 0
 0
 0
 0
 0
 0
 0
 0
 0
 0
 0
 0
 0
 0
 0
 0
 0
 0
 0
 0
 0
 0
 0
 0
 0
 0
 0
 0
 0
 0
 0
 0
 0
 0
 0
 109
 0
 0
 0
 0
 0
 0
 0
 0
 0
 0
 0
 0
 0
 0
 0
 0
 0
 0
 0
 10
 11
 0
 0
 0
 0
 0
 0
 0
 0
 0
 0
 0
 0
 0
 0
 0
 0
 0
 0
 0
 4
 0
 0
 0
 0
 0
 0
 0
 0
 0
 0
 0
 0
 0
 0
 0
 0
 0
 0
 9
 6
 0
 0
 0
 0
 0
 0
 0
 0
 0
 0
 0
 0
 0
 0
 0
 0
 0
 0
 4
 10
 7
 3
 11
 0
 0
 0
 0
 0
 0
 0
 0
 0
 0
 0
 0
 0
 0
 9
 12
 0
 4
 9
 2
 11
 11
 0
 0
 0
 0
 0
 0
 0
 0
 0
 0
 0
 0
 5
 3
 7
 12
 5
 12
 10
-1
