 130
 59
 0
 0
 0
 0
 0
 0
 0
 0
 0
 0
 0
 0
 0
 0
 0
 0
 61
 131
 132
 60
 0
 0
 0
 0
 0
 0
 0
 0
 0
 0
 0
 0
 0
 0
 0
 0
 62
 133
 61
 69
 60
 0
 0
 0
 0
 0
 0
 0
 0
 0
 0
 0
 0
 0
 0
 62
 69
 59
 0
 61
 69
 60
 0
 0
 0
 0
 0
 0
 0
 0
 0
 0
 0
 0
 62
 69
 59
 0
 0
 0
 61
 69
 60
 0
 0
 0
 0
 0
 0
 0
 0
 0
 0
 62
 69
 59
 0
 0
 0
 0
 0
 61
 69
 60
 0
 0
 0
 0
 0
 0
 0
 0
 62
 69
 59
 0
 0
 0
 0
 0
 0
 0
 61
 69
 60
 0
 0
 0
 0
 0
 0
 62
 69
 59
 0
 0
 0
 0
 0
 0
 0
 0
 0
 61
 69
 60
 0
 62
 60
 0
 62
 69
 59
 0
 0
 0
 0
 0
 0
 0
 0
 0
 0
 0
 61
 69
 60
 63
 59
 62
 69
 59
 0
 0
 0
 0
 0
 0
 0
 0
 0
 0
 0
 0
 0
 61
 69
 65
 66
 69
 59
 0
 0
 0
 0
 0
 0
 0
 0
 0
 0
 0
 0
 0
 62
 66
 64
 59
 61
 64
 62
 60
 0
 0
 0
 0
 0
 0
 0
 0
 0
 0
 0
 0
 61
 59
 63
 60
 0
 63
 65
 59
 0
 0
 0
 0
 0
 0
 0
 0
 0
 0
 0
 0
 0
 62
 69
 65
 66
 69
 60
 0
 0
 0
 0
 0
 0
 0
 0
 0
 0
 0
 0
 0
 62
 69
 59
 62
 64
 61
 69
 60
 0
 0
 0
 0
 0
 0
 0
 0
 0
 0
 0
 62
 69
 59
 0
 61
 59
 0
 61
 69
 60
 0
 0
 0
 0
 0
 0
 0
 0
 0
 62
 69
 59
 0
 0
 0
 0
 0
 0
 61
 69
 60
 0
 0
 0
 0
 0
 0
 0
 62
 69
 59
 0
 0
 0
 0
 0
 0
 0
 0
 61
 69
 60
 0
 0
 0
 0
 0
 62
 69
 59
 0
 0
 0
 0
 0
 0
 0
 0
 0
 0
 61
 69
 60
 0
 0
 0
 62
 69
 59
 0
 0
 0
 0
 0
 0
 0
 0
 0
 0
 0
 0
 61
 69
 60
 0
 62
 69
 59
 0
 0
 0
 0
 0
 0
 0
 0
 0
 0
 0
 0
 0
 0
 61
 69
 60
-1
