 141
 0
 0
 0
 0
 0
 0
 0
 0
 0
 0
 0
 0
 0
 0
 0
 0
 34
 19
 23
 0
 0
 0
 0
 0
 0
 0
 0
 0
 0
 0
 0
 0
 0
 0
 0
 0
 0
 0
 0
 0
 0
 0
 0
 0
 0
 0
 0
 0
 0
 0
 0
 0
 0
 0
 0
 0
 0
 0
 0
 0
 0
 0
 0
 0
 0
 0
 0
 0
 0
 0
 0
 0
 0
 0
 0
 0
 0
 0
 0
 0
 0
 0
 0
 0
 0
 0
 0
 0
 0
 0
 0
 0
 0
 0
 0
 0
 0
 0
 0
 0
 0
 0
 0
 0
 0
 0
 0
 0
 0
 0
 0
 0
 0
 0
 0
 0
 0
 0
 0
 0
 0
 0
 0
 0
 0
 0
 0
 0
 0
 0
 0
 0
 0
 0
 0
 0
 0
 0
 0
 0
 0
 0
 0
 0
 0
 0
 0
 0
 0
 0
 0
 0
 0
 0
 0
 0
 0
 0
 0
 0
 0
 0
 0
 0
 0
 0
 0
 0
 0
 0
 0
 0
 0
 0
 0
 0
 0
 0
 0
 0
 0
 0
 0
 0
 0
 0
 0
 0
 0
 0
 0
 0
 0
 0
 0
 0
 0
 0
 0
 0
 0
 0
 0
 0
 0
 0
 0
 0
 0
 0
 0
 0
 0
 0
 0
 0
 0
 0
 0
 0
 0
 0
 0
 0
 0
 0
 0
 0
 0
 33
 31
 0
 0
 0
 0
 0
 0
 0
 0
 0
 0
 0
 0
 0
 0
 0
 0
 0
 0
 154
 34
 19
 31
 0
 0
 0
 0
 0
 0
 31
 0
 0
 0
 0
 0
 0
 0
 0
 0
 0
 0
 0
 18
 0
 0
 0
 0
 33
 19
 18
 0
 33
 31
 0
 0
 0
 0
 0
 0
 0
 0
 0
 63
 150
 0
 0
 0
 18
 0
 20
 0
 18
 18
 0
 0
 0
 0
 0
 0
 0
 0
 33
 32
 0
 0
 0
 33
 23
 19
 34
 19
 32
 34
 19
 31
 0
 0
 0
 0
 0
 0
 152
 0
 0
 0
 0
 18
 0
 0
 31
 0
 0
 0
 0
 18
 0
 0
 0
 0
 0
 0
 0
 0
 0
 0
 0
 21
 22
 19
 32
 0
 0
 0
 0
 142
 0
 0
 0
 0
 0
 0
 0
 0
 0
 0
 33
 20
 34
 30
 31
 0
 0
 0
 0
 0
 0
 0
 0
 0
 0
 0
 0
 0
 0
 0
 34
 20
 0
 21
-1
