 11
 13
 4
 13
 8
 3
 8
 13
 8
 13
 3
 12
 9
 4
 5
 12
 6
 13
 2
 11
 11
 4
 4
 12
 4
 13
 0
 10
 12
 5
 1
 12
 1
 12
 1
 8
 13
 6
 1
 10
 1
 11
 1
 7
 13
 7
 0
 9
 1
 10
 1
 7
 14
 9
 0
 9
 0
 9
 4
 6
 13
 9
 1
 7
 1
 8
 5
 6
 13
 10
 3
 6
 1
 7
 5
 5
 12
 10
 4
 6
 2
 7
 6
 6
 11
 11
 4
 6
 3
 6
 9
 5
 9
 11
 6
 5
 4
 5
 11
 5
 8
 12
 8
 5
 7
 5
 12
 6
 6
 11
 10
 5
 8
 5
 13
 6
 4
 11
 10
 6
 9
 5
 14
 7
 2
 11
 11
 6
 10
 6
 13
 8
 2
 10
 12
 6
 12
 6
 14
 9
 1
 9
 14
 7
 14
 7
 14
 11
 1
 9
 15
 9
 15
 8
 14
 10
 1
 8
 15
 9
 14
 9
 13
 12
 2
 6
 14
 11
 15
 11
 11
 13
 3
 5
 13
 12
 13
 11
 9
 13
 5
 5
 11
 12
 11
 12
 8
 13
 6
 5
 9
 12
