 286
 115
 19
 286
 97
 19
 286
 79
 19
 83
 412
 106
 413
 105
 413
 105
 413
 105
 473
 115
 474
 115
 474
 115
 539
 146
 539
 146
 559
 190
 559
 190
 559
 190
 564
 243
 564
 243
 560
 272
 560
 272
 528
 283
 528
 284
 492
 271
 492
 271
 446
 241
 446
 241
 446
 241
 388
 230
 388
 230
 388
 230
 315
 232
 316
 232
 316
 232
 270
 238
 270
 238
 270
 238
 270
 238
 268
 266
 268
 267
 268
 267
 285
 290
 286
 290
 336
 319
 336
 319
 390
 346
 390
 346
 390
 346
 390
 346
 422
 367
 422
 368
 442
 403
 442
 403
 442
 403
 436
 423
 436
 423
 400
 448
 400
 448
 356
 457
 356
 457
 356
 457
 270
 428
 270
 428
 177
 380
 177
 380
 79
 323
 79
 323
 79
 323
 53
 261
 53
 261
 53
 261
 51
 201
 51
 201
 51
 201
 72
 163
 72
 163
 72
 163
 72
 163
 72
 163
 124
 123
 124
 123
 124
 123
 172
 110
 172
 110
 225
 107
 227
 107
 227
 107
 0
 0
