49 28 3 2 13 3 //最初の土管地帯の一個目からボーナス１
13 22 3 37 29 0 //ボーナスからの帰還
68 22 0 82 22 3 //土管ゾーン一個目の正解
134 30 3 2 7 2 //順路
78 20 3 82 5 0 //順路兼ボーナス
101 8 0 139 22 3 //順路ボナ出口
98 12 2 139 29 0 //ボーナス出口偽
142 30 3 2 7 2 //ボーナス出口偽から後ろへ
197 23 0 149 12 0 //順路
192 8 0 106 4 3 //一応順路亀駄目だった人
197 15 3 208 7 2 //順路最終防衛線
252 9 3 202 1 3 //最終ラウンドだっ!!
49 23 0 49 28 0 //土管地獄１上
52 26 3 49 22 3 //土管地獄２下
52 22 0 55 29 0 //土管地獄２上
55 29 3 58 27 0 //土管地獄３下
55 25 0 58 23 3 //土管地獄３上
58 24 0 64 27 0 //土管地獄４上 
58 27 3 17 28 3 //土管地獄４下
61 23 0 55 29 0 //土管地獄５上
61 28 3 52 26 0 //土管地獄５下
64 23 0 52 21 3 //土管地獄６上
64 27 3 61 22 3 //土管地獄６下
68 27 3 55 24 3 //土管地獄７下
71 25 3 49 28 0 //土管地獄８下
71 22 0 17 28 3 //土管地獄８上
52 14 3 49 15 0 //土管天国１
55 12 3 49 15 0 //土管天国２
58 11 3 49 15 0 //土管天国３
61 10 3 49 15 0 //土管天国４
64 9 3 49 15 0 //土管天国５
68 8 3 49 22 3 //土管天国６
71 6 3 17 28 3 //土管天国７
