PREPARE TO LAUNCH
 0
 0
 0
-2
-2
-2
-2
-2
-2
-2
-2
-2
-2
-2
-2
-2
-2
-2
-2
-2
-2
-2
 24
 24
 24
 24
 24
 24
 24
 24
 24
 24
 24
 24
-2
-2
-2
-2
-2
 24
-1
-1
-1
-1
 24
 24
-1
-1
-1
-1
 24
-2
-2
-2
-2
-2
 24
-1
-1
-1
-1
 24
 24
-1
-1
-1
-1
 24
-2
-2
-2
-2
-2
 24
-1
 7
 3
-1
 24
 24
-1
 15
-1
-1
 24
-2
-2
-2
-2
-2
 24
 24
 24
 24
-1
-1
-1
-1
 24
 24
 24
 24
-2
-2
-2
-2
-2
-2
-2
-2
 24
-1
-1
 0
-1
 24
-2
-2
-2
-2
-2
-2
-2
-2
-2
-2
-2
 24
 2
 24
 24
 2
 24
-2
-2
-2
-2
-2
-2
-2
-2
-2
-2
-2
 24
 24
 24
 24
 24
 24
-2
-2
-2
-2
-2
-2
-2
-2
-2
-2
-2
-2
-2
-2
-2
-2
-2
-2
-2
-2
-2
-2
-2
-2
-2
-2
-2
-2
-2
-2
-2
-2
-2
-2
-2
-2
-2
-2
-2
-2
-2
