ASTRONAUTS ABOARD
 2
 0
 0
-2
-2
-2
-2
-2
-2
-2
-2
-2
-2
-2
-2
 24
-2
-2
-2
-2
-2
-2
-2
-2
-2
-2
-2
-2
-2
-2
-2
 24
 24
 24
-2
-2
-2
-2
-2
 24
 24
 24
 24
-2
-2
-2
-2
-2
 24
-1
 24
-2
-2
-2
-2
-2
 24
-1
-1
 24
 24
 24
 24
 24
 24
 24
-1
 24
-2
-2
-2
-2
-2
 24
 24
 12
 0
-1
-1
-1
-1
-1
-1
-1
 24
-2
-2
-2
-2
-2
 24
-1
 2
 24
 24
 24
 24
 24
 24
 24
-1
 24
-2
-2
-2
-2
-2
 24
 13
 24
 24
-2
-2
-2
-2
-2
 24
-1
 24
-2
-2
-2
-2
-2
 24
 2
-1
 24
-2
-2
-2
-2
-2
 24
-1
 24
-2
-2
-2
-2
-2
 24
 24
-1
 24
-2
-2
-2
-2
 24
 24
-1
 24
 24
-2
-2
-2
-2
 24
 12
-1
 24
-2
-2
-2
-2
 24
 24
 24
 24
 24
-2
-2
-2
-2
 24
 24
 24
 24
-2
-2
-2
-2
 24
-2
-2
-2
 24
-2
-2
-2
