 2		 11		Level Two    The Green Plane
 2
 25
 1
 50
 12
 1
 150
 3
 1
 50
 9
 7
 0
 11
 24
 11
 60
 11
 120
 11
 150
 11
 190
 11
 250
 11
 2
 200
 9
 110
 1
 2
 150
 9
 250
 12
 1
 100
 5
 7
-8
 11
 52
 11
 116
 11
 175
 11
 225
 11
 270
 10
 270
 11
 2
 50
 1
 250
 12
 3
 50
 12
 80
 9
 75
 12
 2
 125
 10
 190
 5
 9
 10
 11
 30
 11
 65
 11
 105
 11
 140
 11
 180
 11
 225
 11
 265
 11
 280
 11
 0
 0
 0
 0
 0
 0
 0
 0
 0
 0
 0
 0
 3
 100
 3
 150
 0
 0
 2
 50
 4
 100
 2
 200
 0
 0
 0
 0
 0
 0
 8
 200
 0
 0
 0
 0
 3
 170
 1
 130
 4
 40
 4
 10
 4
 100
 4
 190
 7
 350
 3
-40
 3
-30
 8
 170
 6
 140
 8
-40
 4
 50
 2
 45
 2
 220
 3
 30
 3
 100
 3
 200
-1
-1
