 2		 8		Level Six    Columns of Asmothius
 2
 60
 1
 256
 8
 3
 128
 10
 80
 8
 270
 8
 3
 70
 8
 128
 10
 240
 8
 8
 128
 10
 0
 11
 50
 11
 100
 11
 130
 11
 160
 11
 200
 11
 256
 11
 3
 10
 10
 192
 10
 256
 8
 2
 10
 10
 286
 8
 4
 10
 10
 128
 8
 192
 10
 256
 8
 9
 10
 10
 192
 10
 0
 11
 30
 11
 70
 11
 120
 11
 160
 11
 220
 11
 270
 11
 1
 10
 10
 1
 10
 10
 1
 10
 10
 9
 10
 10
 192
 10
 0
 11
 30
 11
 70
 11
 120
 11
 160
 11
 220
 11
 270
 11
 4
 270
 0
 0
 0
 0
 3
 90
 5
 285
 0
 0
 2
 192
 0
 0
 0
 0
 2
 220
 0
 0
 0
 0
 3
 260
 0
 0
 0
 0
 5
 300
 0
 0
 0
 0
 4
 128
 2
 260
 0
 0
 0
 0
 0
 0
 0
 0
 0
 0
 0
 0
 0
 0
 0
 0
 0
 0
 0
 0
 6
 286
 0
 0
 0
 0
 2
 128
 0
 0
 0
 0
-1
-1
