 2		 2		Level Four    Crater Xltyqorai
 5
 50
 1
 80
 1
 140
 12
 190
 6
 256
 1
 3
 75
 1
 150
 1
 155
 1
 3
 35
 12
 128
 10
 180
 10
 10
 0
 2
 35
 2
 50
 2
 75
 2
 135
 2
 150
 2
 200
 2
 230
 2
 260
 2
 300
 2
 5
 50
 1
 80
 1
 140
 12
 190
 6
 256
 1
 7
 20
 12
 75
 12
 150
 1
 250
 12
 75
 5
 175
 5
 275
 5
 9
 0
 5
 35
 10
 50
 10
 75
 10
 135
 10
 150
 10
 200
 10
 230
 10
 260
 10
 10
 60
 10
 30
 10
 0
 2
 45
 2
 75
 2
 130
 2
 170
 2
 210
 2
 260
 2
 300
 2
 3
 50
 1
 80
 1
 140
 3
 5
 20
 12
 75
 12
 150
 1
 250
 12
 220
 8
 3
 50
 10
 100
 7
 196
 8
 8
 100
 6
 5
 2
 40
 2
 65
 2
 100
 2
 140
 2
 180
 2
 230
 2
 285
 2
 300
 2
 0
 0
 0
 0
 0
 0
 0
 0
 0
 0
 3
 100
 3
 50
 8
 150
 4
 150
 2
 210
 0
 0
 8
 100
 0
 0
 4
 75
 1
 165
 3
 165
 0
 0
 0
 0
 0
 0
 0
 0
 0
 0
 0
 0
 3
 50
 0
 0
 0
 0
 2
 10
 8
 55
 9
 0
 0
 0
 0
 0
 0
 0
 0
 0
 0
 0
 0
 0
 0
 0
 6
-50
 4
-10
 0
 0
 9
-300
 7
 400
 0
 0
 1
 0
 7
 400
 0
 0
 9
-250
 0
 0
-1
-1
