 1		 10		Level Three    The Corridors
 6
 1
 11
 62
 11
 92
 11
 128
 11
 192
 11
 256
 11
 1
 128
 9
 4
 4
 10
 64
 10
 192
 9
 256
 10
 4
 10
 8
 60
 8
 110
 8
 170
 8
 4
 7
 9
 64
 10
 128
 10
 256
 10
 4
 10
 8
 60
 8
 120
 8
 256
 8
 5
 0
 10
 64
 8
 128
 10
 192
 9
 256
 10
 2
 35
 8
 256
 8
 2
 0
 10
 192
 8
 1
 74
 9
 2
 170
 9
 240
 9
 4
 17
 8
 60
 8
 120
 8
 185
 8
 1
 10
 9
 2
 6
 9
 256
 8
 1
 10
 9
 4
 15
 8
 64
 8
 120
 8
 190
 8
 7
 5
 0
 0
 0
 0
 1
 50
 1
 50
 4
 256
 2
 160
 0
 0
 0
 0
 2
 256
 4
 7
 4
 15
 3
 196
 0
 0
 0
 0
 5
 85
 0
 0
 0
 0
 2
 250
 5
 260
 0
 0
 4
 196
 5
 120
 3
 40
 0
 0
 0
 0
 0
 0
 1
 50
 0
 0
 0
 0
 4
 0
 6
 196
 0
 0
 7
 0
 2
 160
 3
 50
-1
-1
