 1		 14		Level Five    Illusion
 14
 2
 14
 16
 14
 46
 14
 92
 14
 128
 14
 192
 14
 256
 14
 2
 8
 63
 8
 123
 8
 178
 10
 210
 10
 250
 10
 290
 10
 10
 2
 14
 46
 14
 92
 14
 128
 14
 192
 14
 256
 14
 64
 9
 90
 9
 128
 9
 170
 9
 8
 2
 14
 46
 14
 92
 14
 128
 14
 192
 14
 256
 14
 2
 9
 30
 9
 8
 2
 14
 46
 14
 92
 14
 128
 14
 192
 14
 256
 14
 0
 9
 290
 9
 8
 2
 14
 46
 14
 92
 14
 128
 14
 192
 14
 256
 14
 32
 9
 270
 9
 8
 2
 14
 46
 14
 92
 14
 128
 14
 192
 14
 256
 14
 10
 9
 270
 9
 8
 2
 14
 46
 14
 92
 14
 128
 14
 192
 14
 256
 14
 80
 9
 200
 9
 9
 2
 14
 44
 14
 90
 14
 126
 14
 190
 14
 252
 14
 100
 9
 120
 9
 135
 9
 7
 1
 14
 44
 14
 91
 14
 127
 14
 189
 14
 253
 14
 120
 9
 7
 1
 14
 44
 14
 91
 14
 127
 14
 189
 14
 253
 14
 140
 9
 6
 2
 14
 46
 14
 92
 14
 128
 14
 192
 14
 256
 14
 6
 2
 14
 46
 14
 92
 14
 128
 14
 192
 14
 256
 14
 6
 2
 14
 46
 14
 92
 14
 128
 14
 192
 14
 256
 14
 1
 1
 1
 1
 1
 1
 1
 1
 1
 7
 0
 3
 192
 0
 0
 7
 30
 3
 280
 0
 0
 2
 50
 2
 50
 2
 50
 9
 50
 0
 0
 0
 0
 0
 0
 0
 0
 0
 0
 0
 0
 0
 0
 0
 0
 1
 180
 0
 0
 0
 0
-1
-1
