 1		 6		Level One    Castle of Foes
 6
 1
 2
 62
 2
 92
 2
 128
 2
 192
 2
 256
 2
 4
 0
 1
 128
 5
 171
 5
 256
 1
 4
 0
 4
 64
 5
 128
 1
 256
 5
 5
 0
 9
 63
 9
 128
 1
 196
 1
 246
 9
 10
 0
 6
 32
 6
 68
 6
 132
 6
 192
 6
 250
 6
 0
 9
 64
 8
 196
 9
 256
 8
 7
 0
 7
 64
 7
 128
 7
 190
 7
 250
 7
 50
 8
 200
 8
 8
 0
 7
 64
 7
 128
 7
 190
 7
 250
 7
 32
 8
 140
 8
 256
 8
 6
 0
 7
 64
 7
 128
 7
 190
 7
 250
 7
 30
 8
 9
 0
 7
 64
 7
 128
 7
 190
 7
 250
 7
 118
 10
 10
 8
 74
 10
 182
 8
 6
 0
 7
 64
 7
 128
 7
 190
 7
 250
 7
 100
 8
 6
 0
 7
 64
 7
 128
 7
 190
 7
 250
 7
 206
 8
 9
 0
 7
 64
 7
 128
 7
 190
 7
 250
 7
 65
 8
 2
 10
 125
 10
 185
 9
 6
 0
 7
 64
 7
 128
 7
 190
 7
 250
 7
 0
 8
 8
 0
 7
 64
 7
 128
 7
 190
 7
 250
 7
 20
 8
 84
 8
 148
 8
 9
 0
 7
 64
 7
 128
 7
 190
 7
 250
 7
 4
 8
 250
 10
 190
 10
 128
 10
 7
 0
 7
 64
 7
 128
 7
 190
 7
 250
 7
 64
 9
 185
 9
 3
 250
 0
 0
 2
 4
 4
 55
 2
 200
 0
 0
 1
 26
 4
 127
 0
 0
 0
 0
 4
 20
 0
 0
 1
 5
 0
 0
 0
 0
 0
 0
 0
 0
 0
 0
 0
 0
 0
 0
 0
 0
 2
 50
 0
 0
 0
 0
 3
 10
 0
 0
 0
 0
 2
 45
 2
 60
 2
 90
 1
 5
 1
 15
 9
 350
 3
 330
 0
 0
 6
 290
-1
-1
