 1		 5		Level Seven  Dark Tower
 13
 0
 7
 64
 7
 128
 7
 190
 7
 250
 7
 192
 10
 256
 10
 1
 2
 62
 2
 92
 2
 128
 2
 192
 2
 256
 2
 6
 0
 7
 64
 7
 128
 7
 190
 7
 250
 7
 5
 5
 6
 0
 7
 64
 7
 128
 7
 190
 7
 250
 7
 40
 5
 6
 0
 7
 64
 7
 128
 7
 190
 7
 250
 7
 135
 5
 6
 0
 7
 64
 7
 128
 7
 190
 7
 250
 7
 67
 5
 6
 0
 7
 64
 7
 128
 7
 190
 7
 250
 7
 0
 5
 6
 0
 7
 64
 7
 128
 7
 190
 7
 250
 7
 70
 5
 6
 0
 7
 64
 7
 128
 7
 190
 7
 250
 7
 140
 5
 6
 0
 7
 64
 7
 128
 7
 190
 7
 250
 7
 128
 5
 6
 0
 7
 64
 7
 128
 7
 190
 7
 250
 7
 80
 5
 6
 0
 7
 64
 7
 128
 7
 190
 7
 250
 7
 10
 5
 6
 0
 7
 64
 7
 128
 7
 190
 7
 250
 7
 80
 5
 6
 0
 7
 64
 7
 128
 7
 190
 7
 250
 7
 140
 5
 6
 0
 7
 64
 7
 128
 7
 190
 7
 250
 7
 220
 5
 6
 0
 7
 64
 7
 128
 7
 190
 7
 250
 7
 230
 8
 5
 0
 7
 64
 7
 128
 7
 190
 7
 250
 7
 7
 0
 0
 0
 0
 0
 4
 20
 0
 0
 0
 0
 8
 90
 0
 0
 0
 0
 3
 100
 0
 0
 0
 0
 5
 130
 0
 0
 0
 0
 8
 100
 0
 0
 0
 0
 5
 10
 0
 0
 0
 0
 9
 0
 0
 0
 0
 0
 0
 0
 0
 0
 3
 170
 3
 270
 3
 280
 0
 0
 6
 310
 0
 0
 0
 0
-1
-1
