 6
 6
 6
 6
 6
 6
 6
 6
 6
 6
 6
 6
 4
 4
 4
 4
 19
 19
 19
 19
 17
 17
 17
 17
 4
 4
 4
 4
 4
 4
 4
 4
 4
 4
 4
 4
 4
 4
 17
 17
 19
 19
 6
 6
 6
 6
 6
 6
 17
 17
 17
 17
 17
 17
 17
 17
 17
 17
 17
 17
 4
 4
 4
 4
 4
 4
 19
 19
 19
 19
 3
 3
 3
 3
 3
 3
 3
 3
 3
 3
 3
 3
 4
 4
 4
 4
 4
 4
 4
 4
 4
 4
 17
 17
 17
 17
 6
 6
 6
 6
 6
 6
 6
 6
 6
 6
 6
 6
 6
 6
 6
 6
 19
 19
 19
 19
 17
 17
 17
 17
 19
 19
 19
 19
 19
 19
 19
 19
 19
 19
 19
 19
 17
 17
 17
 17
 17
 17
 6
 6
 6
 6
 6
 6
 3
 3
 3
 3
 3
 3
 3
 3
 3
 3
 3
 3
 3
 3
 4
 4
 4
 4
 4
 4
 17
 17
 17
 17
 6
 6
 6
 6
 3
 3
 3
 3
 6
 6
 6
 6
 4
 4
 4
 4
 19
 19
 19
 19
 17
 17
 17
 17
