UFO
 1
 4
 0
-2
-2
-2
-2
-2
-2
-2
-2
-2
-2
-2
-2
-2
-2
-2
-2
-2
-2
-2
-2
-2
-2
-2
-2
-2
-2
-2
-2
-2
-2
-2
-2
-2
-2
-2
-2
-2
-2
-2
-2
 24
-2
-2
-2
 24
-2
-2
-2
-2
-2
-2
-2
-2
-2
-2
-2
 24
 9
 24
 24
 24
 6
 24
-2
-2
-2
-2
-2
-2
-2
-2
-2
 24
 3
 6
 24
-1
 24
 12
-1
 24
-2
-2
-2
-2
-2
-2
-2
 24
 6
 5
 1
-1
-1
-1
 10
 1
 0
 24
-2
-2
-2
-2
-2
-2
-2
 24
 24
 13
 24
 13
 24
 1
 24
 24
-2
-2
-2
-2
-2
-2
-2
-2
-2
 24
 6
 24
 24
 24
 0
 24
-2
-2
-2
-2
-2
-2
-2
-2
-2
-2
-2
 24
-2
-2
-2
 24
-2
-2
-2
-2
-2
-2
-2
-2
-2
-2
-2
-2
-2
-2
-2
-2
-2
-2
-2
-2
-2
-2
-2
-2
-2
-2
-2
-2
-2
-2
-2
-2
-2
-2
-2
-2
-2
-2
-2
-2
-2
