DUST SAMPLE
 2
 0
 0
-2
-2
-2
-2
-2
-2
-2
-2
-2
-2
-2
-2
-2
-2
-2
-2
-2
-2
-2
-2
-2
-2
-2
-2
-2
-2
 24
 24
 24
 24
-2
-2
-2
-2
-2
-2
-2
-2
-2
-2
-2
-2
-2
 24
 0
 2
 24
-2
-2
-2
-2
-2
-2
-2
-2
 24
 24
 24
 24
 24
 24
 1
 7
 24
-2
-2
-2
-2
-2
-2
-2
-2
 24
-1
-1
-1
-1
-1
 4
 12
 24
-2
-2
-2
-2
-2
-2
-2
-2
 24
-1
-1
-1
 17
-1
 3
 11
 24
-2
-2
-2
-2
-2
-2
-2
-2
 24
-1
-1
 24
 24
 24
 24
 24
 24
-2
-2
-2
-2
-2
-2
-2
-2
 24
 1
 4
 24
 5
 24
-2
-2
-2
-2
-2
-2
-2
-2
-2
-2
-2
 24
 4
 2
 0
 2
 24
-2
-2
-2
-2
-2
-2
-2
-2
-2
-2
-2
 24
 24
 24
 24
 24
 24
-2
-2
-2
-2
-2
-2
-2
-2
-2
-2
-2
-2
-2
-2
-2
-2
-2
-2
-2
-2
-2
-2
-2
-2
-2
