CONTROLS
 2
 1
 5
-2
-2
-2
-2
-2
-2
-2
-2
-2
-2
-2
-2
-2
-2
-2
-2
-2
-2
-2
-2
 24
 24
 24
 24
 24
 24
 24
 24
 24
 24
-2
-2
-2
-2
-2
-2
-2
 24
 7
 2
-1
 17
 1
-1
-1
-1
 24
-2
-2
-2
-2
-2
-2
-2
 24
 24
 24
-1
 24
 24
-1
 24
-1
 24
-2
-2
-2
-2
-2
-2
-2
 24
-1
 17
 7
-1
-1
-1
 24
 14
 24
-2
-2
-2
-2
-2
-2
-2
 24
-1
-1
 24
-1
 24
 6
 24
 16
 24
-2
-2
-2
-2
-2
-2
-2
 24
 4
 3
 24
 2
 24
 16
 5
-1
 24
-2
-2
-2
-2
-2
-2
-2
 24
 24
 24
 24
 24
 24
 24
 24
 24
 24
-2
-2
-2
-2
-2
-2
-2
-2
-2
-2
-2
-2
-2
-2
-2
-2
-2
-2
-2
-2
-2
-2
-2
-2
-2
-2
-2
-2
-2
-2
-2
-2
-2
-2
-2
-2
-2
-2
-2
-2
-2
-2
-2
-2
-2
-2
-2
-2
-2
-2
-2
-2
-2
-2
-2
-2
