MAIN THRUSTERS ARE GO
 1
 4
 0
-2
-2
-2
-2
-2
-2
-2
-2
-2
-2
-2
-2
-2
-2
-2
-2
-2
-2
 24
 24
-2
-2
-2
-2
-2
-2
-2
-2
-2
-2
-2
 24
 24
-2
 24
 0
 9
 24
-2
-2
-2
-2
-2
-2
-2
-2
-2
 24
-1
-1
 24
 24
 11
 0
 24
-2
-2
-2
-2
-2
-2
-2
-2
-2
 24
 1
 5
 24
 24
 17
 1
 24
-2
-2
-2
-2
-2
-2
-2
-2
-2
 24
 14
 4
 24
 24
-1
 0
 24
-2
-2
-2
-2
-2
-2
-2
-2
-2
 24
 3
 3
 24
 24
 1
 11
 24
-2
-2
-2
-2
-2
-2
-2
-2
-2
 24
 17
 16
 24
 24
 9
 1
 24
-2
-2
-2
-2
-2
-2
-2
-2
-2
 24
 1
 2
 24
 24
 24
 24
 24
-2
-2
-2
-2
-2
-2
-2
-2
-2
 24
 24
 24
 24
-2
-2
-2
-2
-2
-2
-2
-2
-2
-2
-2
-2
-2
-2
-2
-2
-2
-2
-2
-2
-2
-2
-2
-2
-2
-2
-2
-2
-2
-2
-2
-2
-2
-2
-2
