EXTRATERRESTRIAL
 4
 0
 0
-2
-2
-2
-2
-2
-2
-2
-2
-2
-2
-2
-2
-2
-2
-2
-2
-2
-2
-2
-2
-2
-2
-2
-2
-2
-2
-2
-2
-2
-2
-2
-2
-2
-2
-2
-2
 24
 24
 24
 24
 24
 24
 24
 24
 24
 24
 24
 24
 24
-2
-2
-2
-2
 24
 12
 14
 5
 17
-1
 12
-1
-1
-1
-1
-1
 24
-2
-2
-2
-2
 24
 16
 24
 24
 24
 24
 24
 24
 2
 24
 24
 24
 24
-2
-2
-2
-2
 24
-1
 15
 24
-2
-2
-2
 24
 9
 24
-2
-2
-2
-2
-2
-2
-2
 24
 9
 24
 24
 24
-2
-2
 24
 0
 24
-2
-2
-2
-2
-2
-2
-2
 24
 7
-1
-1
 24
-2
-2
 24
 17
 24
-2
-2
-2
-2
-2
-2
-2
 24
 24
 24
 24
 24
-2
-2
 24
 24
 24
-2
-2
-2
-2
-2
-2
-2
-2
-2
-2
-2
-2
-2
-2
-2
-2
-2
-2
-2
-2
-2
-2
-2
-2
-2
-2
-2
-2
-2
-2
-2
-2
-2
-2
-2
-2
-2
-2
-2
-2
