ASTEROID
 2
 0
 0
-2
-2
-2
-2
-2
-2
-2
-2
-2
-2
-2
-2
-2
-2
-2
-2
-2
-2
-2
-2
-2
-2
 24
 24
 24
 24
 24
 24
 24
 24
-2
-2
-2
-2
-2
 24
 24
 24
 24
-1
-1
-1
-1
 0
-1
 7
 24
-2
-2
-2
-2
-2
 24
 2
-1
 24
-1
-1
-1
-1
 24
-1
 24
 24
 24
-2
-2
-2
-2
 24
 24
-1
-1
 0
-1
-1
-1
 24
-1
 9
-1
 24
-2
-2
-2
-2
-2
 24
 1
 17
 12
-1
 24
 15
-1
-1
 24
-1
 24
-2
-2
-2
-2
-2
 24
 24
 24
 2
-1
 24
 6
 24
 16
 24
-1
 24
-2
-2
-2
-2
-2
-2
-2
 24
 8
 6
-1
 24
-1
 24
 13
-1
 24
-2
-2
-2
-2
-2
-2
-2
 24
 24
 24
 24
 24
 24
 24
 24
 24
 24
-2
-2
-2
-2
-2
-2
-2
-2
-2
-2
-2
-2
-2
-2
-2
-2
-2
-2
-2
-2
-2
-2
-2
-2
-2
-2
-2
-2
-2
-2
-2
-2
-2
-2
-2
-2
-2
-2
