CARGO CANISTER
 2
 3
 0
-2
-2
-2
-2
-2
-2
-2
-2
-2
-2
-2
-2
-2
-2
-2
-2
-2
-2
-2
-2
-2
-2
 24
 24
 24
 24
 24
 24
 24
-2
-2
-2
-2
-2
-2
-2
-2
-2
-2
 24
-1
 1
-1
-1
 3
 24
-2
-2
-2
-2
-2
-2
-2
-2
-2
-2
 24
-1
 9
-1
 8
 12
 24
-2
-2
-2
-2
-2
-2
-2
-2
-2
-2
 24
-1
 2
 15
 15
 3
 24
-2
-2
-2
-2
-2
-2
-2
-2
-2
-2
 24
-1
 9
 12
 14
 5
 24
-2
-2
-2
-2
-2
-2
-2
-2
-2
-2
 24
 12
 6
 13
 14
 11
 24
-2
-2
-2
-2
-2
-2
-2
-2
-2
-2
 24
 1
 12
 0
 2
 10
 24
-2
-2
-2
-2
-2
-2
-2
-2
-2
-2
 24
 24
 24
 24
 24
 24
 24
-2
-2
-2
-2
-2
-2
-2
-2
-2
-2
-2
-2
-2
-2
-2
-2
-2
-2
-2
-2
-2
-2
-2
-2
-2
-2
-2
-2
-2
-2
-2
-2
-2
-2
-2
-2
-2
-2
-2
-2
