HORSE HEAD
 2
 4
 5
-2
-2
-2
-2
-2
-2
-2
 24
-2
-2
-2
-2
-2
-2
-2
-2
-2
-2
-2
-2
-2
-2
-2
 24
-1
 24
-2
-2
-2
-2
-2
-2
-2
-2
-2
-2
-2
-2
-2
 24
 5
-1
-1
 24
-2
-2
-2
-2
-2
-2
-2
-2
-2
-2
-2
 24
-1
 24
-1
-1
 4
 24
-2
-2
-2
-2
-2
-2
-2
-2
-2
 24
-1
-1
 13
-1
-1
 17
 3
 24
-2
-2
-2
-2
-2
-2
-2
 24
-1
 10
 24
 24
-1
 14
-1
 1
 24
-2
-2
-2
-2
-2
-2
-2
 24
 6
 24
-2
 24
 3
 6
-1
 6
 24
 24
-2
-2
-2
-2
-2
-2
-2
 24
-2
-2
-2
 24
 8
 5
 11
-1
-1
 24
 24
-2
-2
-2
-2
-2
-2
-2
-2
-2
-2
 24
 13
 2
-1
-1
-1
 24
-2
-2
-2
-2
-2
-2
-2
-2
-2
-2
-2
 24
 6
-1
-1
 24
-2
-2
-2
-2
-2
-2
-2
-2
-2
-2
-2
-2
-2
 24
 24
 24
-2
-2
-2
-2
-2
