PROBE
 1
 4
 0
-2
-2
 24
-2
 24
 24
 24
 24
 24
 24
 24
 24
-2
 24
-2
-2
-2
-2
-2
-2
 24
 5
-1
 24
-1
-1
 4
-1
-1
 24
-2
-2
-2
-2
-2
-2
-2
 24
 1
-1
-1
-1
 0
 24
 0
-1
 24
-2
-2
-2
-2
-2
-2
-2
 24
 24
-1
 24
-1
 24
 24
 24
-1
 24
-2
-2
-2
-2
-2
-2
-2
 24
-1
-1
 7
-1
-1
 24
-1
-1
 24
-2
-2
-2
-2
-2
-2
-2
 24
-1
-1
 24
 7
-1
 6
-1
-1
 24
-2
-2
-2
-2
-2
-2
-2
 24
-1
 24
 24
 24
-1
 24
-1
 24
 24
-2
-2
-2
-2
-2
-2
-2
 24
 8
-1
 24
-1
-1
-1
-1
-1
 24
-2
-2
-2
-2
-2
-2
-2
 24
 4
-1
-1
-1
-1
 24
 14
 15
 24
-2
-2
-2
-2
-2
-2
 24
-2
 24
 24
 24
 24
 24
 24
 24
 24
-2
 24
-2
-2
-2
-2
-2
-2
-2
-2
-2
-2
-2
-2
-2
-2
-2
-2
-2
-2
-2
-2
-2
