ESCAPE CAPSULE
 1
 4
 0
-2
-2
-2
-2
-2
-2
-2
-2
 24
-2
-2
-2
-2
-2
-2
-2
-2
-2
-2
-2
-2
-2
-2
-2
 24
 4
 24
-2
-2
-2
-2
-2
-2
-2
-2
-2
-2
-2
-2
-2
-2
 24
 1
 24
-2
-2
-2
-2
-2
-2
-2
-2
-2
-2
-2
-2
-2
-2
 24
 3
 24
-2
-2
-2
-2
-2
-2
-2
-2
-2
-2
-2
-2
-2
-2
 24
 13
 24
-2
-2
-2
-2
-2
-2
-2
-2
-2
-2
-2
-2
-2
 24
-1
 15
-1
 24
-2
-2
-2
-2
-2
-2
-2
-2
-2
-2
-2
 24
-1
 17
 6
 17
-1
 24
-2
-2
-2
-2
-2
-2
-2
-2
-2
-2
 24
 24
-1
 24
-1
 24
 24
-2
-2
-2
-2
-2
-2
-2
-2
-2
-2
 24
-1
-1
 24
-1
-1
 24
-2
-2
-2
-2
-2
-2
-2
-2
-2
 24
-1
-1
-1
 24
-1
-1
-1
 24
-2
-2
-2
-2
-2
-2
-2
-2
 24
 24
 24
 24
 24
 24
 24
 24
 24
-2
-2
-2
-2
-2
