 33
  0.5  
  0.0  
100
 62
  2
-1
  0.5  
  0.1  
156
 90
 14
-1
  0.5  
  0.1  
156
110
  3
-1
  0.75 
  0.013
 30
110
  1
 1
  0.75 
  0.011
 28
135
  3
 1
  0.752
  0.0  
  0
160
  2
 1
  0.751
  0.01 
190
 41
 10
 1
  0.751
  0.01 
188
 60
  3
 1
  4.14 
  0.02 
  0
 56
  5
 1
  4.1  
  0.09 
100
 50
  1
 1
  4.1  
  0.09 
100
115
  2
 1
  4.32 
  0.03 
  0
 63
  9
 1
  4.3  
  0.07 
500
210
 10
 1
  4.31 
  0.004
  1
400
 10
 1
  4.32 
  0.003
 50
400
 15
 1
  6.1  
  0.05 
140
 90
 15
-1
  6.3  
  0.01 
140
 50
  3
-1
  6.3  
  0.02 
270
 60
  2
-1
  9.02 
  0.02 
  0
 41
  3
-1
  9.0  
  0.06 
300
 61
  0
-1
  9.01 
  0.04 
300
 77
  5
-1
  9.02 
  0.02 
300
 91
  9
-1
  9.03 
  0.0  
300
106
  3
-1
 11.9  
  0.013
 30
110
  1
-1
 11.9  
  0.011
 28
135
  3
-1
 11.901
  0.01 
190
 41
 10
-1
 11.901
  0.01 
188
 60
  3
-1
 11.895
  0.014
  0
  0
  2
-1
 11.902
  0.0  
  0
170
  0
-1
 12.3  
  0.0  
 70
 42
  4
-1
 12.3  
  0.05 
140
 90
 15
-1
 14.86 
  0.01 
140
 50
  3
 1
 14.86 
  0.02 
270
 60
  2
 1
End
