 61
  0.19 
 200
  2.9  
 400
  3.6  
   0
  4.36 
 200
  4.8  
 400
  5.5  
   0
  6.22 
 200
  7.9  
 400
  8.6  
   0
  9.33 
 200
 10.4  
 400
 11.1  
   0
 11.82 
 200
 13.5  
 400
 14.2  
2003
 14.92 
 200
 16.2  
 400
 16.8  
   0
 17.4  
   0
 18.05 
   0
 18.65 
 200
 19.1  
 400
 19.8  
   0
 20.51 
 200
 21.13 
 200
 21.6  
 400
 22.3  
   0
 23.0  
   0
 24.1  
   0
 24.86 
   0
 25.6  
   0
 26.1  
   0
 26.72 
   0
 27.3  
   0
 27.96 
 200
 28.4  
 400
 29.1  
   0
 29.83 
   0
 30.9  
   0
 31.69 
 200
 36.5  
 400
 37.2  
   0
 37.91 
   0
 38.53 
   0
 39.1  
   0
 39.77 
 200
 40.2  
 400
 40.9  
   0
 41.63 
 200
 42.1  
 400
 42.8  
   0
 43.5  
 200
 44.6  
 400
 45.3  
   0
 45.99 
 200
 47.7  
 400
 48.4  
   0
 49.09 
 200
 49.7  
 400
 50.4  
   0
 50.95 
 500
End
