67
0.28
0.03
32
64
10
1
0.35
0.03
36
16
2
-1
0.352
0.026
1
64
9
-1
0.35
0.03
36
44
7
-1
0.35
0.03
36
66
0
-1
0.55
0.1
32
96
10
-1
0.7
0.09
64
96
15
-1
0.81
0.08
64
96
10
-1
1.12
0.04
32
56
15
1
1.12
0.039
32
124
1
1
1.12
0.038
32
140
3
1
1.13
0.02
32
64
15
-1
1.20
0.05
64
64
11
1
1.8
0.06
64
64
15
-1
4.06
0.04
32
64
2
1
4.21
0.03
32
64
2
1
4.96
0.02
16
32
1
-1
5.35
0.03
16
64
1
-1
5.51
0.03
16
64
10
-1
6.41
0.05
64
64
10
1
6.7
0.03
32
64
11
1
8.2
0.2
32
64
11
-1
8.2
0.2
32
64
15
1
8.52
0.01
16
32
2
-1
8.521
0.02
32
64
15
1
9
0.02
32
64
11
-1
9.07
0.03
32
64
11
1
9.75
0.04
32
64
11
1
9.92
0.02
16
32
1
-1
9.95
0.03
32
64
15
1
11.18
0.02
16
32
11
1
11.3
0.2
64
64
15
1
11.4
0.3
16
32
15
-1
11.55
0.01
8
256
15
1
11.6
0.15
32
64
11
1
11.65
0.01
8
256
15
1
11.7
0.01
8
256
15
1
11.75
0.01
8
256
15
1
11.85
0.2
32
32
15
-1
11.86
0.2
32
64
15
-1
11.9
0.02
8
256
15
-1
11.95
0.02
8
256
15
1
11.99
0.04
32
56
15
1
11.99
0.039
32
124
1
1
11.99
0.038
32
140
3
1
13.05
0.05
32
64
15
1
13.15
0.01
8
256
15
1
13.75
0.01
16
32
15
-1
14.1
0.05
32
64
10
-1
14.2
0.03
32
64
15
-1
14.4
0.05
32
64
10
1
14.5
0.05
32
64
10
1
14.75
0.05
32
64
15
1
14.9
0.2
32
64
11
1
15
0.2
32
64
15
-1
15.1
0.2
32
64
15
1
15.4
0.2
32
64
11
-1
15.55
0.05
32
64
15
1
15.6
0.3
32
96
15
-1
15.61
0.1
32
64
10
1
15.8
0.03
16
28
15
1
15.8
0.03
16
64
1
1
15.8
0.03
16
72
3
1
16
0.1
32
64
1
-1
16.2
0.1
32
64
10
1
16.4
0.08
32
96
15
1
16.49
0.03
16
32
10
1
End
