 41
 18
  0
  0.000
1414
120120
  0.600
1408
120085
  0.700
0808
074075
  1.250
0909
120120
  1.300
0808
056054
  1.500
1010
120120
  1.550
1313
120120
  1.800
1113
120120
  2.000
0808
053063
  3.300
0813
064120
  3.500
1313
120120
  3.800
0808
065075
  3.900
0202
120120
  4.300
0808
075085
  5.500
1313
120120
  5.800
1308
120084
  6.000
1313
120120
  6.300
1308
120120
  6.600
0213
074120
  7.200
0808
066074
  7.700
0513
120120
  8.300
0808
065074
  8.500
0811
075120
  8.700
1313
120120
  9.000
1308
120064
 10.000
1313
064120
 10.300
1309
064120
 10.500
0808
063074
 11.400
1515
120120
 11.700
0215
120120
 11.900
0808
044041
 12.200
0713
120120
 12.500
1313
120120
 13.000
1315
099120
 13.200
1212
120120
 13.250
1313
120120
 14.200
0808
076065
 16.000
0211
120120
 16.300
0909
120120
 16.350
1414
120120
 16.600
1411
120120
End
