 108
 12
 14
 12
 0
 0
 0
 0
 0
 0
 0
 0
 0
 0
 0
 0
 0
 0
 0
 18
 11
 16
 11
 19
 14
 12
 0
 0
 0
 0
 0
 0
 0
 0
 0
 0
 0
 0
 0
 15
 20
 14
 13
 18
 16
 13
 0
 0
 0
 0
 0
 0
 0
 0
 0
 0
 0
 0
 0
 0
 16
 13
 14
 16
 12
 0
 0
 0
 0
 0
 0
 0
 0
 0
 0
 0
 0
 14
 17
 113
 0
 0
 18
 17
 19
 0
 0
 0
 0
 0
 0
 0
 0
 0
 0
 0
 0
 20
 18
 12
 0
 0
 29
 13
 112
 0
 0
 0
 0
 0
 0
 0
 0
 0
 0
 0
 0
 15
 19
 30
 0
 0
 0
 0
 116
 12
 0
 0
 0
 0
 0
 0
 0
 0
 0
 0
 0
 0
 15
 13
 0
 0
 0
 0
 15
 13
 0
 0
 0
 0
 0
 0
 0
 0
 0
 0
 0
 0
 0
 0
 0
 0
 0
 0
 0
 0
 0
 0
 0
 0
 0
 0
 0
 0
 0
 0
 0
 0
 0
 0
 0
 0
 0
 0
 0
 0
 0
 0
 0
 0
 0
 0
 0
 0
 0
 0
 0
 0
 0
 0
 0
 0
 0
 0
 0
 0
 0
 0
 0
 0
 0
 0
 0
 0
 0
 0
 0
 0
 0
 0
 0
 0
 0
 0
 0
 0
 0
 0
 0
 0
 0
 0
 0
 0
 0
 0
 0
 0
 0
 0
 0
 0
 0
 0
 0
 0
 0
 0
 0
 0
 0
 0
 0
 0
 0
 0
 0
 0
 0
 0
 0
 0
 0
 0
 0
 0
 0
 0
 0
 0
 0
 0
 0
 0
 0
 0
 0
 0
 0
 0
 0
 0
 0
 0
 0
 0
 0
 0
 0
 0
 0
 0
 0
 0
 0
 0
 0
 0
 0
 0
 0
 0
 0
 0
 0
 0
 0
 0
 0
 0
 0
 0
 0
 0
 0
 0
 0
 0
 0
 0
 0
 0
 0
 0
 0
 0
 0
 0
 0
 0
 0
 0
 0
 0
 0
 0
 0
 0
 0
 0
 14
 21
 12
 0
 0
 0
 0
 0
 0
 0
 0
 0
 0
 0
 0
 0
 0
 0
 0
 0
 15
 17
 13
 0
 0
 0
 0
 0
 0
 0
 0
 0
 0
 0
 0
 0
 0
 0
 0
 0
 17
 13
 0
 0
 0
 0
 0
 0
 0
 0
 0
 0
 0
 0
 0
 0
 0
 0
 0
 14
-1
