 156
 0
 0
 0
 34
 32
 0
 0
 0
 0
 0
 0
 18
 21
 32
 0
 34
 23
 30
 32
 18
 0
 0
 0
 0
 0
 0
 0
 33
 31
 0
 33
 32
 18
 0
 0
 33
 22
 20
 0
 21
 31
 0
 0
 0
 0
 0
 0
 34
 23
 22
 32
 33
 23
 22
 31
 34
 32
 34
 31
 32
 18
 0
 0
 0
 0
 0
 0
 0
 33
 32
 33
 20
 0
 34
 24
 31
 0
 0
 34
 30
 24
 31
 0
 0
 0
 0
 0
 0
 18
 25
 34
 32
 0
 0
 34
 32
 0
 0
 33
 32
 21
 23
 31
 0
 0
 0
 33
 19
 32
 54
 0
 0
 0
 0
 0
 0
 0
 0
 34
 33
 32
 0
 21
 31
 0
 0
 18
 33
 31
 0
 0
 0
 0
 0
 0
 0
 0
 0
 0
 23
 31
 0
 34
 32
 0
 0
 18
 21
 32
 0
 0
 0
 0
 33
 31
 0
 0
 33
 19
 0
 18
 0
 0
 0
 0
 0
 157
 54
 0
 0
 0
 0
 0
 34
 20
 33
 22
 32
 0
 33
 24
 31
 0
 0
 33
 30
 19
 23
 31
 0
 0
 0
 0
 0
 34
 20
 18
 0
 0
 34
 23
 32
 0
 0
 34
 32
 0
 33
 20
 0
 0
 0
 0
 0
 33
 32
 21
 31
 31
 31
 0
 0
 0
 0
 0
 0
 0
 34
 32
 0
 0
 0
 0
 158
 20
 69
 34
 32
 33
 32
 0
 0
 0
 0
 33
 31
 0
 0
 0
 0
 0
 0
 0
 0
 18
 0
 33
 31
 21
 0
 0
 0
 33
 30
 23
 32
 0
 0
 0
 0
 0
 0
 33
 31
 21
 31
 34
 23
 20
 22
 31
 33
 24
 32
 0
 0
 0
 0
 0
 0
 0
 0
 34
 20
 34
 32
 0
 0
 34
 18
 34
 23
 32
 0
 0
 0
 0
 0
 0
 0
 33
 22
 31
 21
 19
 22
 31
 0
 0
 34
 31
 0
 0
 0
 0
 0
 0
 0
 0
 0
 34
 32
 34
 32
 0
 34
 23
 31
 0
 30
 24
 31
 0
 0
 0
 0
 0
 0
 0
 0
 0
 0
 0
 33
 19
 31
 0
 21
 19
 18
 18
 21
 31
 33
 31
 0
 0
 0
 0
 0
 0
 33
 19
 32
 31
 34
 19
 32
 0
 20
 34
 32
 34
 20
 18
 0
 0
 0
 0
 0
 0
 21
 30
 31
 0
 33
 31
 0
 33
-1
