 129
 0
 0
 0
 0
 0
 0
 0
 0
 0
 0
 45
 46
 52
 134
 45
 47
 0
 0
 0
 0
 0
 0
 0
 0
 0
 0
 0
 0
 0
 0
 0
 0
 133
 49
 46
 50
 0
 0
 0
 0
 0
 0
 0
 0
 0
 0
 0
 0
 0
 0
 0
 49
 51
 52
 0
 0
 0
 0
 0
 0
 0
 0
 0
 0
 0
 0
 0
 0
 0
 49
 46
 50
 0
 44
 0
 0
 0
 0
 0
 0
 0
 0
 0
 0
 0
 0
 0
 0
 0
 45
 47
 0
 49
 50
 0
 0
 0
 0
 0
 0
 0
 0
 0
 0
 0
 0
 0
 0
 0
 0
 45
 46
 51
 47
 0
 0
 0
 0
 0
 0
 0
 0
 0
 0
 0
 0
 0
 0
 0
 0
 0
 0
 0
 44
 0
 0
 0
 0
 0
 0
 0
 0
 0
 0
 0
 0
 0
 0
 0
 0
 0
 49
 46
 50
 0
 0
 0
 0
 0
 0
 0
 0
 0
 0
 0
 0
 0
 0
 0
 0
 0
 48
 0
 0
 0
 0
 0
 0
 0
 0
 0
 0
 0
 0
 0
 0
 0
 0
 0
 0
 0
 45
 47
 0
 0
 0
 0
 0
 0
 0
 0
 0
 0
 0
 0
 0
 0
 0
 0
 0
 0
 0
 44
 0
 0
 0
 0
 0
 0
 0
 0
 0
 0
 0
 0
 0
 0
 0
 0
 0
 0
 0
 45
 46
 47
 0
 0
 0
 0
 0
 0
 0
 0
 0
 0
 0
 0
 0
 0
 0
 0
 0
 0
 0
 45
 47
 0
 0
 0
 0
 0
 0
 0
 0
 0
 0
 0
 0
 0
 0
 0
 0
 0
 0
 0
 44
 0
 0
 0
 0
 0
 0
 0
 0
 0
 0
 0
 0
 0
 0
 0
 0
 0
 0
 130
 39
 0
 0
 0
 0
 0
 0
 0
 0
 0
 0
 0
 0
 0
 0
 0
 0
 0
 0
 0
 42
 43
 0
 0
 0
 0
 0
 0
 0
 0
 0
 0
 132
 0
 0
 0
 0
 0
 0
 0
 0
 45
 46
 47
 0
 0
 0
 0
 0
 0
 0
 0
 44
 0
 0
 0
 0
 0
 0
 0
 0
 0
 0
 48
 47
 0
 0
 0
 0
 0
 0
 0
 45
 47
 0
 0
 0
 0
 0
 0
 0
 0
 0
 45
 44
 0
 0
 0
 0
 0
 0
 0
 0
 45
 46
 47
 0
 49
 46
 47
 0
 0
 0
 0
-1
