 161
 54
 60
 0
 0
 55
 59
 56
 0
 0
 0
 0
 0
 0
 0
 54
 57
 54
 57
 0
 59
 56
 66
 0
 54
 57
 0
 0
 0
 0
 0
 0
 0
 0
 0
 66
 55
 60
 55
 58
 0
 54
 59
 57
 66
 66
 0
 0
 0
 0
 0
 0
 0
 0
 0
 66
 0
 55
 57
 66
 0
 66
 0
 55
 56
 55
 57
 0
 0
 0
 0
 0
 0
 0
 0
 55
 57
 54
 59
 56
 54
 56
 0
 0
 0
 0
 66
 0
 0
 0
 0
 0
 0
 0
 0
 0
 55
 56
 0
 0
 66
 54
 57
 0
 0
 54
 60
 0
 0
 0
 0
 0
 0
 0
 0
 0
 0
 0
 0
 0
 55
 61
 56
 0
 0
 55
 56
 0
 0
 0
 0
 0
 0
 0
 0
 0
 0
 0
 0
 0
 0
 55
 57
 0
 0
 0
 0
 0
 0
 0
 0
 0
 0
 0
 0
 0
 0
 0
 0
 0
 162
 54
 60
 0
 0
 0
 0
 0
 0
 0
 0
 0
 0
 0
 0
 0
 0
 0
 0
 0
 55
 56
 66
 0
 0
 0
 0
 0
 0
 0
 0
 0
 0
 0
 0
 0
 0
 0
 0
 0
 0
 54
 59
 57
 0
 0
 0
 0
 0
 0
 0
 0
 0
 0
 0
 0
 0
 0
 0
 0
 0
 55
 57
 66
 0
 0
 0
 0
 0
 0
 0
 0
 0
 0
 0
 0
 0
 0
 0
 0
 0
 0
 55
 56
 0
 0
 0
 0
 0
 0
 0
 0
 0
 0
 0
 0
 0
 0
 0
 0
 0
 0
 0
 0
 0
 0
 0
 0
 0
 0
 0
 0
 0
 0
 0
 0
 0
 0
 0
 0
 0
 0
 0
 0
 0
 54
 57
 0
 0
 0
 0
 0
 0
 0
 0
 0
 0
 0
 0
 0
 0
 0
 0
 0
 0
 66
 55
 57
 0
 0
 0
 0
 0
 0
 0
 0
 0
 0
 0
 0
 0
 54
 64
 0
 54
 56
 0
 66
 54
 57
 0
 0
 0
 0
 0
 0
 0
 0
 0
 0
 0
 54
 64
 0
 66
 0
 0
 55
 61
 60
 0
 0
 0
 0
 0
 0
 0
 0
 0
 0
 0
 66
 54
 58
 60
 0
 0
 64
 59
 56
 0
 0
 0
 0
 0
 0
 0
 0
 0
 0
 0
 55
 60
 55
 59
 57
 54
 57
 0
 0
 0
 0
 0
 0
 0
 0
 0
 0
 0
 0
-1
