37,24
"Teile.dmm"
 2  2  2  2  2  2  2  2  2  2  2  2  2  2  2  2  2  2  2  2  2  2  2  2  2  2  2  2  2  2  2  2  2  2  2  2  2 
 2  2  2  2  2  2  1  1  1  2  2  2  2  2  2  2  2  2  2  2  2  2  2  2  2  2  2  2  2  11  1  2  2  2  2  2  2 
 2  2  2  2  2  2  1  2  1  1  1  2  2  2  2  2  2  2  2  2  2  2  2  2  2  2  2  2  2  1  1  2  2  2  2  2  2 
 2  2  2  2  2  2  1  2  2  1  1  2  2  2  2  2  2  2  2  2  2  2  2  2  2  2  2  2  2  2  1  1  2  2  2  2  2 
 2  2  2  2  1  1  1  1  1  2  2  2  2  2  2  2  2  2  2  2  2  2  2  2  2  2  2  2  2  2  2  1  2  2  2  2  2 
 2  2  2  2 /o 3  2  2  2 /o 3  2  2  2  2  2  2  2  2  2  2  2  2  2  2  2  2  2  2  2  2  2  2  1  1  2  2  2  2 
/u 6  2  2 /r 8  1  2  1  1  1  2  2  2  2  2  2  2  2  2  2  2  2  2  2  2  2  2  2  2  2  2  2  1  1  2  2  2  2 
 23  1  1  1  1  1  2  1  1  2  2  2  2  2  2  2  2  2  2  2  2  2  2  2  2  2  2  2  2  1  2 /o 3  2  2  2  2  2 
 2  2  2  1  1  2  2  1  2  2  2  2  2  2  2  2  2  2  2  2  2  2  2  2  2  2  2  2  2  1  2  13  2  2  2  2  2 
 2  2  2  2  2  2  2  1  2  2  2  2  2  2  2  2  2  2  2  2  2  2  2  2  2  2  2  2  2  1  1  1  2  2  2  2  2 
 2  2  2  2  2  2  2  1  2  1  2  2  1  1  11  2  2  2  2  2  2  2  2  2  2  2  2  2  1  1  2  1  2  2  2  2  2 
 2  2  2  2  2  2  2  1  1  1 /l 3  13  1  1  1  1  1  1  2  2  2  2  2  2  2  2  2  2  1  23  2  13  2  2  2  2  2 
 2  2  2  2  2  2  2  2  2  1  2  2  1  1  1  2  2  1  2  2  2  2  2  2  2  2  2  2 /o 3  2  1  1  1  2  23  2  2 
 2  2  2  2  2  2  2  2  2  2  2  2  2  2  2  2  2  1  2  2  2  2  2  2  2  2  2 /r 8  1  2  2 /o 3  2  1  1  1  2 
 2  2  2  2  2  2  2  2  2  2  2  2  2  2  2  2  2  1  2  2  2  2  2  2  2  1  1  1  2  2  1  1  1  2  1  2  2 
 2  2  2  2  2  2  2  2  2  2  2  2  2  2  2  1  1  1  1  1  1  1  1  1  1  1  2  2  1  2  23  1  1  2 /u 10  2  2 
 2  2  2  2  2  2  2  2  2  2  2  2  2  2  2  1  2 /o 3  2  2  2  2  2  2  2  2  2  2  1  1  2  1  2  1  1  2  2 
 2  2  2  2  2  2  2  2  2  2  2  2  2  2  2  1  2  1  1  1  1  1  1  1  1  13 /l 3  1 /r 6  1  1  1  1  1  2  2  2 
 2  2  2  2  2  2  2  2  2  2  2  2  2  2  2  1  2  1  1  2  2  2  2  1  1 /u 8  2  2  2  2  2 /o 3  2  2  2  2  2 
 2  2  2  2  2  2  2  2  2  2  2  2  2  2  2  1  2  1  24  2  2  1  2  1  2  2  1  1  1  1  1  1  2  2  2  2  2 
 2  2  2  2  2  2  2  2  2  2  2  2  2  2  1  1  1  2  2  2  1  1  2  1  1  1  1  2  2  2  2  2  2  2  2  2  2 
 2  2  2  2  2  2  2  2  2  2  2  2  2  2  1  1  1  1  1  1  1  2  2  2  2  2  2  2  2  2  2  2  2  2  2  2  2 
 2  2  2  2  2  2  2  2  2  2  2  2  2  2  1  1  1  2  2  2  2  2  2  2  2  2  2  2  2  2  2  2  2  2  2  2  2 
 2  2  2  2  2  2  2  2  2  2  2  2  2  2  2  2  2  2  2  2  2  2  2  2  2  2  2  2  2  2  2  2  2  2  2  2  2 
