20,20
"Teile.dmm"
 2  2  2  2  2  2  2  2  2  2  2  2  2  2  2  2  2  2  2  2 
 2  1  1  1  2  2  2  2  2 /r 6  1 /r 3 /r 8  1  1  1  1  1  1  2 
 2  1  2  1  2  2  2  2  2  2  2  2  2  2  2  2  2  2  1  2 
 2  1  2  1  2  2  1  2  2  2  2  2  2  2  2  2  1  1  1  2 
 2  1  2  24  2  2  1  1  1  1  1  1  1  1  2  2  1  2  2  2 
 2  1  2 /o 3  2  2  2  2  2  2  2  2  2  1  1  2  1  1  1  2 
 2  1  2 /o 8  2  2  2  2  23  1  1  2  2  2  1  2  2  2  1  2 
 2 /5 0  2  1  1 /l 6  2  2 /1 0  5  1  4  1  2  1  2  2  2  1  2 
 2  1  2  2  2  2  2  2  1  1  1  2  1  2  1  1  1  1  1  2 
 2  1  2  2  2  2  2  2  2 /o 3  2  2  1  4  24  2  2  2  2  2 
 2  1  2  2  2  2  2  1 /4 0 /u 9  2  2  1  2  1  2  2  2  2  2 
 2  1  2  2  2  2  2  1  2  2  2  2  7  2  7  2  2  2  2  2 
 2  1  2  2  2  1  1  1  2  2  2  2  1  2  1  2  2  2 /3 0  2 
 2  1  2  2  2  1  2  2  2  2  2  2  1  2  1  2  2  2  1  2 
 2  1  2  11  1  1  2  2  2  2  2  2  1  4  1  2  2  2  1  2 
 2  1  2  1  2  2  2  2  2  2  2  2  1  2  1  2  2  2  1  2 
 2  15  2  1  2  2  2  2  2  2  2  2  7  2  7  2  2  2  1  2 
 2  1  2  1  2  2 /2 0  1  1  1  1 /r 3  1  2  1 /l 3  1  1  1  2 
 2  1  1  1  2  2  2  2  2  2  2  2 /o 10  7 /u 10  2  2  2  2  2 
 2  2  2  2  2  2  2  2  2  2  2  2  2  2  2  2  2  2  2  2 
