Expert Lvl Insane

160
4267
1
0
1
0
5267
2
0
1
1
6267
2
0
1
8
6267
1
0
1
2
8267
3
1
1
3
9267
0
1
1
2
10267
2
0
1
1
10767
1
0
1
0
11767
0
1
1
2
13267
2
1
1
1
13267
2
0
1
1
14267
1
0
1
1
14767
2
0
1
0
15267
1
0
1
1
15767
2
0
1
0
16267
1
0
1
1
17267
2
2
1
8
18267
1
0
1
8
18767
3
1
1
5
18767
2
0
1
5
19767
3
1
1
6
19767
2
0
1
6
21267
0
2
1
4
22267
1
0
1
1
22767
0
1
1
2
23267
2
0
1
1
23767
3
1
1
3
24267
0
1
1
2
25267
2
0
1
0
26267
2
0
1
1
26767
3
1
1
3
28267
0
2
1
8
28267
2
0
1
8
28267
1
1
1
8
29267
2
0
1
1
30267
2
0
1
8
30267
1
0
1
8
30767
1
0
1
8
30767
2
0
1
8
31267
1
0
1
8
31267
2
0
1
8
31767
2
0
1
8
31767
1
0
1
8
32267
3
0
1
1
33267
0
1
1
2
34267
3
1
1
3
34767
0
1
1
2
35267
3
1
1
3
35767
0
2
1
2
36767
0
0
1
1
37267
2
0
1
1
37767
0
0
1
1
38267
2
0
1
1
38767
3
1
1
0
39267
0
1
1
2
40267
2
2
1
1
40267
2
0
1
1
40267
2
1
1
1
41267
1
0
1
1
42267
2
0
1
0
42767
2
0
1
8
42767
2
2
1
1
43767
1
2
1
0
44767
2
2
1
0
45267
1
0
1
3
45267
2
0
1
3
46267
2
0
1
8
46767
3
1
1
5
47267
1
0
1
8
47767
0
1
1
4
48267
0
1
1
1
49267
3
1
1
1
50267
1
0
1
0
50767
2
0
1
1
51767
1
0
1
0
52767
2
0
1
1
53267
1
0
1
0
54267
1
0
1
8
54392
2
0
1
8
54767
1
0
1
8
54892
2
0
1
8
55267
1
0
1
8
55392
2
0
1
8
55767
1
0
1
8
55892
2
0
1
8
56267
2
0
1
1
56282
2
0
1
1
57267
2
0
1
0
58267
2
0
1
1
58767
2
0
1
0
59767
1
0
1
1
60767
1
0
1
0
61267
2
0
1
1
62267
0
0
1
1
62767
1
0
1
0
63267
2
0
1
1
63767
3
0
1
0
64267
1
0
1
1
65267
2
0
1
1
66267
1
0
1
1
66767
2
0
1
1
67767
1
1
1
4
67767
0
2
1
4
72267
0
0
1
1
72767
1
0
1
0
73267
2
0
1
1
73767
3
0
1
0
74267
2
0
1
1
74767
1
0
1
0
75267
0
0
1
1
75767
1
0
1
0
76267
2
0
1
1
76767
3
0
1
0
77267
2
0
1
1
77767
1
0
1
0
78767
2
1
1
0
78767
2
0
1
0
78767
3
2
1
5
80267
3
1
1
8
80267
3
0
1
8
80767
2
0
1
8
80767
2
1
1
8
81267
1
1
1
8
81267
1
0
1
8
81767
0
0
1
8
81767
0
1
1
8
82267
1
1
1
8
82267
1
0
1
8
82767
2
0
1
8
82767
2
1
1
8
83267
3
0
1
1
83767
2
0
1
0
84267
1
0
1
1
84767
0
1
1
0
84767
0
0
1
0
85267
1
0
1
1
85767
2
0
1
0
86767
3
0
1
1
86767
3
1
1
1
88267
1
0
1
8
88517
2
0
1
8
88767
1
0
1
8
89017
2
0
1
8
89267
1
0
1
8
89517
2
0
1
8
89767
1
0
1
8
90017
2
0
1
8
90267
1
0
1
8
90517
3
0
1
8
90767
2
0
1
8
91017
3
0
1
8
91267
1
0
1
8
91517
2
0
1
8
91767
1
0
1
8
92017
2
0
1
8
92267
3
0
1
8
92517
2
0
1
8
92767
3
0
1
8
93017
2
0
1
8
93267
3
0
1
8
93517
1
0
1
8
93767
2
0
1
8
94017
1
0
1
8
94267
2
0
1
8
94517
0
0
1
8
94767
1
0
1
8
95017
0
0
1
8
95267
1
0
1
8
95517
2
0
1
8
96267
2
0
1
8
96267
1
0
1
8
97267
0
1
1
8
97267
0
0
1
8
98267
3
0
1
1
98267
3
1
1
1
99267
2
1
1
0
99267
2
0
1
0
100267
1
1
1
1
100267
1
0
1
1
101267
0
1
1
0
101267
0
0
1
0
102267
1
0
1
8
102267
0
0
1
8
102267
2
0
1
8
104267
2
1
1
5
104267
1
0
1
5
104267
3
2
1
5
108267
0
2
1
4
108267
1
1
1
4
108267
2
0
1
4
112267
1
0
1
1
112267
1
1
1
1
112267
1
2
1
1
116267
2
2
1
0
116267
2
1
1
0
116267
2
0
1
0
120267
1
0
1
0
121267
3
0
1
1
122267
0
0
1
0
124267
2
0
1
1
124267
2
1
1
1
125267
1
0
1
0
125267
1
1
1
0
126267
2
0
1
1
126267
2
1
1
1
128267
0
1
1
2
128267
1
1
1
2
129267
2
1
1
3
129267
3
1
1
3
130267
1
1
1
1
130267
1
0
1
1
132267
2
0
1
3
132267
3
0
1
3
132267
1
0
1
3
133267
1
0
1
2
133267
2
0
1
2
133267
0
0
1
2
134267
3
2
1
3
136267
0
0
1
1
136267
0
1
1
1
137267
2
1
1
1
137267
2
0
1
1
138267
2
1
1
1
138267
2
0
1
1
139017
1
0
1
1
139017
1
1
1
1
140017
0
1
1
1
140017
0
0
1
1
140517
1
1
1
1
140517
1
0
1
1
141517
3
1
1
1
141517
3
0
1
1
144267
0
1
1
1
144267
0
0
1
1
144767
1
1
1
0
144767
1
0
1
0
145517
2
1
1
1
145517
2
0
1
1
148017
3
0
1
3
148767
0
1
1
2
149517
3
2
1
3
152267
1
0
1
1
156267
3
1
1
0
160267
1
0
1
1
164267
1
1
1
1
164267
1
0
1
1
168267
2
0
1
0
169267
1
0
1
1
170267
2
0
1
0
170767
1
0
1
1
171767
2
0
1
0
172767
1
0
1
1
173267
2
0
1
0
174267
1
0
1
1
174767
2
0
1
0
175267
1
0
1
1
175767
2
0
1
0
176267
1
0
1
1
177267
3
0
1
0
178267
0
0
1
1
178767
3
0
1
0
179767
0
0
1
1
180767
3
0
1
0
181267
0
0
1
1
184267
1
1
1
8
184267
1
0
1
8
185267
0
0
1
8
185267
1
0
1
8
186267
1
1
1
8
186267
1
2
1
8
186767
1
1
1
8
186767
2
1
1
8
187767
0
1
1
8
187767
1
0
1
8
188767
2
0
1
8
188767
3
1
1
8
189267
0
1
1
8
189267
2
1
1
8
190267
0
1
1
8
190267
0
0
1
8
190767
2
0
1
8
190767
2
1
1
8
191267
1
1
1
8
191267
1
0
1
8
191767
2
1
1
8
191767
2
0
1
8
192267
2
0
1
1
193267
0
0
1
2
194267
3
1
1
3
194767
0
0
1
2
195767
3
1
1
3
196267
2
0
1
8
196267
1
0
1
8
196767
1
0
1
8
196767
2
0
1
8
197267
2
0
1
8
197267
1
0
1
8
197767
1
0
1
8
197767
2
0
1
8
198267
2
0
1
8
198267
1
0
1
8
198767
1
0
1
8
198767
2
0
1
8
199267
2
0
1
8
199267
1
0
1
8
200267
2
0
1
8
200767
3
1
1
8
201267
2
2
1
8
201767
1
0
1
8
202267
0
1
1
8
202767
1
2
1
8
203267
2
0
1
8
203767
3
1
1
8
204267
2
2
1
8
204767
1
0
1
8
205267
0
1
1
8
205767
1
2
1
8
206767
3
2
1
8
206767
2
2
1
8
208267
1
0
1
1
208767
2
0
1
0
209267
3
0
1
1
209767
2
0
1
0
210267
1
0
1
1
210767
1
0
1
0
211267
3
0
1
1
211767
2
0
1
0
212267
0
0
1
1
212767
0
0
1
0
213267
2
0
1
8
213767
1
0
1
8
214767
0
2
1
8
214767
0
0
1
8
214767
0
1
1
8
216267
1
0
1
8
216517
1
0
1
8
216767
1
0
1
8
217017
1
0
1
8
217267
1
0
1
8
217767
2
0
1
8
218017
2
0
1
8
218267
2
0
1
8
218517
2
0
1
8
218767
2
0
1
8
219267
1
0
1
8
219767
0
0
1
8
220267
1
0
1
8
220767
2
0
1
8
221267
3
0
1
8
221767
2
0
1
8
222767
2
1
1
3
222767
3
1
1
3
224267
0
0
1
0
225267
3
0
1
1
226267
1
0
1
0
227267
2
0
1
1
228267
1
0
1
0
229267
3
0
1
1
230267
3
0
1
0
231267
1
0
1
0
232267
0
0
1
2
232267
1
0
1
2
234267
2
0
1
3
234267
3
0
1
3
236267
0
0
1
2
236267
1
0
1
2
238267
3
0
1
3
238267
2
0
1
3
240267
1
1
1
2
240267
0
1
1
2
242267
2
1
1
3
242267
3
1
1
3
244267
2
0
1
1
244267
2
1
1
1
248267
1
1
3
1
248267
1
0
1
2
249267
0
1
1
2
249267
0
0
3
1
250267
2
0
1
3
250767
3
1
1
3
250767
3
0
3
1
251767
0
1
3
1
251767
0
0
1
2
252767
0
1
1
2
252767
0
2
3
1
253267
0
2
1
2
254267
0
0
3
2
254267
3
0
3
2
254267
1
0
1
1
254517
3
0
3
2
254517
0
0
3
2
254767
3
0
3
1
254767
0
0
3
2
254767
2
0
1
0
255017
0
0
3
2
255017
3
0
3
2
255267
1
0
1
1
255267
3
0
3
2
255267
0
0
3
2
255517
0
0
3
2
255517
3
0
3
2
255767
0
0
3
2
255767
3
0
3
2
255767
2
0
1
0
256267
0
1
3
2
256267
1
1
1
1
257267
2
0
1
1
258267
3
1
1
3
258767
1
0
1
1
259767
0
1
1
2
260767
2
0
1
1
261267
2
2
1
0
264267
1
0
1
8
264267
0
0
1
8
265267
0
0
1
8
265267
0
1
1
8
266267
1
1
1
8
266267
0
1
1
8
266767
2
2
1
8
266767
2
1
1
8
267767
2
1
1
8
267767
2
0
1
8
268767
3
1
1
8
268767
2
1
1
8
269267
0
1
1
8
269267
1
1
1
8
270267
2
0
1
8
270267
1
0
1
8
270767
1
0
1
8
270767
2
0
1
8
271267
2
0
1
8
271267
1
0
1
8
271767
1
0
1
8
271767
2
0
1
8
272267
2
0
1
8
272267
1
0
1
8
273267
1
0
1
0
273267
1
1
1
0
274017
1
2
1
3
274017
2
2
1
3
274767
2
2
1
7
274767
3
1
1
7
275767
2
0
1
2
275767
3
0
1
2
276767
1
0
1
2
276767
0
0
1
2
277267
0
1
1
2
280267
2
0
1
8
280267
3
0
1
8
281267
1
0
1
2
281267
0
0
1
2
282267
3
0
1
8
282267
2
0
1
8
283267
1
0
1
2
283267
0
0
1
2
284267
2
0
1
3
284267
3
0
1
3
285267
0
0
1
2
285267
1
0
1
2
286267
3
0
1
3
286267
2
0
1
3
287267
1
0
1
3
287267
0
0
1
3
288267
3
1
1
8
288267
2
1
1
8
288267
1
1
1
8
288267
0
1
1
8
289267
2
0
3
8
289267
3
0
3
8
289267
0
0
3
8
289267
1
0
3
8
289767
3
0
3
8
289767
2
0
3
8
289767
1
0
3
8
289767
0
0
3
8
290267
0
0
3
8
290267
1
0
3
8
290267
2
0
3
8
290267
3
0
3
8
290767
3
0
3
8
290767
2
0
3
8
290767
1
0
3
8
290767
0
0
3
8
291267
0
0
3
8
291267
1
0
3
8
291267
2
0
3
8
291267
3
0
3
8
291767
3
0
3
8
291767
2
0
3
8
291767
1
0
3
8
291767
0
0
3
8
