De De spa spa ci ci to to
(One Saber)
89
4221
0
0
1
6
8221
3
0
1
7
16901
2
0
1
1
17401
2
2
1
0
17901
3
0
1
1
18401
2
0
1
0
18901
1
0
1
6
19401
3
1
1
3
19901
0
0
1
6
20401
3
2
1
5
20901
2
0
1
1
21151
2
0
1
0
21401
1
0
1
1
21651
1
0
1
0
21901
3
0
1
7
22151
3
0
1
4
22401
2
0
1
7
22589
2
0
1
4
22901
0
0
1
6
23151
2
0
1
3
23401
1
0
1
6
23651
3
0
1
3
23901
0
1
1
2
24401
3
1
1
3
24901
2
0
1
1
25151
2
0
1
0
25401
1
0
1
1
25651
1
0
1
0
25901
3
0
1
1
26151
2
0
1
0
26401
2
0
1
1
26651
1
0
1
0
26901
0
0
1
6
27151
0
0
1
5
27401
2
0
1
7
27651
2
0
1
4
27901
3
1
1
3
28401
0
1
1
2
28901
2
0
1
1
29151
2
0
1
0
29401
1
0
1
1
29651
1
0
1
0
29901
3
0
1
7
30401
0
2
1
4
30901
2
0
1
1
31901
3
2
1
5
32901
1
0
1
1
33401
0
1
1
2
33901
2
0
1
1
34151
2
0
1
0
34401
1
0
1
1
34651
1
0
1
0
34901
3
0
1
7
35151
3
0
1
4
35401
0
0
1
6
35651
0
0
1
5
35901
2
0
1
1
36401
1
2
1
0
36901
2
0
1
1
37151
3
0
1
0
37401
1
0
1
1
37651
0
0
1
0
37901
3
0
1
7
38151
2
2
1
0
38401
0
0
1
6
38651
1
2
1
0
38901
2
0
1
1
39151
1
0
1
0
39401
2
0
1
1
39651
1
0
1
0
39901
3
1
1
3
40401
0
2
1
4
40901
3
0
1
7
41151
1
0
1
2
41401
2
0
1
7
41651
0
0
1
2
41901
2
0
1
8
42026
3
0
1
8
42151
2
0
1
8
42401
1
0
1
8
42526
0
0
1
8
42651
1
0
1
8
42901
3
0
1
7
43151
3
0
1
4
43401
0
0
1
6
43651
0
0
1
5
43901
2
0
1
1
44151
3
2
1
5
44401
1
0
1
1
44651
0
2
1
4
44901
2
0
1
1
45151
1
0
1
0
45401
3
0
1
1
45651
0
0
1
0
45901
3
0
1
7
46151
2
2
1
0
46401
0
0
1
6
46651
1
2
1
0
46901
2
0
1
1
47401
3
1
1
3
47901
2
0
1
1
48151
3
0
1
0
48401
1
0
1
1
48651
3
0
1
0
48901
0
0
1
6
49401
3
1
1
3
49901
2
0
1
1
50401
1
2
1
0
50901
1
0
1
1
51151
2
0
1
0
51401
2
0
1
1
51651
1
0
1
0
51901
3
0
1
7
52401
0
2
1
4
52901
2
0
1
1
53401
0
1
1
2
53901
3
1
1
3
54401
0
1
1
2
54901
2
0
1
1
55151
1
0
1
0
55401
1
0
1
1
55651
2
0
1
0
55901
3
0
1
1
56151
3
1
1
0
56401
0
0
1
1
56651
0
1
1
0
56901
2
0
1
1
57151
1
0
1
0
57401
2
0
1
1
57651
1
0
1
0
57901
3
1
1
3
58401
0
1
1
2
58901
3
0
1
7
59401
0
0
1
6
59901
3
1
1
3
60151
1
0
1
2
60401
2
0
1
3
60651
0
1
1
2
60901
1
0
1
1
61151
1
0
1
0
61401
2
0
1
1
61651
2
0
1
0
61901
1
0
1
1
62151
2
0
1
0
62401
0
0
1
1
62651
3
0
1
0
62901
2
0
1
1
63151
1
0
1
0
63401
3
0
1
1
63651
0
0
1
0
63901
3
0
1
7
64401
0
1
1
2
64901
2
0
1
1
65151
2
2
1
0
65401
1
0
1
1
65651
1
2
1
0
65901
0
0
1
6
66151
2
2
1
0
66401
1
0
1
6
66651
3
2
1
0
66901
2
0
1
1
67151
0
0
1
0
67401
3
0
1
1
67651
1
0
1
0
67901
2
0
1
7
68151
2
0
1
4
68401
1
0
1
7
68651
1
0
1
4
68901
3
1
1
3
69401
0
1
1
2
69901
3
2
1
5
70401
0
0
1
6
70901
3
1
1
3
71151
1
0
1
2
71401
2
0
1
3
71651
0
1
1
2
71901
3
0
1
7
72401
0
0
1
6
72901
2
0
1
3
73151
1
0
1
2
73401
3
1
1
3
73651
0
1
1
2
73901
1
0
1
1
74401
2
0
1
0
74901
3
0
1
7
75401
0
0
1
6
75901
3
1
1
3
76401
0
1
1
2
76901
1
0
1
1
77151
1
2
1
0
77401
2
0
1
1
77651
2
2
1
0
77901
1
0
1
1
78151
2
0
1
0
78401
3
1
1
3
80901
1
0
1
1
