Portal - Still Alive (Uppermost Remix)
Uppermost
120
30080
0
0
0
1
30080
3
0
1
1
38080
2
0
1
1
38080
1
0
0
1
42080
0
0
0
2
43080
3
0
1
3
43580
0
0
0
2
54080
3
2
1
5
54080
0
2
0
4
61080
1
0
0
1
62080
2
0
1
1
64080
3
1
1
3
66080
0
1
1
2
68080
3
0
1
1
70080
0
1
1
2
72080
3
1
0
3
74080
0
1
0
2
76080
2
0
0
1
78080
0
0
0
6
80080
3
0
0
3
80080
3
1
1
3
81080
2
1
1
0
81580
0
1
0
2
83080
2
0
1
1
83580
1
0
0
1
85080
3
0
1
7
85580
0
0
0
6
88080
1
0
0
1
88080
2
0
1
1
96080
1
0
0
1
96580
2
0
1
0
97080
1
0
0
0
97580
2
0
1
1
98080
1
0
0
1
98580
2
0
1
0
99080
1
0
0
0
100080
2
0
1
1
100580
1
0
0
1
101080
2
0
1
0
101580
1
0
0
0
102080
3
1
1
3
102580
0
1
0
2
103080
3
1
1
3
104080
2
0
1
1
104580
1
0
0
1
105080
2
0
1
0
105580
1
0
0
0
106080
2
0
1
1
106580
1
0
0
1
107080
2
0
1
0
108080
2
0
1
1
108080
1
0
0
1
109080
0
1
0
2
109080
0
0
1
2
110080
3
0
0
3
110080
3
1
1
3
111080
2
0
1
1
111080
1
0
0
1
112080
2
0
1
1
112580
1
0
0
1
113080
2
0
1
0
113580
1
0
0
0
114080
2
0
1
1
114580
0
1
0
2
115080
3
1
1
3
116080
2
0
1
1
116580
1
0
0
1
117080
2
0
1
0
117580
1
0
0
0
118080
2
0
1
1
119080
1
1
0
0
119080
2
1
1
0
120080
2
0
1
1
120580
1
0
0
1
121080
2
0
1
0
121580
1
0
0
0
122080
3
1
1
3
122580
0
1
0
2
123080
3
1
1
3
124080
2
0
1
1
124580
1
0
0
1
125080
2
0
1
0
125580
1
0
0
0
126080
2
0
1
1
126580
0
1
0
2
127080
3
1
1
3
127580
0
1
0
2
128080
2
0
1
1
128580
1
0
0
1
129080
2
0
1
0
129580
1
0
0
0
130080
2
0
1
1
130580
0
1
0
2
131080
3
1
1
3
132080
2
0
1
1
132580
1
0
0
1
133080
2
0
1
0
133580
1
0
0
0
134080
2
0
1
1
134580
1
0
0
1
135080
2
0
1
0
137080
0
1
0
2
138080
3
1
1
3
139080
2
0
1
1
139080
1
0
0
1
140080
3
1
1
3
140080
0
1
0
2
141080
2
2
1
0
141080
1
2
0
0
142080
3
0
1
7
142080
0
0
0
6
143080
2
1
1
4
143080
1
1
0
5
144080
2
0
1
1
144580
1
0
0
1
145080
2
0
1
0
145580
1
0
0
0
146080
2
0
1
1
146580
0
1
0
2
147080
3
1
1
3
148080
0
0
0
1
148580
0
1
0
0
149080
3
0
1
1
149580
3
1
1
0
150080
2
0
1
6
150080
1
0
0
7
151080
2
0
1
1
151080
1
0
0
1
151580
2
0
1
0
151580
1
0
0
0
152080
1
0
0
1
152080
2
0
1
1
153080
0
0
0
6
153080
3
0
1
7
154080
2
0
1
1
154080
1
0
0
1
155080
3
2
1
5
155080
0
2
0
4
156080
2
0
1
1
156080
1
0
0
1
157080
0
0
0
6
157080
3
0
1
7
158080
1
0
0
1
158080
2
0
1
1
159080
0
2
0
4
159080
3
2
1
5
160080
1
0
0
1
160080
2
0
1
1
162080
0
0
3
1
162080
3
0
3
1
162080
2
0
3
1
162080
1
0
3
1
162330
0
0
3
1
162330
3
0
3
1
162330
2
0
3
1
162330
1
0
3
1
162580
0
0
3
1
162580
3
0
3
1
162580
2
0
3
1
162580
1
0
3
1
162830
1
0
3
1
162830
3
0
3
1
162830
2
0
3
1
162830
0
0
3
1
164080
1
0
1
1
164580
0
0
0
1
165080
1
0
1
0
165580
0
0
0
0
166080
1
0
1
1
166580
0
0
0
1
167080
1
0
1
0
168080
2
0
0
1
168580
3
0
1
1
169080
2
0
0
0
169580
3
0
1
0
170080
2
0
0
1
170580
3
0
1
1
171080
2
0
0
0
172080
2
0
1
1
172580
1
0
0
1
173080
2
0
1
0
173580
0
1
0
2
174080
3
1
1
3
175080
1
0
0
1
175080
2
0
1
1
176580
3
1
1
3
176580
0
1
0
2
177580
1
0
0
1
178080
2
0
1
1
178580
1
0
0
0
180080
2
0
1
1
180580
1
0
0
1
181080
2
0
1
0
181580
1
0
0
0
182080
3
1
1
3
182580
0
1
0
2
183080
3
1
1
3
184080
2
0
1
1
184080
1
0
0
1
185080
0
1
0
2
185080
3
1
1
3
186080
0
1
1
2
187080
3
1
0
3
188080
2
0
1
1
188080
2
1
1
1
188080
1
0
0
1
188080
1
1
0
1
190080
1
1
0
2
190080
2
0
1
3
192080
0
0
0
6
192080
1
1
0
6
192080
3
0
1
7
192080
2
1
1
7
194080
1
1
0
0
194080
2
1
1
0
196080
1
0
0
1
196080
2
1
1
1
196080
1
1
0
1
196080
0
0
3
1
196080
3
1
3
1
196080
0
1
3
1
196080
3
0
3
1
196080
2
0
1
1
202080
2
0
1
1
202580
1
0
0
1
203080
2
0
1
0
203580
1
0
0
0
204080
2
0
1
1
204580
1
0
0
1
205080
2
0
1
0
206080
0
1
0
2
207080
1
0
0
1
208080
0
1
0
2
209080
1
1
0
0
210080
2
0
1
1
211080
1
1
1
2
212080
2
0
1
1
213080
2
2
1
0
214080
1
0
0
1
215080
3
1
1
3
216080
0
1
0
2
217080
1
1
0
0
217080
2
1
1
0
218080
1
0
0
1
218080
2
0
1
1
219080
0
1
0
2
219080
3
1
1
3
220080
1
0
0
1
220080
2
0
1
1
224080
0
2
0
4
224080
3
2
1
5
227080
0
0
0
1
227580
1
0
1
1
228580
1
0
0
0
229080
2
0
1
0
229580
3
0
0
1
230580
2
0
1
1
231080
1
0
0
0
231580
0
0
1
0
234580
0
0
0
1
235080
1
0
1
1
235580
2
0
0
0
236080
3
0
1
0
236580
2
0
0
1
237080
1
0
1
1
237580
0
0
0
0
238580
1
0
1
0
239080
2
0
0
1
239580
3
0
1
1
242580
3
0
1
1
243080
2
0
0
1
243580
1
0
1
0
244080
0
0
0
0
244580
1
0
1
1
245080
2
0
0
1
245580
3
0
1
0
246580
2
0
0
0
247080
1
0
1
1
247580
0
0
0
1
252080
0
0
0
1
252080
1
0
3
3
252080
3
0
3
1
252080
2
0
3
1
253580
0
0
3
1
253580
1
0
3
1
253580
2
0
3
3
253580
3
0
1
1
255580
3
0
3
1
255580
1
0
0
1
255580
2
0
1
1
255580
0
0
3
1
260080
0
0
0
6
260830
3
0
1
7
261580
0
0
0
6
262330
2
0
1
1
262330
1
0
0
1
263080
1
0
0
0
263080
2
0
1
0
263830
1
0
0
1
263830
2
0
1
1
264580
0
1
0
4
265330
1
0
0
7
266080
3
1
1
5
266830
2
0
1
6
267580
2
1
0
0
267580
1
1
1
0
268330
2
0
1
1
268330
1
0
0
1
269080
3
0
1
0
269080
2
0
0
0
269830
1
0
0
1
269830
2
0
1
1
270580
1
0
1
0
270580
0
0
0
0
271330
2
0
1
1
271330
1
0
0
1
272080
0
1
0
2
272080
3
1
1
3
