Change The World
Fox Blanco
126
4241
3
1
1
5
5741
0
1
0
4
6241
2
0
1
1
7741
1
0
0
1
8241
3
1
1
5
11741
2
0
1
1
12241
0
1
0
4
13741
3
1
1
5
14241
1
0
0
1
15741
2
0
1
1
16242
0
1
0
4
20242
3
1
1
3
21742
1
0
0
1
22242
2
0
1
1
23742
0
1
0
0
24242
3
1
1
0
27742
2
0
1
1
28242
1
0
0
1
29742
2
0
1
0
30242
0
1
0
4
31742
3
0
1
7
32242
1
0
0
7
36242
2
0
1
1
37742
1
0
0
0
38242
3
1
1
5
39742
0
0
0
6
40242
2
0
1
6
43742
3
0
1
7
44242
0
0
0
6
45742
2
0
1
2
46242
1
0
0
3
47742
3
1
1
5
48242
0
1
0
4
52242
1
0
0
1
52242
2
0
1
1
53742
3
1
1
0
54242
1
0
0
0
55742
2
0
1
6
56242
0
0
0
6
57242
3
0
1
7
59242
0
0
0
6
59742
2
0
1
0
60242
1
0
0
0
61742
2
0
1
1
62242
0
0
0
1
63742
3
1
1
5
64242
1
0
0
0
65242
3
0
1
7
67242
0
0
0
6
68242
1
0
0
0
68242
2
0
1
0
69742
3
0
1
1
70242
1
0
0
1
71742
2
0
1
0
72242
0
1
0
4
75742
3
0
1
7
76242
0
0
0
6
77742
2
0
1
2
78242
1
0
0
3
79742
3
2
1
8
80242
0
2
0
8
81242
2
0
1
1
83242
1
0
0
1
84242
1
0
0
0
84242
2
0
1
0
85242
3
0
1
7
87242
0
0
0
6
88742
1
0
1
0
88742
2
0
0
0
89742
0
0
0
6
90242
3
0
1
7
90992
1
0
0
0
91742
2
0
1
0
92242
1
0
0
1
93242
2
0
1
1
93242
1
0
0
0
95242
1
0
0
1
96742
1
0
0
0
96742
2
0
1
0
97742
3
0
1
7
98242
0
0
0
6
98992
2
0
1
0
99492
1
0
0
0
99742
2
0
1
1
100242
1
0
0
1
101242
3
1
1
5
103242
0
0
0
2
104742
2
0
1
0
104742
1
0
0
0
105742
3
0
1
1
106242
0
0
0
1
106992
2
0
1
0
107742
1
0
0
0
108242
2
0
1
1
108742
1
0
0
1
109242
3
0
1
0
109742
0
0
0
0
110242
2
0
1
1
110742
1
0
0
1
111242
2
0
1
0
111742
1
0
0
0
112242
2
0
1
1
112742
1
0
0
1
113242
2
0
1
0
113742
1
0
0
0
114242
2
0
1
1
115242
1
0
0
1
115242
2
0
1
0
116242
2
0
1
1
116242
1
0
0
0
117242
0
0
0
6
118242
3
1
1
5
119742
2
0
1
1
119742
1
0
0
1
120742
1
2
0
0
120742
2
2
1
0
121742
2
0
1
1
122242
0
0
0
6
122992
3
1
1
5
124242
0
0
0
1
124242
1
0
1
1
125242
1
2
1
0
125242
0
2
0
0
126242
1
0
0
1
126242
2
0
1
1
127742
3
0
1
0
127742
0
0
0
0
128742
1
0
0
1
129742
2
0
1
1
130242
0
0
0
4
130992
2
0
1
0
131492
1
0
0
1
131742
2
0
1
1
132242
3
0
1
0
132242
0
0
0
0
133242
1
0
0
1
133242
2
0
1
1
134242
0
1
0
4
134242
3
1
1
5
135742
1
0
0
1
135742
2
0
1
1
136742
2
0
1
4
136742
0
0
0
4
137742
1
0
0
1
138242
3
0
1
7
138992
0
1
0
4
140242
2
0
0
1
140242
3
0
1
1
141242
2
2
0
0
141242
3
2
1
0
142242
2
0
1
1
142242
1
0
0
1
143742
2
0
0
0
143742
1
0
1
0
144742
3
0
1
7
145742
0
0
0
6
146242
2
0
1
0
146992
1
0
0
0
147492
2
0
1
1
147742
1
0
0
1
152242
3
1
1
5
153242
0
1
0
4
154242
2
0
1
1
155242
1
0
0
1
155742
2
0
1
0
156242
1
0
0
0
157742
3
0
1
7
158242
1
0
0
1
159742
2
0
1
2
160242
0
1
0
4
161242
3
0
1
7
162242
0
0
0
6
163242
2
0
1
0
164242
1
0
0
0
165742
3
0
1
7
166242
1
0
0
1
167742
2
0
1
0
168242
0
1
0
4
171742
3
0
1
7
172242
0
0
0
6
173742
2
0
1
2
174242
1
0
0
3
175742
3
1
1
5
176242
0
1
0
4
177242
2
0
1
1
178242
1
0
0
1
179242
3
1
1
3
180242
0
1
0
2
181742
2
0
1
1
182242
1
0
0
1
183742
3
0
1
0
184242
0
1
0
0
185242
2
0
1
1
186242
1
0
0
1
187242
3
0
1
0
187742
0
1
0
4
188242
2
0
1
1
189742
1
0
0
1
190242
3
1
1
5
191742
0
1
0
4
192242
2
0
1
1
193242
1
0
0
1
194242
3
0
1
0
195242
1
0
0
0
196242
2
0
1
1
197742
0
0
0
6
198242
2
0
1
0
199742
1
1
0
0
200242
2
0
1
1
203742
3
0
1
7
204242
0
0
0
6
205742
2
0
1
2
206242
1
0
0
3
207742
3
2
1
8
208242
0
2
0
8
209242
2
0
1
1
211242
1
0
0
1
212242
1
0
0
0
212242
2
0
1
0
213242
3
0
1
7
215242
0
0
0
6
216742
1
0
1
0
216742
2
0
0
0
217742
0
0
0
6
218242
3
0
1
7
218992
1
0
0
3
219742
2
0
1
2
220242
0
1
0
4
221242
3
1
1
5
223242
1
0
0
1
224742
1
0
0
0
224742
2
0
1
1
225742
3
1
1
5
226242
0
0
0
6
226992
2
0
1
1
227492
1
0
0
0
227742
2
0
1
0
228242
1
0
0
1
229242
3
0
1
7
231242
0
1
0
4
232742
2
0
1
1
232742
1
0
0
1
233742
3
1
1
0
234242
0
1
0
0
234992
2
0
1
1
235742
1
0
0
1
236242
2
0
1
0
236742
1
0
0
0
237242
3
0
1
7
237742
0
0
0
6
238242
2
0
1
0
238742
1
0
0
0
239242
2
0
1
1
239742
1
0
0
1
240242
2
0
1
0
240742
1
0
0
0
241242
2
0
1
1
241742
1
0
0
1
242242
2
0
1
0
243242
1
0
0
0
243242
2
0
1
1
244242
1
0
0
1
244242
2
0
1
0
245242
3
0
1
7
246242
0
1
0
4
247742
2
0
1
1
247742
1
0
0
1
248742
2
2
1
0
248742
1
2
0
0
249742
2
0
1
1
250242
0
0
0
6
250992
3
1
1
5
252242
0
0
0
1
252242
1
0
1
1
253242
0
2
0
0
253242
1
2
1
0
254242
2
0
1
1
254242
1
0
0
1
255742
0
0
0
0
255742
3
0
1
0
256741
1
0
0
1
257741
2
0
1
1
258241
0
0
0
4
258991
2
0
1
0
259491
1
0
0
1
259741
2
0
1
1
260241
3
0
1
0
260241
0
0
0
0
261241
2
0
1
1
261241
1
0
0
1
262241
0
1
0
4
262241
3
1
1
5
263741
2
0
1
1
263741
1
0
0
1
264741
2
0
1
4
264741
0
0
0
4
265741
1
0
0
1
266241
3
0
1
7
266991
0
1
0
4
268241
3
0
1
1
268241
2
0
0
1
269241
3
2
1
0
269241
2
2
0
0
270241
2
0
1
1
270241
1
0
0
1
271741
1
0
1
0
271741
2
0
0
0
272741
3
0
1
7
273741
0
0
0
6
274241
2
0
1
0
274991
1
0
0
0
275491
2
0
1
1
275741
1
0
0
1
276241
3
1
1
0
276241
0
1
0
0
278241
2
0
1
1
280241
1
0
0
1
284241
3
1
1
3
286241
0
1
0
2
288241
2
0
1
1
288241
1
0
0
1
292241
3
0
1
7
294241
0
0
0
6
296241
3
1
1
3
298241
0
2
0
8
300241
1
0
0
1
300241
2
0
1
1
302241
0
1
0
0
302241
3
1
1
0
304241
2
0
1
1
304241
1
0
0
1
306241
1
0
0
0
306241
2
0
1
0
306741
3
0
1
7
306741
0
0
0
6
308241
2
0
1
0
308241
1
0
0
0
309241
3
0
1
7
310241
0
0
0
6
311741
1
0
0
1
311741
2
0
1
1
312741
1
2
0
0
312741
2
2
1
0
313741
2
0
1
1
314241
0
0
0
6
314991
3
1
1
5
316241
0
0
0
1
316241
1
0
1
1
317241
0
2
0
0
317241
1
2
1
0
318241
1
0
0
1
318241
2
0
1
1
319741
0
1
0
4
319741
3
1
1
5
320741
1
0
0
1
321741
2
0
1
1
322241
0
0
0
0
322991
2
0
1
0
323491
1
0
0
1
323741
2
0
1
1
324241
0
0
0
0
324241
3
0
1
0
325241
2
0
1
1
325241
1
0
0
1
326241
3
1
1
5
326241
0
1
0
4
327741
2
0
1
1
327741
1
0
0
1
328741
2
0
1
4
328741
0
0
0
4
329741
1
0
0
1
330241
3
0
1
7
330991
0
1
0
4
332241
3
0
1
1
332241
2
0
0
1
333241
2
2
0
0
333241
3
2
1
0
334241
1
0
0
1
334241
2
0
1
1
335741
2
0
0
0
335741
1
0
1
0
336741
3
0
1
7
337741
0
0
0
6
338241
2
0
1
0
338991
1
0
0
0
339491
2
0
1
1
339741
1
0
0
1
340241
3
1
1
5
340241
0
1
0
4
341241
1
0
0
1
341241
2
0
1
1
342241
3
1
1
0
342241
0
1
0
0
343741
2
0
1
1
343741
1
0
0
1
344741
2
2
1
0
344741
1
2
0
0
345741
2
0
1
1
346241
1
0
0
1
346991
3
1
1
5
346991
0
1
0
4
348241
1
0
0
1
348241
2
0
1
1
349241
1
2
0
0
349241
2
2
1
0
350241
1
0
0
1
350241
2
0
1
1
351741
1
0
1
0
351741
2
0
0
0
352741
2
0
1
1
353741
1
0
0
1
354241
3
1
1
5
354991
0
1
0
4
355491
2
0
1
1
355741
1
0
0
1
356241
3
1
1
0
356241
0
1
0
0
357241
1
0
0
1
357241
2
0
1
1
358241
3
0
0
0
358241
2
0
1
0
359741
0
0
0
1
359741
1
0
1
1
360741
1
2
0
0
360741
2
2
1
0
361741
2
0
1
1
362241
1
0
0
1
362991
3
1
1
5
362991
0
1
0
4
364241
1
0
0
1
364241
2
0
1
1
365241
1
2
0
0
365241
2
2
1
0
366241
1
0
0
1
366241
2
0
1
1
367741
3
1
1
5
367741
0
1
0
4
368741
2
0
1
1
369741
1
0
0
1
370241
3
1
1
5
370991
0
1
0
4
371491
2
0
1
2
371741
1
1
0
3
