Mike Posner
Cooler Than Me
130
7235
2
0
1
1
9235
1
0
0
1
11235
3
0
1
3
13235
0
0
0
2
14235
2
0
1
1
15235
1
0
0
1
16235
3
0
1
3
17235
0
0
0
2
18235
2
0
1
1
18902
1
0
0
1
19235
2
0
1
0
19902
1
0
0
0
21235
3
0
1
1
22235
0
1
0
2
22902
1
0
0
1
23235
2
0
1
0
23902
0
0
0
2
24902
2
0
1
1
25235
3
0
1
0
26235
2
0
1
1
26902
1
0
0
1
27902
3
0
1
3
28902
1
0
0
0
29235
2
0
1
1
29902
0
0
0
1
30235
1
0
1
0
30902
0
0
0
0
31235
2
0
1
1
31902
2
1
0
3
32902
0
0
0
2
33235
1
0
1
0
33902
0
0
0
1
34235
2
0
1
1
34902
2
1
0
5
35235
0
1
0
2
35902
1
0
0
7
36902
3
0
1
0
37235
2
0
0
0
37902
3
0
1
7
38235
0
0
0
6
39235
1
1
1
2
39902
3
1
1
3
40902
1
0
0
0
41235
2
0
1
1
41902
0
0
0
1
42235
0
1
1
0
43235
3
0
1
7
43902
2
0
0
5
44902
0
1
0
2
45235
1
0
1
4
45902
3
0
1
7
46235
2
0
0
7
46902
3
1
1
0
47235
0
1
0
4
47902
1
0
1
6
48902
0
0
0
1
49235
2
0
1
0
49902
0
0
0
0
50235
3
0
1
1
50902
1
1
1
4
51235
3
1
1
3
51902
2
0
1
6
52902
0
0
0
1
53235
1
0
1
0
54235
0
0
0
0
54902
2
0
1
1
55235
1
0
0
1
55902
0
0
1
4
56902
3
1
1
3
57235
2
0
0
0
57902
2
0
1
1
58235
0
0
0
6
58902
1
0
1
4
59235
0
1
0
0
59902
3
0
1
7
60902
2
0
0
7
61235
1
0
1
4
61902
3
1
1
3
62235
0
1
0
2
62902
2
0
1
1
63235
1
0
0
1
63902
3
0
1
0
63902
3
1
1
0
64902
2
0
1
1
65235
0
0
0
0
65235
0
1
0
0
65902
3
0
1
0
65902
3
1
1
0
66235
2
0
0
7
66902
0
1
0
2
67235
1
2
0
5
67902
1
0
0
1
68902
2
0
1
1
69235
1
0
0
0
69902
3
0
1
3
70902
2
0
1
1
71235
1
0
0
1
71902
0
0
0
2
72235
3
0
1
5
72568
1
0
0
1
72902
2
0
1
1
73235
0
0
0
4
73568
3
0
1
5
73902
1
0
0
1
74235
0
1
0
0
74235
2
0
1
1
75235
2
0
0
7
75235
3
1
1
0
76235
0
1
0
2
77235
1
0
0
7
77235
3
0
1
7
78235
3
1
0
5
79235
0
0
0
6
79235
2
0
1
6
80235
0
1
1
4
81235
1
0
0
7
81235
3
1
1
3
82235
3
2
0
0
83235
0
1
0
2
83235
2
0
1
6
84235
0
2
1
0
85235
2
2
0
0
85235
3
0
1
7
86235
3
1
0
3
87235
0
0
0
6
87235
1
2
1
0
88235
0
1
1
2
89235
1
0
1
7
89568
2
0
1
0
89902
3
0
1
7
90235
0
1
0
0
91235
0
0
0
1
91235
1
0
1
0
92235
0
1
0
2
93235
1
0
0
7
93235
3
0
1
7
94235
3
1
0
5
95235
0
0
0
6
95235
2
0
1
6
96235
0
1
1
4
97235
1
0
0
7
97235
3
1
1
3
98235
3
2
0
0
99235
0
1
0
2
99235
2
0
1
6
100235
0
2
1
0
101235
2
2
0
0
101235
3
0
1
7
102235
3
1
0
3
103235
0
0
0
6
103235
1
2
1
0
104235
0
1
1
2
105235
2
0
1
1
106235
2
0
1
0
106568
1
0
0
0
106902
2
0
1
1
107235
1
0
0
1
108235
3
0
1
5
109235
2
0
1
6
109235
2
1
0
5
110235
0
1
0
2
110902
1
0
1
0
111235
0
0
0
1
111902
3
1
1
3
112235
2
0
0
5
112902
2
0
1
6
113235
1
0
0
6
113235
3
1
1
5
113902
0
0
0
0
114235
1
0
1
6
114902
0
0
0
1
115235
1
0
0
0
115235
2
0
1
0
115902
3
0
1
7
116235
0
0
0
6
116902
1
1
1
4
117235
2
0
0
5
117902
3
1
1
3
118235
0
0
0
2
119235
0
1
1
2
119235
1
0
0
3
120235
2
0
1
7
121235
3
0
1
0
121568
1
0
0
1
121902
2
0
1
6
122235
0
1
0
0
123235
3
1
1
3
124235
1
0
0
1
125235
1
2
1
4
125902
0
0
0
0
126235
2
0
1
1
126902
2
0
0
7
127235
3
1
1
0
127902
0
1
0
2
128235
1
0
1
1
128902
1
0
0
1
129235
3
0
1
3
130235
0
0
1
6
131235
3
0
1
7
132235
0
0
1
6
133235
3
0
1
7
134235
1
0
1
0
135235
1
0
0
1
135235
2
0
1
1
136568
0
0
0
2
136568
3
0
1
3
137902
2
0
1
1
138235
1
0
0
1
139235
2
2
0
5
139235
3
1
1
5
140235
0
1
0
2
141235
0
0
1
6
142235
3
1
1
3
142902
2
2
0
5
143235
3
0
1
6
143902
0
1
0
2
144235
1
0
1
0
144902
3
0
1
1
145235
2
0
0
7
145568
1
0
0
0
145902
0
0
0
6
146235
3
1
1
0
146902
0
0
0
0
147235
1
0
1
6
147902
2
0
0
7
148235
3
1
1
0
148902
0
1
0
4
149235
1
0
1
6
149902
0
0
0
1
150235
3
0
1
3
151235
3
1
0
5
152235
0
1
0
2
152902
0
0
0
1
153235
1
0
1
6
153568
2
0
1
0
153902
3
0
1
7
154235
0
1
0
0
155235
0
1
1
2
156235
2
0
1
7
157235
2
1
0
3
158235
0
1
0
2
158902
1
1
1
4
159235
0
0
0
7
159902
3
1
1
3
160235
2
0
0
0
160902
3
0
1
1
161235
2
0
0
7
161568
1
0
0
0
161902
0
0
0
6
162235
2
0
1
0
162902
1
0
0
0
163235
3
0
1
1
163902
0
0
0
6
164235
1
0
1
0
164902
0
0
0
0
165235
1
0
0
1
165235
2
0
1
1
165902
3
0
1
5
166235
0
0
0
4
166902
1
0
1
6
167235
2
0
0
7
167568
3
0
1
5
167902
0
0
0
4
168235
2
0
1
1
168568
1
0
0
1
168902
2
0
1
0
169235
1
0
0
0
170235
1
0
1
1
170235
2
0
0
1
171235
0
1
0
4
171235
3
1
1
5
172235
1
0
1
1
172235
2
0
0
1
173235
1
0
1
0
173235
2
0
0
0
174235
0
0
0
6
174235
3
0
1
7
175235
2
0
0
0
175235
1
0
1
0
176235
1
0
1
1
176235
2
0
0
1
177235
1
0
1
0
177568
2
0
1
7
177902
3
0
1
0
178235
0
1
0
4
179235
1
0
1
6
180235
1
1
0
3
181235
3
2
1
0
182235
0
2
0
4
183235
0
1
0
7
183235
2
0
1
6
184235
1
2
0
0
184235
3
1
1
5
185235
2
0
0
7
185568
1
0
0
0
185902
0
0
0
6
186235
1
1
1
2
187235
3
1
1
3
187902
1
0
0
5
188235
2
0
1
1
188902
0
0
0
6
189235
1
0
1
0
189902
1
0
0
0
190235
3
0
1
7
190902
0
0
0
6
191235
1
1
1
4
191902
3
1
1
3
192235
2
0
0
0
192902
0
0
0
1
193235
1
0
1
6
193568
2
0
1
0
193902
3
0
1
7
194235
0
1
0
0
194902
1
0
1
0
195235
2
0
0
1
195902
3
0
1
1
196235
3
1
0
5
196902
1
0
1
4
197235
0
0
0
1
197902
3
1
1
3
198235
2
0
0
5
198902
1
0
1
6
199235
3
1
1
0
199902
2
0
1
1
200235
0
0
0
6
200902
3
0
1
0
201235
2
0
0
0
201568
1
0
0
6
201902
0
0
0
0
202235
1
0
1
6
203235
3
1
1
3
203902
2
0
0
7
204235
3
0
1
1
204902
0
0
0
4
205235
1
1
1
0
205235
0
0
0
1
205902
3
0
1
7
206235
2
0
0
5
207235
1
0
0
6
207235
3
1
1
0
207902
0
0
0
0
208235
1
0
1
6
208902
1
0
0
7
209235
3
0
1
5
209568
2
0
1
1
209902
1
0
1
4
210235
0
1
0
0
210902
3
1
1
3
211235
2
0
0
7
211902
0
1
0
4
212235
1
0
1
6
212902
0
0
0
1
213235
2
0
1
0
213902
1
0
0
0
214235
3
0
1
7
214902
2
0
0
7
215235
0
0
0
0
215902
1
0
0
1
216235
2
0
1
0
216902
3
0
1
1
217235
2
0
0
5
217568
1
0
0
6
217902
0
0
0
0
218235
1
1
1
4
218902
3
1
1
3
219235
2
0
0
7
219902
0
1
0
4
220235
1
0
1
6
220902
3
1
1
5
221235
2
0
0
7
221902
0
1
0
4
222235
1
0
1
6
222902
0
0
0
1
223235
2
0
1
0
223902
2
0
0
3
224235
3
0
1
1
224902
0
1
0
4
225235
1
0
1
4
225568
2
0
1
7
225902
3
0
1
0
226235
1
0
0
1
226902
1
1
1
2
227235
0
1
0
4
227902
3
1
1
5
228235
2
0
0
1
228902
2
0
1
1
229235
1
0
0
4
229902
1
0
1
4
230235
0
0
0
1
230902
2
0
0
5
231235
0
1
0
2
231902
3
1
1
3
232902
1
0
0
1
233235
2
0
1
1
234235
1
0
0
0
234568
2
0
1
0
234902
1
0
0
1
235235
2
0
1
1
236235
0
0
0
4
237235
1
0
0
7
237235
1
1
1
4
238235
3
1
1
3
238902
2
0
0
0
239235
3
0
1
1
239902
0
1
0
2
240235
1
0
1
4
240902
1
0
0
7
241235
0
1
0
4
241235
2
0
1
7
241902
3
0
1
0
242235
2
0
0
7
242902
3
0
1
1
243235
1
0
0
0
243235
2
0
1
0
243902
0
0
0
6
244235
3
0
1
7
244902
2
1
0
5
245235
1
0
1
4
245902
0
1
0
2
246235
3
0
1
3
247235
2
0
1
2
247235
3
1
0
3
248235
1
0
0
6
249235
0
0
0
0
249568
2
0
1
1
249902
1
0
0
7
250235
3
1
1
0
251235
0
1
0
2
252235
2
0
1
1
253235
2
2
0
5
253902
3
0
1
0
254235
1
0
0
1
254902
1
0
1
6
255235
0
1
0
0
255902
3
1
1
3
256235
2
0
0
1
256902
2
0
1
1
257235
0
0
0
2
258235
3
0
0
7
259235
0
0
0
6
260235
3
0
0
7
261235
0
0
0
6
262235
2
0
0
0
263235
1
0
0
1
263235
2
0
1
1
264568
0
0
0
2
264568
3
0
1
3
265902
1
0
0
1
266235
2
0
1
1
267235
0
1
0
4
267235
1
2
1
4
268235
3
1
1
3
269235
3
0
0
7
270235
0
1
0
2
270902
1
2
1
4
271235
0
0
0
7
271902
3
1
1
3
272235
2
0
0
0
272902
0
0
0
1
273235
1
0
1
6
273568
2
0
1
0
273902
3
0
1
7
274235
0
1
0
0
274902
3
0
1
0
275235
2
0
0
7
275902
1
0
1
6
276235
0
1
0
0
276902
3
1
1
5
277235
2
0
0
7
277902
3
0
1
1
278235
0
0
0
2
279235
0
1
1
4
280235
3
1
1
3
280902
3
0
1
1
281235
2
0
0
7
281568
1
0
0
0
281902
0
0
0
6
282235
3
1
1
0
283235
3
1
0
3
284235
1
0
0
6
285235
1
1
1
2
286235
3
1
1
3
286902
2
1
0
5
287235
3
0
1
6
287902
0
1
0
2
288235
1
0
1
0
288902
0
0
0
1
289235
1
0
1
6
289568
2
0
1
0
289902
3
0
1
7
290235
1
0
0
0
290902
2
0
1
0
291235
0
0
0
1
291902
3
0
1
7
292235
2
0
0
0
292902
3
0
1
0
293235
1
0
0
1
293235
2
0
1
1
293902
0
0
0
4
294235
3
0
1
5
294902
2
0
0
7
295235
1
0
1
6
295568
0
0
0
4
295902
3
0
1
5
296235
1
0
0
1
296568
2
0
1
1
296902
1
0
0
0
297235
2
0
1
0
298235
1
0
1
1
298235
2
0
0
1
299235
0
1
0
4
299235
3
1
1
5
300235
1
0
1
1
300235
2
0
0
1
301235
1
0
1
0
301235
2
0
0
0
302235
0
0
0
6
302235
3
0
1
7
303235
1
0
1
0
303235
2
0
0
0
304235
1
0
1
1
304235
2
0
0
1
305235
2
0
0
0
305568
1
0
0
6
305902
0
0
0
0
306235
3
1
1
5
307235
2
0
0
7
308235
2
1
1
2
309235
0
2
0
0
310235
3
2
1
5
311235
1
0
0
7
311235
3
1
1
6
312235
0
1
0
4
312235
2
2
1
0
313235
1
0
1
6
313568
2
0
1
0
313902
3
0
1
7
314235
2
1
0
3
315235
0
1
0
2
315902
2
0
1
4
316235
1
0
0
1
316902
3
0
1
7
317235
2
0
0
0
317902
2
0
1
0
318235
0
0
0
6
318902
3
0
1
7
319235
2
1
0
5
319902
0
1
0
2
320235
1
0
1
0
320902
3
0
1
1
321235
2
0
0
7
321568
1
0
0
0
321902
0
0
0
6
322235
3
1
1
0
322902
2
0
0
0
323235
1
0
1
1
323902
0
0
0
1
324235
0
1
1
4
324902
2
0
0
5
325235
3
0
1
1
325902
0
0
0
6
326235
2
2
1
0
329235
1
2
0
0
329235
2
0
1
1
331235
0
0
0
6
333235
3
0
0
7
335235
0
0
0
6
337235
1
0
0
1
337235
2
0
1
1
339235
3
0
1
7
341235
0
0
1
6
343235
3
0
1
7
345235
1
0
0
1
345235
2
0
1
1
347235
1
0
0
2
349235
2
0
0
3
351235
1
0
0
2
353235
1
0
0
1
353235
2
0
1
1
355235
2
0
1
3
357235
1
0
1
2
359235
2
0
1
3
361235
1
0
0
1
361235
2
0
1
1
362235
3
0
0
5
363235
0
0
0
6
364235
3
1
0
5
365235
1
0
1
1
365235
0
0
0
1
366235
3
0
1
5
367235
0
1
1
2
368235
3
0
1
7
369235
2
0
0
1
369235
3
0
1
0
370235
0
0
0
4
371235
3
0
0
7
372235
0
1
0
4
373235
0
0
0
1
373235
1
0
1
1
374235
3
0
1
5
375235
0
0
1
6
376235
3
1
1
5
377235
2
0
0
1
377235
3
0
1
1
378235
1
2
0
0
379235
3
0
0
1
380235
0
1
0
0
381235
0
0
0
1
381235
1
0
1
1
382235
2
2
1
0
383235
0
0
1
1
384235
3
1
1
0
385235
2
0
0
1
385235
3
0
1
1
386235
3
1
1
0
387235
0
1
0
4
388235
1
0
1
6
389235
1
2
0
3
390235
1
0
0
1
390235
2
0
1
0
390568
1
0
0
0
390902
2
0
1
1
391235
0
0
0
1
391235
0
1
0
1
391568
2
0
1
0
391902
1
0
0
0
392235
3
0
1
1
392235
3
1
1
1
392568
1
0
0
1
392902
2
0
1
0
393235
0
0
0
0
393235
0
1
0
0
393568
2
0
1
1
393902
1
0
0
1
394235
3
0
1
0
394235
3
1
1
0
395235
1
0
1
6
396235
0
1
0
0
396902
3
1
1
3
397235
2
0
0
7
397902
0
2
0
0
398235
1
2
1
4
399235
0
0
0
1
399902
2
0
1
1
400235
1
0
0
0
400902
3
1
1
5
401235
0
0
0
6
401568
2
0
1
1
401902
1
0
0
0
402235
3
0
1
5
403235
0
1
0
2
404235
1
0
1
6
404902
1
0
0
3
405235
3
1
1
5
405902
0
0
0
4
406235
1
0
1
1
407235
0
0
0
1
407235
3
1
1
0
407902
1
0
0
0
408235
2
0
1
1
408902
0
0
0
6
409235
3
1
1
5
409568
1
0
0
0
409902
2
0
1
1
410235
0
0
0
6
411235
0
1
1
4
412235
3
1
1
3
412902
2
0
0
7
413235
1
1
1
2
413902
3
1
0
0
415235
1
1
0
2
415235
3
0
1
3
415902
2
0
1
1
416235
1
0
0
1
416902
3
1
1
5
417235
0
0
0
4
417568
2
0
1
1
417902
1
0
0
1
418235
3
0
1
3
419902
3
2
1
0
421902
0
2
0
0
422235
2
0
1
1
422568
1
0
0
1
422902
2
0
1
0
423235
0
0
0
0
423235
0
1
0
0
423568
2
0
1
1
423902
1
0
0
1
424235
3
0
1
0
424235
3
1
1
0
424568
1
0
0
0
424902
2
0
1
1
425235
0
0
0
1
425235
0
1
0
1
425568
2
0
1
0
425902
1
0
0
0
426235
3
0
1
1
426235
3
1
1
1
427235
2
0
0
7
428235
3
1
1
0
428902
0
1
0
2
429235
1
0
1
6
429902
3
2
1
0
430235
2
2
0
5
431235
3
0
1
1
431902
1
0
0
1
432235
2
0
1
0
432902
0
1
0
4
433235
3
0
1
7
433568
1
0
0
1
433902
2
0
1
0
434235
0
0
0
4
435235
3
1
1
3
436235
2
0
0
7
436902
2
0
1
2
437235
0
1
0
4
437902
3
0
1
5
438235
2
0
0
1
439235
0
1
0
0
439235
3
0
1
1
439902
2
0
1
0
440235
1
0
0
1
440902
3
0
1
7
441235
0
1
0
4
441568
2
0
1
0
441902
1
0
0
1
442235
3
0
1
7
443235
3
1
0
5
444235
0
1
0
2
444902
1
0
1
6
445235
2
1
0
3
445902
0
1
1
0
447235
0
0
0
2
447235
2
1
1
3
447902
1
0
0
1
448235
2
0
1
1
448902
0
1
0
4
449235
3
0
1
5
449568
1
0
0
1
449902
2
0
1
1
450235
0
0
0
2
451902
0
2
0
0
453902
3
2
1
0
455902
1
0
0
1
457235
2
0
1
1
