Light It Up (feat. Jex)

97
11920
0
0
0
6
11920
1
1
0
6
11920
2
1
1
7
11920
3
0
1
7
13300
0
2
0
4
13960
3
2
1
5
14720
0
1
0
2
15060
3
1
1
3
15880
0
0
0
6
16640
1
0
1
6
17120
2
0
0
7
17620
3
0
1
7
18820
0
0
0
6
19260
3
1
1
3
19400
3
0
0
3
20440
3
0
1
7
20700
1
0
0
1
21020
2
0
1
1
22000
0
1
0
2
22660
3
1
1
3
23340
0
0
0
6
23800
1
0
0
1
23800
2
0
1
1
25420
0
0
0
6
25420
1
0
1
6
26160
2
0
0
7
26160
3
0
1
7
26880
1
0
0
1
27840
2
0
1
1
28740
0
1
0
2
29220
3
1
1
3
29980
1
0
0
5
29980
2
0
1
6
31740
0
0
0
6
32400
3
0
1
7
33200
0
1
0
6
33200
1
0
1
6
33980
2
0
0
7
33980
3
1
1
7
34780
0
0
1
2
34780
0
1
0
2
35600
2
0
0
3
35600
2
1
1
3
36220
0
0
1
2
36220
0
1
0
2
37500
3
2
1
5
38440
0
2
0
4
39140
2
0
1
1
40040
1
0
0
1
40780
3
0
0
3
40780
3
1
1
3
41680
0
0
1
2
41680
0
1
0
2
42160
3
0
0
3
42160
3
1
1
3
43820
1
0
0
5
43820
2
0
1
6
44740
1
0
0
6
44740
2
0
1
5
45380
0
1
0
2
46100
3
1
1
3
46840
2
0
0
7
47640
1
0
1
6
50020
0
2
0
4
50860
3
2
1
5
51340
1
0
0
1
52160
2
0
1
1
52940
0
0
0
1
53500
1
0
1
1
54080
2
0
0
1
55900
3
0
1
1
56380
2
0
0
1
57100
1
0
1
1
57500
0
1
0
2
58240
3
1
1
3
59020
0
0
0
6
59560
3
0
1
7
60280
1
2
0
8
60280
2
2
1
8
60500
0
0
0
8
60500
1
1
0
8
60500
2
1
1
8
60500
3
0
1
8
61240
0
0
0
6
61240
3
0
1
7
62000
0
1
0
2
62000
3
1
1
3
62760
0
2
0
4
62760
3
2
1
5
63520
1
2
0
0
63520
2
2
1
0
64300
0
2
0
4
64300
3
2
1
5
65080
0
1
0
2
65080
3
1
1
3
65800
1
0
0
1
65800
2
0
1
1
66180
0
0
0
8
66420
0
0
0
8
66600
0
0
0
8
67320
1
0
0
1
67320
2
0
1
1
68100
0
1
0
2
68100
3
1
1
3
68880
0
2
0
4
68880
3
2
1
5
69580
1
2
0
0
69580
2
2
1
0
70380
0
2
0
4
70380
3
2
1
5
70720
1
2
0
8
70720
2
2
1
8
71100
1
2
0
8
71100
2
2
1
8
71480
1
2
0
8
71480
2
2
1
8
71880
1
2
0
8
71880
2
2
1
8
72240
1
2
0
8
72260
2
2
1
8
72680
1
2
0
8
72680
2
2
1
8
73020
1
2
0
8
73020
2
2
1
8
73380
1
2
0
8
73380
2
2
1
8
73760
1
2
0
8
73760
2
2
1
8
74140
1
2
0
8
74140
2
2
1
8
74540
1
2
0
8
74540
2
2
1
8
74900
1
2
0
8
74900
2
2
1
8
75319
1
2
0
8
75319
2
2
1
8
75679
1
2
0
8
75679
2
2
1
8
76059
1
2
0
8
76059
2
2
1
8
76399
1
2
0
8
76399
2
2
1
8
76799
1
2
0
8
76799
2
2
1
8
77199
1
2
0
8
77199
2
2
1
8
77579
1
2
0
8
77579
2
2
1
8
77939
1
2
0
8
77939
2
2
1
8
78280
1
2
0
8
78280
2
2
1
8
78740
1
0
0
8
78740
2
0
1
8
78940
1
0
0
8
78940
2
0
1
8
79140
1
0
0
8
79140
2
0
1
8
79340
1
0
0
8
79340
2
0
1
8
79540
1
0
0
8
79540
2
0
1
8
79740
1
0
0
8
79740
2
0
1
8
79940
1
0
0
8
79940
2
0
1
8
80140
1
0
0
8
80140
2
0
1
8
80340
1
0
0
8
80340
2
0
1
8
80540
1
0
0
8
80540
2
0
1
8
80740
1
0
0
8
80740
2
0
1
8
80940
1
0
0
8
80940
2
0
1
8
81140
1
0
0
8
81140
2
0
1
8
81340
1
0
0
8
81340
2
0
1
8
81540
1
0
0
8
81540
2
0
1
8
83960
0
0
0
6
83960
1
1
0
6
83960
2
1
1
7
83960
3
0
1
7
84880
3
0
0
7
84880
3
2
1
5
85520
0
0
1
6
85520
0
2
0
4
86480
3
0
0
7
86480
3
2
1
5
87020
0
0
0
1
87420
1
0
0
0
88000
0
2
0
4
88540
3
0
1
1
88920
2
0
1
0
89480
3
2
1
5
90060
0
0
0
1
90260
1
0
0
0
90460
2
0
0
1
90680
3
0
0
0
91600
3
0
0
7
91600
3
2
1
5
92520
0
0
1
6
92520
0
2
0
4
93120
3
0
1
1
93500
2
0
1
0
94020
3
2
1
5
94620
0
0
0
1
95000
1
0
0
0
96200
3
2
1
8
96400
3
1
1
8
96600
3
0
1
8
96800
3
1
1
8
97000
3
2
1
8
97080
0
2
0
4
97680
1
2
0
0
97680
2
2
1
0
98620
3
0
0
7
98620
3
2
1
5
99160
0
0
0
1
99560
1
0
0
0
100120
0
2
0
4
100680
3
0
1
1
101060
2
0
1
0
101620
3
2
1
5
102200
0
0
0
1
102400
1
0
0
0
102620
2
0
0
1
102800
3
0
0
0
103920
3
0
0
7
103920
3
2
1
5
104660
0
0
1
6
104660
0
2
0
4
105240
3
0
1
1
105620
2
0
1
0
106020
3
2
1
5
107580
1
0
0
1
107580
2
0
1
1
108640
2
0
1
6
108880
3
1
1
5
109220
1
0
0
7
109440
0
1
0
4
109800
3
0
1
1
110180
2
0
1
0
110740
3
2
1
5
111320
1
0
0
7
111700
0
1
0
4
112280
2
0
1
6
112460
3
1
1
5
112820
0
0
0
1
113200
1
0
0
0
113760
0
2
0
4
114360
3
0
1
1
114760
2
0
1
0
115140
1
0
1
1
115860
0
0
0
1
116260
1
0
0
0
116860
0
2
0
4
117400
3
0
1
1
117780
2
0
1
0
118360
3
2
1
5
118900
0
0
0
1
119280
1
0
0
0
120800
3
0
1
8
121000
3
1
1
8
121200
3
2
1
8
121360
0
0
0
1
121400
3
1
1
8
121600
3
0
1
8
121960
1
0
0
0
122880
0
2
0
4
123460
3
0
1
1
124220
2
0
1
0
124960
3
2
1
5
125920
0
0
1
6
125920
0
2
0
4
126500
3
0
1
1
126880
2
0
1
0
127060
1
0
1
1
128020
0
0
1
6
128020
0
2
0
4
128940
3
0
0
7
128940
3
2
1
5
129520
1
0
0
7
129520
2
0
1
6
129920
0
1
0
4
129920
3
1
1
5
132440
1
0
0
8
132440
2
0
1
8
132580
1
0
0
8
132580
2
0
1
8
132760
1
0
0
8
132760
2
0
1
8
132960
0
1
0
4
132960
3
1
1
5
146800
0
2
0
4
147460
3
2
1
5
148220
0
1
0
2
148560
3
1
1
3
149380
0
0
0
6
150140
1
0
1
6
150620
2
0
0
7
151120
3
0
1
7
152760
3
1
1
3
153940
3
0
1
7
154200
1
0
0
1
154520
2
0
1
1
155500
0
1
0
2
156160
3
1
1
3
156840
0
0
0
6
157520
1
0
0
1
157520
2
0
1
1
159240
0
0
0
6
159240
1
0
1
6
159840
2
0
0
7
159840
3
0
1
7
160340
0
1
0
2
160780
3
1
1
3
162240
0
1
0
2
162720
3
1
1
3
163480
1
0
0
5
163480
2
0
1
6
166060
3
0
1
7
166700
0
1
0
6
166700
1
0
1
6
167480
2
0
0
7
167480
3
1
1
7
168280
0
0
1
2
168280
0
1
0
2
169100
2
0
0
3
169100
2
1
1
3
169720
0
0
1
2
169720
0
1
0
2
171000
3
2
1
5
171940
0
2
0
4
172640
2
0
1
1
173540
1
0
0
1
174280
3
0
0
3
174280
3
1
1
3
175180
0
0
1
2
175180
0
1
0
2
175660
3
0
0
3
175660
3
1
1
3
177320
1
0
0
5
177320
2
0
1
6
178240
1
0
0
6
178240
2
0
1
5
178880
0
1
0
2
179600
3
1
1
3
180340
2
0
0
7
181140
1
0
1
6
183520
0
2
0
4
184360
3
2
1
5
184840
1
0
0
1
185660
2
0
1
1
186440
0
0
0
1
187000
1
0
1
1
187580
2
0
0
1
189400
3
0
1
1
189880
2
0
0
1
190600
1
0
1
1
191000
0
1
0
2
191740
3
1
1
3
192520
0
0
0
6
193060
3
0
1
7
193780
1
2
0
8
193780
2
2
1
8
194000
0
0
0
8
194000
1
1
0
8
194000
2
1
1
8
194000
3
0
1
8
194740
0
0
0
6
194740
3
0
1
7
195500
0
1
0
2
195500
3
1
1
3
196260
0
2
0
4
196260
3
2
1
5
197020
1
2
0
0
197020
2
2
1
0
197800
0
2
0
4
197800
3
2
1
5
198580
0
1
0
2
198580
3
1
1
3
199300
1
0
0
1
199300
2
0
1
1
199680
0
0
0
8
199920
0
0
0
8
200100
0
0
0
8
200820
1
0
0
1
200820
2
0
1
1
201600
0
1
0
2
201600
3
1
1
3
202380
0
2
0
4
202380
3
2
1
5
203080
1
2
0
0
203080
2
2
1
0
203879
0
2
0
4
203879
3
2
1
5
204220
1
2
0
8
204220
2
2
1
8
204600
1
2
0
8
204600
2
2
1
8
204980
1
2
0
8
204980
2
2
1
8
205380
1
2
0
8
205380
2
2
1
8
205740
1
2
0
8
205760
2
2
1
8
206180
1
2
0
8
206180
2
2
1
8
206520
1
2
0
8
206520
2
2
1
8
206880
1
2
0
8
206880
2
2
1
8
207260
1
2
0
8
207260
2
2
1
8
207640
1
2
0
8
207640
2
2
1
8
208040
1
2
0
8
208040
2
2
1
8
208399
1
2
0
8
208399
2
2
1
8
208819
1
2
0
8
208819
2
2
1
8
209179
1
2
0
8
209179
2
2
1
8
209559
1
2
0
8
209559
2
2
1
8
209899
1
2
0
8
209899
2
2
1
8
210299
1
2
0
8
210299
2
2
1
8
210699
1
2
0
8
210699
2
2
1
8
211079
1
2
0
8
211079
2
2
1
8
211439
1
2
0
8
211439
2
2
1
8
211780
1
2
0
8
211780
2
2
1
8
212240
1
0
0
8
212240
2
0
1
8
212440
1
0
0
8
212440
2
0
1
8
212640
1
0
0
8
212640
2
0
1
8
212840
1
0
0
8
212840
2
0
1
8
213040
1
0
0
8
213040
2
0
1
8
213240
1
0
0
8
213240
2
0
1
8
213440
1
0
0
8
213440
2
0
1
8
213640
1
0
0
8
213640
2
0
1
8
213840
1
0
0
8
213840
2
0
1
8
214040
1
0
0
8
214040
2
0
1
8
214240
1
0
0
8
214240
2
0
1
8
214440
1
0
0
8
214440
2
0
1
8
214640
1
0
0
8
214640
2
0
1
8
214840
1
0
0
8
214840
2
0
1
8
215040
1
0
0
8
215040
2
0
1
8
218020
2
0
1
6
218260
3
1
1
5
218600
1
0
0
7
218820
0
1
0
4
219180
3
0
1
1
219560
2
0
1
0
220120
3
2
1
5
220700
1
0
0
7
221080
0
1
0
4
221660
2
0
1
6
221840
3
1
1
5
222200
0
0
0
1
222580
1
0
0
0
223140
0
2
0
4
223740
3
0
1
1
224140
2
0
1
0
224520
1
0
1
1
225240
0
0
0
1
225640
1
0
0
0
226240
0
2
0
4
226780
3
0
1
1
227160
2
0
1
0
227740
3
2
1
5
228280
0
0
0
1
228660
1
0
0
0
230180
3
0
1
8
230380
3
1
1
8
230580
3
2
1
8
230740
0
0
0
1
230780
3
1
1
8
230980
3
0
1
8
231340
1
0
0
0
232260
0
2
0
4
232840
3
0
1
1
233600
2
0
1
0
234340
3
2
1
5
235300
0
0
1
6
235300
0
2
0
4
235880
3
0
1
1
236260
2
0
1
0
236440
1
0
1
1
237400
0
0
1
6
237400
0
2
0
4
238320
3
0
0
7
238320
3
2
1
5
238900
1
0
0
7
238900
2
0
1
6
239300
0
1
0
4
239300
3
1
1
5
242240
2
0
1
6
242480
3
1
1
5
242820
1
0
0
7
243040
0
1
0
4
243400
3
0
1
1
243780
2
0
1
0
244340
3
2
1
5
244920
1
0
0
7
245300
0
1
0
4
245880
2
0
1
6
246060
3
1
1
5
246420
0
0
0
1
246800
1
0
0
0
247360
0
2
0
4
247960
3
0
1
1
248360
2
0
1
0
248740
1
0
1
1
249460
0
0
0
1
249860
1
0
0
0
250460
0
2
0
4
251000
3
0
1
1
251380
2
0
1
0
251960
3
2
1
5
252500
0
0
0
1
252880
1
0
0
0
254400
3
0
1
8
254600
3
1
1
8
254800
3
2
1
8
254960
0
0
0
1
255000
3
1
1
8
255200
3
0
1
8
255560
1
0
0
0
256480
0
2
0
4
257060
3
0
1
1
257820
2
0
1
0
258560
3
2
1
5
259520
0
0
1
6
259520
0
2
0
4
260100
3
0
1
1
260480
2
0
1
0
260660
1
0
1
1
261620
0
0
1
6
261620
0
2
0
4
262560
3
0
0
7
262560
3
2
1
5
263120
1
0
0
7
263120
2
0
1
6
263520
0
1
0
4
263520
3
1
1
5
266020
1
0
0
8
266020
2
0
1
8
266199
1
0
0
8
266199
2
0
1
8
266379
1
0
0
8
266379
2
0
1
8
266579
1
0
0
8
266579
2
0
1
8
268440
1
0
0
7
268840
0
1
0
4
270320
2
0
1
6
270700
3
1
1
5
271100
3
0
1
1
271840
0
0
0
6
274880
3
0
1
7
276400
1
0
0
7
276780
0
1
0
4
277140
1
0
0
1
277580
2
0
1
6
277900
3
1
1
5
278680
0
0
0
8
278880
0
1
0
8
279080
0
2
0
8
279280
0
1
0
8
279480
0
0
0
8
280580
2
0
1
6
280960
3
1
1
5
282460
1
0
0
7
282860
0
1
0
4
283240
1
0
0
1
284000
2
0
1
6
284360
3
1
1
5
287020
1
0
0
7
287400
0
1
0
4
290060
1
0
0
8
290060
2
0
1
8
290260
1
0
0
8
290260
2
0
1
8
290460
1
0
0
8
290460
2
0
1
8
290660
1
0
0
8
290660
2
0
1
8
291200
0
2
0
4
291200
1
1
0
4
291200
2
1
1
5
291200
3
2
1
5
