Du Hast (One Saber)

125
12000
3
1
1
3
12750
3
0
1
1
13500
0
1
1
2
14250
0
0
1
1
15500
2
0
1
0
16000
3
1
1
3
16500
3
1
1
2
17000
2
0
1
1
17500
2
0
1
0
18000
2
0
1
1
18250
1
0
1
0
18500
2
0
1
1
19000
2
0
1
0
19250
1
0
1
1
19500
2
0
1
0
20000
3
1
1
3
20500
2
0
1
1
21000
2
0
1
0
21500
2
0
1
1
22000
1
0
1
0
22250
2
0
1
1
22500
1
0
1
0
23000
2
0
1
1
23250
1
0
1
0
23500
2
0
1
1
23750
1
0
1
0
24000
3
1
1
3
24500
3
1
1
2
25000
2
0
1
1
25500
2
0
1
0
26000
2
0
1
1
26250
1
0
1
0
26500
2
0
1
1
27000
2
0
1
0
27250
1
0
1
1
27500
2
0
1
0
28000
3
1
1
3
28500
2
0
1
1
29000
2
0
1
0
29500
2
0
1
1
30000
1
0
1
0
30250
2
0
1
1
30500
1
0
1
0
31000
2
0
1
1
31250
1
0
1
0
31500
2
0
1
1
31750
1
0
1
0
32000
3
1
1
3
32500
3
1
1
2
33000
2
0
1
1
33500
2
0
1
0
34000
2
0
1
1
34250
1
0
1
0
34500
2
0
1
1
35000
1
0
1
0
35250
2
0
1
1
35500
1
0
1
0
36000
2
0
1
1
36500
3
0
1
0
37000
2
0
1
1
37500
2
0
1
0
38000
2
0
1
1
38250
1
0
1
0
38500
2
0
1
1
39000
1
0
1
0
39250
2
0
1
1
39500
1
0
1
0
39750
2
0
1
1
40000
3
0
1
5
40500
3
1
1
4
41000
2
0
1
1
41500
2
0
1
0
42000
2
0
1
1
42250
1
0
1
0
42500
2
0
1
1
43000
1
0
1
0
43250
2
0
1
1
43500
1
0
1
0
43750
2
0
1
1
44000
2
1
1
0
45000
0
0
1
2
45750
1
0
1
3
46500
0
0
1
2
47500
2
0
1
1
48000
2
0
1
0
49000
0
0
1
2
49750
1
0
1
3
50500
0
0
1
2
51500
2
0
1
1
52000
2
0
1
0
53000
0
0
1
2
53750
1
0
1
3
54500
0
0
1
2
55500
2
0
1
1
56000
2
0
1
0
57000
3
1
1
3
57750
1
0
1
2
58500
1
0
1
3
59500
2
0
1
1
60000
2
0
1
0
60500
3
0
1
1
61000
2
0
1
0
61500
3
1
1
3
62500
3
1
1
2
63500
2
0
1
1
64000
2
0
1
0
64500
3
0
1
1
65000
2
0
1
0
65500
3
1
1
3
66500
3
1
1
2
67500
2
0
1
1
68000
2
0
1
0
68500
3
0
1
1
69000
2
0
1
0
69500
3
1
1
3
70500
2
0
1
1
71000
1
0
1
4
71500
2
0
1
7
72000
3
1
1
5
73000
0
1
1
2
74000
3
1
1
3
76000
2
0
1
1
77000
3
1
1
5
78000
0
0
1
2
79000
0
0
1
3
80000
2
0
1
2
81000
3
0
1
3
81500
3
1
1
2
83000
0
0
1
6
84000
0
1
1
0
85500
3
1
1
7
87000
1
0
1
6
88000
2
1
1
5
88500
2
2
1
4
89500
3
1
1
7
91000
2
0
1
6
92000
2
0
1
0
93000
0
0
1
2
93500
2
0
1
3
94000
0
0
1
0
94250
1
0
1
1
94500
0
0
1
0
95000
1
0
1
1
95250
0
0
1
0
95500
1
0
1
1
96000
3
0
1
3
96000
2
0
1
3
97000
1
0
1
2
97500
2
0
1
3
98000
1
0
1
0
98250
2
0
1
1
98500
1
0
1
0
99000
2
0
1
1
99250
1
0
1
0
99500
2
0
1
1
100000
2
0
1
0
101000
0
0
1
2
101500
2
0
1
3
102000
0
0
1
0
102250
1
0
1
1
102500
0
0
1
0
103000
1
0
1
1
103250
0
0
1
0
103500
1
0
1
1
104000
2
0
1
3
104000
3
0
1
3
105000
1
0
1
2
105500
2
0
1
3
106000
1
0
1
0
106250
2
0
1
1
106500
1
0
1
0
107000
2
0
1
1
107250
1
0
1
0
107500
2
0
1
1
108000
2
0
1
0
109000
1
0
1
1
110000
3
0
1
3
111000
0
0
1
2
112000
2
0
1
3
113000
3
1
1
0
113500
3
0
1
1
115000
1
0
1
4
116000
2
0
1
1
117500
3
1
1
5
119000
2
0
1
1
120000
3
2
1
5
120500
3
0
1
1
121500
1
0
1
2
123000
2
0
1
1
124000
2
0
1
0
125000
0
0
1
2
125500
1
0
1
3
126000
2
0
1
0
126250
1
0
1
1
126500
2
0
1
0
127000
1
0
1
1
127250
2
0
1
0
127500
1
0
1
1
128000
3
0
1
3
128000
2
0
1
3
129000
1
0
1
2
129500
3
0
1
3
130000
2
0
1
0
130250
1
0
1
1
130500
2
0
1
0
131000
1
0
1
1
131250
2
0
1
0
131500
1
0
1
1
132000
2
0
1
0
133000
0
0
1
2
133500
2
0
1
3
134000
0
0
1
0
134250
1
0
1
1
134500
0
0
1
0
135000
1
0
1
1
135250
0
0
1
0
135500
1
0
1
1
136000
2
0
1
3
136000
3
0
1
3
137000
1
0
1
2
137500
2
0
1
3
138000
1
0
1
0
138250
2
0
1
1
138500
1
0
1
0
139000
2
0
1
1
139250
1
0
1
0
140000
1
0
1
1
140250
2
0
1
0
140500
3
1
1
3
141000
3
1
1
2
141500
2
0
1
1
142000
1
0
1
0
142500
1
0
1
1
142750
2
0
1
0
143000
1
0
1
1
143500
0
0
1
4
144250
1
0
1
1
144500
0
0
1
0
144750
2
0
1
1
145000
1
0
1
0
145250
2
0
1
1
145500
1
0
1
0
145750
3
0
1
1
146000
2
0
1
0
146250
3
0
1
1
146500
2
0
1
0
148000
2
0
1
1
148250
1
0
1
0
148500
0
1
1
2
149000
0
1
1
3
149500
1
0
1
1
150000
2
0
1
0
150500
2
0
1
1
150750
1
0
1
0
151000
2
0
1
1
151500
3
0
1
5
152250
2
0
1
1
152500
3
0
1
0
152750
1
0
1
1
153000
2
0
1
0
153250
1
0
1
1
153500
2
0
1
0
153750
0
0
1
1
154000
1
0
1
0
154250
0
0
1
1
154500
1
0
1
0
156000
1
0
1
1
156250
2
0
1
0
156500
3
1
1
3
157000
3
1
1
2
157500
2
0
1
1
158000
1
0
1
0
158500
1
0
1
1
158750
2
0
1
0
159000
1
0
1
1
159500
0
0
1
4
160250
1
0
1
1
160500
0
0
1
0
160750
2
0
1
1
161000
1
0
1
0
161250
2
0
1
1
161500
1
0
1
0
161750
3
0
1
1
162000
2
0
1
0
162250
3
0
1
1
162500
2
0
1
0
164000
2
0
1
1
164250
1
0
1
0
164500
0
1
1
2
165000
0
1
1
3
165500
1
0
1
1
166000
2
0
1
0
166500
2
0
1
1
166750
1
0
1
0
167000
2
0
1
1
167500
3
0
1
5
168250
2
0
1
1
168500
3
0
1
0
168750
1
0
1
1
169000
2
0
1
0
169250
1
0
1
1
169500
2
0
1
0
169750
0
0
1
1
170000
1
0
1
0
170250
0
0
1
1
170500
1
0
1
0
172000
2
0
1
1
175500
2
0
1
1
176000
3
0
1
5
179500
2
0
1
1
180000
3
0
1
5
181000
3
1
1
2
184000
3
1
1
3
188000
2
0
1
1
191500
2
0
1
1
192000
3
0
1
5
195500
2
0
1
1
196000
3
0
1
5
197000
3
1
1
2
198000
2
0
1
1
199000
1
0
1
0
200000
3
1
1
3
201000
1
1
1
2
204000
3
1
1
3
204500
3
1
1
2
205000
2
0
1
1
205500
2
0
1
0
206000
2
0
1
1
206250
1
0
1
0
206500
2
0
1
1
207000
2
0
1
0
207250
1
0
1
1
207500
2
0
1
0
208000
3
1
1
3
208500
2
0
1
1
209000
2
0
1
0
209500
2
0
1
1
210000
1
0
1
0
210250
2
0
1
1
210500
1
0
1
0
211000
2
0
1
1
211250
1
0
1
0
211500
2
0
1
1
211750
1
0
1
0
212000
3
0
1
7
212500
3
0
1
0
213000
2
0
1
1
213500
2
0
1
0
214000
2
0
1
1
214250
1
0
1
0
214500
2
0
1
1
215000
1
0
1
0
215250
2
0
1
1
215500
1
0
1
0
215750
2
0
1
1
216000
3
0
1
0
216500
3
0
1
1
217000
2
0
1
0
217500
2
0
1
1
218000
1
0
1
0
218250
2
0
1
1
218500
1
0
1
0
219000
2
0
1
1
219250
1
0
1
0
219500
2
0
1
1
219750
1
0
1
0
220000
3
0
1
7
220500
3
1
1
0
221000
2
0
1
1
221500
2
0
1
0
222000
2
0
1
1
222250
1
0
1
0
222500
2
0
1
1
223000
1
0
1
0
223250
2
0
1
1
223500
3
0
1
5
224000
3
1
1
2
224500
2
0
1
1
225000
2
0
1
0
225500
2
0
1
1
226000
2
0
1
0
226250
1
0
1
1
226500
2
0
1
0
227000
1
0
1
1
227250
2
0
1
0
227500
1
0
1
1
227750
2
0
1
0
228000
3
0
1
1
228500
3
0
1
0
229000
2
0
1
1
229500
2
0
1
0
230000
2
0
1
1
230250
1
0
1
0
230500
2
0
1
1
231000
1
0
1
0
231250
2
0
1
1
231500
3
0
1
5
232000
3
1
1
2
232500
2
0
1
1
233000
2
0
1
0
233500
2
0
1
1
234000
2
0
1
0
234250
1
0
1
1
234500
2
0
1
0
235000
2
0
1
1
235250
1
0
1
0
235500
2
0
1
1
235750
1
0
1
0
236000
2
0
1
1
236500
3
1
1
8
237000
1
1
1
2
237500
3
1
1
8
238250
3
0
1
1
238500
3
1
1
8
239000
1
1
1
2
239500
2
0
1
1
240000
2
0
1
0
240500
3
1
1
8
241000
1
1
1
2
241500
3
1
1
8
242250
3
0
1
1
242500
3
1
1
8
243000
1
1
1
2
243500
3
1
1
8
244000
2
0
1
1
244500
3
1
1
8
245000
1
1
1
2
245500
3
1
1
8
246250
3
0
1
1
246500
2
0
1
0
247000
1
1
1
2
247500
3
1
1
8
248000
2
0
1
1
248500
3
1
1
8
249000
1
1
1
2
249500
3
1
1
8
250250
3
0
1
1
251000
1
1
1
2
251500
3
1
1
8
252000
2
0
1
1
252500
3
1
1
8
253000
1
1
1
2
253500
3
1
1
8
254250
3
0
1
1
255000
1
1
1
2
255500
2
0
1
1
256000
2
0
1
0
256500
3
1
1
8
257000
1
1
1
2
257500
3
1
1
8
258250
3
0
1
1
258500
2
0
1
0
259000
1
1
1
2
260000
2
0
1
1
260750
2
0
1
0
261500
3
1
1
3
262250
3
0
1
1
263500
2
0
1
0
264000
0
1
1
2
264750
0
0
1
1
265500
3
1
1
3
266250
3
0
1
1
268000
2
0
1
1
269000
1
0
1
0
270000
3
1
1
3
271000
0
1
1
2
272000
2
0
1
1
273000
3
2
1
5
273500
3
0
1
1
275000
2
0
1
2
276000
3
1
1
3
277500
1
0
1
6
279000
1
0
1
0
280000
3
1
1
3
280500
3
0
1
6
281500
2
1
1
0
283000
2
0
1
1
284000
2
0
1
0
285000
0
0
1
2
285500
2
0
1
3
286000
0
0
1
0
286250
1
0
1
1
286500
0
0
1
0
287000
1
0
1
1
287250
0
0
1
0
287500
1
0
1
1
288000
2
0
1
3
288000
3
0
1
3
289000
1
0
1
2
289500
2
0
1
3
290000
1
0
1
0
290250
2
0
1
1
290500
1
0
1
0
291000
2
0
1
1
291250
1
0
1
0
291500
2
0
1
1
292000
2
0
1
0
293000
0
0
1
2
293500
2
0
1
3
294000
0
0
1
0
294250
1
0
1
1
294500
0
0
1
0
295000
1
0
1
1
295250
0
0
1
0
295500
1
0
1
1
296000
2
0
1
3
296000
3
0
1
3
297000
1
0
1
2
297500
2
0
1
3
298000
1
0
1
0
298250
2
0
1
1
298500
1
0
1
0
299000
2
0
1
1
299250
1
0
1
0
299500
2
0
1
1
300000
2
1
1
0
301000
0
1
1
2
302000
3
1
1
3
303000
0
1
1
2
304000
2
0
1
7
305000
2
2
1
4
305500
3
0
1
1
306500
2
0
1
4
307000
1
0
1
3
308000
2
0
1
1
309000
3
1
1
5
309500
0
1
1
2
310750
1
0
1
7
312000
3
1
1
5
312500
2
0
1
6
313500
2
0
1
0
315000
1
0
1
1
316000
3
2
1
5
317000
3
0
1
1
317500
2
0
1
0
318000
1
0
1
1
318250
0
0
1
0
318500
1
0
1
1
319000
0
0
1
0
319250
1
0
1
1
319500
0
0
1
0
320000
2
0
1
3
320000
3
0
1
3
321000
1
0
1
2
321500
2
0
1
3
322000
3
0
1
0
322250
2
0
1
1
322500
3
0
1
0
323000
2
0
1
1
323250
3
0
1
0
323500
2
0
1
1
324000
2
0
1
0
325000
0
0
1
2
325500
2
0
1
7
326000
2
0
1
0
326250
1
0
1
1
326500
2
0
1
0
327000
1
0
1
1
327250
0
0
1
0
327500
1
0
1
1
328000
3
0
1
3
328000
2
0
1
3
329000
1
0
1
2
329500
2
0
1
3
330000
1
0
1
0
330250
2
0
1
1
330500
1
0
1
0
331000
2
0
1
1
331250
1
0
1
0
332000
1
0
1
1
332250
2
0
1
0
332500
3
1
1
3
333000
3
1
1
2
333500
2
0
1
1
334000
1
0
1
0
334500
1
0
1
1
334750
2
0
1
0
335000
1
0
1
1
335500
0
0
1
4
336250
1
0
1
1
336500
0
0
1
0
336750
2
0
1
1
337000
1
0
1
0
337250
2
0
1
1
337500
1
0
1
0
337750
3
0
1
1
338000
2
0
1
0
338250
3
0
1
1
338500
2
0
1
0
340000
2
0
1
1
340250
1
0
1
0
340500
0
1
1
2
341000
0
1
1
3
341500
1
0
1
1
342000
2
0
1
0
342500
2
0
1
1
342750
1
0
1
0
343000
2
0
1
1
343500
3
0
1
5
344250
2
0
1
1
344500
3
0
1
0
344750
1
0
1
1
345000
2
0
1
0
345250
1
0
1
1
345500
2
0
1
0
345750
0
0
1
1
346000
1
0
1
0
346250
0
0
1
1
346500
1
0
1
0
348000
3
2
1
5
349000
3
0
1
1
349500
2
0
1
0
350000
3
0
1
1
350500
2
0
1
0
350750
1
0
1
1
351000
0
0
1
0
352000
2
0
1
3
352000
3
0
1
3
353000
3
0
1
1
353250
2
0
1
0
353500
1
0
1
1
353750
0
0
1
0
354000
1
0
1
1
354250
2
0
1
0
354500
3
0
1
1
356000
3
2
1
5
357000
3
0
1
1
357500
1
0
1
0
358000
0
0
1
1
358500
0
0
1
0
358750
1
0
1
1
359000
0
0
1
0
360000
3
0
1
3
360000
2
0
1
3
361000
2
0
1
1
361250
3
0
1
0
361500
2
0
1
1
361750
3
0
1
0
362000
2
0
1
1
362250
1
0
1
0
362500
0
0
1
1
364000
2
1
1
3
364000
1
1
1
3
