Believer
Imagine Dragons
125
5000
1
0
0
1
5000
2
0
1
1
6000
0
0
0
0
6000
2
0
1
0
7000
3
0
1
1
8000
1
0
0
1
9000
2
0
1
0
10000
0
0
0
0
11000
3
1
1
3
12000
1
0
0
1
13000
2
0
1
0
14000
0
0
0
0
15000
3
1
1
3
16000
1
0
0
1
17000
2
0
1
0
18000
1
0
0
0
19000
2
0
1
1
19000
0
0
0
1
20000
3
1
1
0
21000
1
0
0
0
22000
2
0
1
1
23000
1
0
0
1
24000
2
0
1
0
25000
3
0
1
1
26000
0
1
0
2
27000
2
0
1
0
28000
1
0
0
0
29000
0
0
0
1
30000
3
0
1
3
31000
1
0
0
0
31000
2
0
1
0
32000
3
0
1
1
33000
2
0
0
1
34000
3
0
1
0
35000
1
0
0
0
36000
2
0
1
1
36000
1
0
0
1
37000
2
0
1
0
37000
1
0
0
0
39000
2
0
1
1
40000
0
0
0
1
41000
0
0
0
0
42000
3
0
1
3
43000
1
0
0
1
44000
2
0
1
0
45000
2
0
1
1
46000
0
0
0
0
47000
3
1
1
0
48000
1
0
0
1
49000
2
0
1
1
50000
2
0
1
0
50000
0
0
0
0
51000
1
0
1
1
51000
0
0
0
1
53000
1
0
0
0
53000
2
0
1
0
55000
3
0
1
3
56000
0
0
0
2
57000
3
1
1
0
58000
1
0
0
0
59000
2
0
1
1
60000
0
0
0
1
61000
0
1
0
0
62000
3
0
1
0
63000
1
0
0
1
64000
3
0
1
3
65000
0
1
0
0
66000
2
0
1
0
67000
2
0
1
1
68000
1
0
0
1
69000
1
0
0
0
69000
3
0
1
0
71000
0
0
0
1
71000
2
0
1
1
72000
1
0
1
0
73000
0
0
0
0
74000
2
0
1
3
75000
1
0
0
1
76000
2
0
1
0
77000
2
0
1
1
78000
0
1
0
0
79000
3
0
1
0
80000
1
0
0
1
81000
1
0
0
0
82000
2
0
1
1
83000
0
0
0
1
84000
1
0
0
0
84000
2
0
1
0
85000
1
0
0
1
85000
2
0
1
1
87000
3
1
1
0
88000
0
0
0
0
89000
0
0
0
1
89000
1
0
1
1
91000
2
0
1
0
92000
1
0
0
0
93000
3
0
1
1
93000
2
0
0
1
95000
2
0
1
0
96000
1
0
0
0
97000
1
0
1
1
97000
0
0
0
1
99000
2
0
1
0
100000
1
0
0
0
101000
1
0
0
1
101000
2
0
1
1
103000
1
1
0
0
103000
2
1
1
0
105000
3
1
1
3
106000
0
0
0
2
107000
2
0
1
0
108000
1
0
0
0
109000
0
0
0
1
109000
2
0
1
1
111000
2
0
1
0
112000
1
0
0
0
113000
1
0
1
1
113000
0
0
0
1
115000
3
0
1
3
117000
1
0
0
0
117000
2
0
1
0
119000
1
0
0
1
119000
2
0
1
1
120000
3
0
1
0
121000
1
0
0
0
122000
2
0
1
1
123000
0
1
0
2
124000
3
0
1
0
125000
3
0
1
1
126000
1
0
0
0
127000
2
1
1
0
128000
0
0
0
1
129000
1
0
1
1
130000
0
0
0
0
131000
0
0
0
1
132000
0
0
0
0
132000
2
0
1
0
133000
1
0
0
1
133000
3
0
1
1
135000
1
0
0
0
135000
2
0
1
0
137000
2
0
1
1
138000
1
0
0
1
139000
3
1
1
0
140000
0
0
0
0
141000
0
0
0
1
142000
2
0
1
1
143000
0
0
0
0
143000
1
0
1
0
144000
3
0
1
1
145000
3
0
1
0
146000
1
0
0
1
147000
2
0
1
1
148000
1
0
0
0
148000
2
0
1
0
149000
2
0
0
1
149000
3
0
1
1
151000
1
0
0
0
151000
3
0
1
0
153000
2
0
1
1
154000
1
0
0
1
155000
3
0
1
0
156000
3
0
1
1
157000
1
0
1
0
157000
0
0
0
0
159000
2
0
1
1
160000
1
0
0
1
161000
3
0
1
0
162000
3
0
1
1
163000
0
0
0
0
164000
0
0
0
1
167000
1
0
0
0
167000
2
0
1
0
169000
2
0
1
1
170000
1
0
0
1
171000
3
0
1
0
171000
2
0
0
0
172000
1
0
1
1
173000
0
0
0
1
175000
0
0
0
0
175000
1
0
1
0
176000
2
0
1
1
177000
1
0
0
1
179000
1
0
0
0
179000
3
0
1
0
180000
2
0
1
1
181000
1
0
0
1
183000
1
0
0
0
183000
2
0
1
0
184000
1
0
1
1
185000
0
0
0
1
187000
0
0
0
0
187000
2
0
1
0
188000
3
0
1
1
189000
2
0
0
1
191000
2
0
0
0
191000
3
0
1
0
192000
2
0
1
1
193000
1
0
0
1
195000
1
0
0
0
195000
2
0
1
0
196000
2
0
1
1
197000
3
1
1
0
198000
1
0
0
1
199000
1
0
0
0
200000
3
0
1
1
201000
2
0
0
1
202000
2
0
1
0
203000
0
0
0
0
204000
2
0
1
1
205000
1
0
0
1
206000
2
1
1
0
207000
0
0
0
0
208000
1
0
1
1
209000
0
0
0
1
211000
0
0
0
0
211000
1
0
1
0
212000
3
0
1
3
213000
0
0
0
2
215000
1
0
0
1
215000
2
0
1
1
216000
1
0
1
0
217000
0
0
0
0
219000
2
0
0
1
219000
3
0
1
1
220000
3
0
1
0
221000
2
0
0
0
223000
2
0
1
1
223000
1
0
0
1
224000
2
0
1
0
225000
3
0
1
1
226000
1
0
0
0
227000
1
0
0
1
228000
1
0
0
0
228000
2
0
1
0
229000
2
0
1
1
230000
1
0
0
1
230997
2
0
1
0
232000
1
0
0
0
233000
2
0
1
1
234000
3
0
1
0
235000
0
0
0
1
236000
0
0
0
0
237000
1
0
0
1
237000
2
0
1
1
239000
3
0
1
0
240000
2
0
0
0
241000
2
0
1
1
241000
1
0
0
1
242000
2
0
1
0
243000
1
0
0
0
245000
2
0
1
1
245000
0
0
0
1
247000
0
1
0
0
248000
3
0
1
0
249000
1
0
1
1
249000
0
0
0
1
251000
1
0
0
0
251000
2
0
1
0
252000
3
0
1
1
253000
3
0
1
0
255000
2
0
1
1
255000
1
0
0
1
256000
0
0
0
0
257000
0
0
0
1
259000
1
0
1
0
259000
0
0
0
0
261000
0
0
0
1
261000
2
0
1
1
263000
0
0
0
0
263000
2
0
1
0
264000
2
0
1
1
265000
1
0
0
1
267000
3
0
1
0
267000
2
0
0
0
268000
3
0
1
1
269000
1
0
0
1
271000
1
0
0
0
271000
2
0
1
0
272000
3
0
1
1
273000
2
0
0
1
275000
2
0
1
0
275000
1
0
0
0
277000
2
0
1
1
278000
0
1
0
2
279000
3
1
1
0
281000
1
0
0
1
282000
1
0
0
0
283000
3
0
1
1
284000
2
0
1
0
285000
1
0
0
1
285000
2
0
1
1
287000
0
0
0
0
287000
2
0
1
0
289000
2
0
1
1
290000
3
0
1
0
291000
1
0
0
1
292000
0
0
0
0
293000
1
0
0
1
293000
3
0
1
1
295000
0
1
0
0
296000
2
0
1
0
297000
1
0
0
1
298000
3
1
1
3
299000
0
0
0
2
300000
2
0
1
1
301000
1
0
0
1
303000
1
0
0
0
303000
2
0
1
0
304000
2
0
1
1
305000
1
0
0
1
307000
0
1
0
0
307000
1
1
1
0
308000
3
0
1
1
309000
3
0
1
0
316000
3
0
1
1
317000
2
0
1
0
324000
0
0
0
1
325000
1
0
0
0
329000
2
0
1
1
332000
1
0
0
1
333000
0
1
0
0
337000
3
0
1
1
339000
0
0
0
2
341000
2
0
1
1
344000
1
0
1
1
345000
0
0
0
1
348000
3
0
1
1
349000
2
0
0
1
352000
2
0
1
1
353000
1
0
0
1
358999
0
1
0
0
358999
3
1
1
0
361000
2
0
1
1
362000
1
0
0
1
363000
1
0
0
0
363000
2
0
1
0
365000
3
0
1
1
366000
0
0
0
1
367000
0
0
0
0
367000
1
0
1
0
369000
2
0
1
3
370000
1
0
0
1
371000
2
0
1
0
372000
3
0
1
1
373000
1
0
0
0
373000
2
0
1
0
375000
3
1
1
3
376000
1
0
1
1
377000
0
0
0
1
378000
2
0
1
0
379000
1
0
0
0
380000
3
0
1
1
381000
3
0
1
0
383000
0
0
0
1
383000
2
0
1
1
385000
2
0
1
0
386000
1
0
0
0
387000
3
0
1
1
387000
2
0
0
1
389000
3
0
1
0
389000
2
0
0
0
391000
0
1
0
2
392000
3
0
1
1
393000
2
0
0
1
394000
3
0
1
0
395000
1
0
0
0
396000
2
0
1
1
397000
2
0
1
0
399000
0
0
0
1
399000
1
0
1
1
401000
2
0
1
0
402000
1
0
0
0
403000
3
0
1
3
404000
0
0
0
2
405000
3
1
1
0
407000
3
0
1
1
407000
1
0
0
1
409000
2
0
1
0
410000
1
0
0
0
411000
1
0
0
1
411000
2
0
1
1
413000
1
0
0
0
413000
2
0
1
0
415000
3
1
1
3
416000
1
0
0
1
417000
2
0
1
0
418000
0
0
0
0
