POP/STARS (One Saber)

170
16000
2
0
1
1
17000
1
0
1
0
18000
2
0
1
1
20000
0
1
1
2
21000
3
1
1
3
22000
1
0
1
1
23500
1
0
1
0
24000
2
0
1
1
25000
2
0
1
0
26000
1
0
1
1
27000
3
0
1
5
28000
3
1
1
2
28500
2
0
1
1
29000
2
0
1
0
29500
1
0
1
1
30000
1
0
1
0
31000
3
1
1
3
33000
1
0
1
1
34000
2
0
1
0
35000
0
1
1
2
36000
0
1
1
3
37000
2
0
1
1
38000
0
0
1
0
39000
1
0
1
1
40000
3
1
1
0
41000
1
0
1
6
42000
3
1
1
3
43000
1
0
1
6
44000
2
2
1
0
45000
3
0
1
1
46000
1
2
1
0
47000
0
0
1
1
49000
3
1
1
3
50000
3
1
1
2
51000
2
0
1
1
52000
2
2
1
8
53000
2
0
1
1
54000
1
0
1
0
55000
2
0
1
1
56000
3
1
1
0
57000
1
0
1
1
58000
2
0
1
0
59000
0
1
1
2
60000
3
0
1
7
61000
3
0
1
4
62000
0
0
1
6
63000
0
0
1
5
65000
2
0
1
1
65500
3
1
1
5
67000
3
1
1
2
67500
2
0
1
1
68000
1
0
1
0
69000
3
1
1
3
70000
0
1
1
2
71000
3
1
1
3
73000
2
0
1
1
73500
1
0
1
0
75000
0
1
1
2
76000
2
0
1
1
76500
1
0
1
0
77000
2
0
1
1
78000
3
0
1
5
81000
2
0
1
1
82000
3
1
1
0
83000
3
0
1
1
84000
0
1
1
2
85000
1
0
1
1
86000
3
1
1
3
87000
1
0
1
1
88000
0
0
1
0
89000
2
0
1
1
90000
3
0
1
0
91000
1
0
1
1
92000
3
1
1
5
93000
2
0
1
1
94000
0
1
1
4
95000
1
0
1
1
96000
3
2
1
5
98500
3
1
1
2
99000
1
0
1
1
99500
2
0
1
0
100000
3
1
1
3
101000
3
1
1
2
102000
1
0
1
1
103000
3
1
1
5
104500
3
1
1
2
106500
1
0
1
1
107000
2
0
1
0
108000
3
0
1
1
109000
2
0
1
0
109500
0
0
1
6
110000
0
1
1
0
111000
3
0
1
7
111500
3
1
1
0
114500
1
0
1
1
115500
3
0
1
0
116000
1
0
1
1
117000
0
0
1
0
118000
3
2
1
8
119000
0
2
1
8
122500
3
1
1
5
123000
3
0
1
1
124000
1
0
1
0
124500
2
0
1
1
125500
1
0
1
0
126000
0
0
1
1
127000
3
1
1
5
127500
3
0
1
1
128500
2
0
1
0
130500
2
0
1
1
131000
1
0
1
0
132000
3
1
1
5
133000
1
0
1
6
133500
3
0
1
3
134000
1
0
1
2
135000
3
1
1
5
136500
2
0
1
1
137000
1
0
1
0
138500
3
1
1
3
139000
3
1
1
2
140000
1
0
1
1
141000
1
0
1
0
142000
3
1
1
3
143000
1
0
1
1
143500
2
0
1
0
144500
2
0
1
1
145000
3
0
1
0
146000
1
0
1
1
147000
0
2
1
4
148000
3
1
1
3
148500
2
0
1
1
149000
1
0
1
0
149500
2
0
1
1
150000
1
0
1
0
151000
3
2
1
5
152000
2
0
1
1
152500
2
0
1
0
153000
1
0
1
1
153500
1
0
1
0
154000
3
1
1
3
155000
0
1
1
2
157000
1
0
1
1
157500
1
0
1
0
158000
2
0
1
1
158500
2
0
1
0
159000
1
0
1
1
159500
1
0
1
0
160000
0
1
1
2
161000
3
0
1
7
162000
0
0
1
6
163000
3
0
1
7
164000
0
0
1
6
165000
3
0
1
7
166000
0
0
1
6
167000
3
1
1
3
167500
3
1
1
2
168000
2
0
1
1
169000
1
0
1
0
170000
2
0
1
1
171000
3
0
1
5
171500
3
1
1
2
172000
2
2
1
8
173000
2
0
1
1
174000
1
0
1
0
175000
3
1
1
3
175500
3
1
1
2
176000
3
2
1
5
177000
3
0
1
1
178000
1
0
1
0
179000
2
0
1
1
180000
0
0
1
0
181000
2
0
1
1
182000
1
0
1
0
183000
2
0
1
1
183500
2
0
1
0
184000
3
1
1
3
185000
1
0
1
1
185500
2
0
1
0
186000
1
0
1
6
187000
3
1
1
3
188000
0
0
1
6
189250
0
0
3
1
189250
1
0
3
1
189250
2
0
3
1
189250
3
0
3
1
190500
2
0
1
1
191000
1
0
1
0
192000
3
0
1
1
192000
3
1
1
1
193000
0
2
3
1
193000
1
2
3
1
193000
2
2
3
1
193000
3
2
3
1
194000
1
0
1
0
195000
3
1
1
3
195500
3
1
1
2
196000
2
0
1
1
196500
2
0
1
0
197500
1
0
1
1
198000
1
0
1
0
198500
2
0
1
1
199000
3
0
1
0
200000
0
0
1
2
200000
1
0
1
2
201000
0
0
3
1
201000
1
0
3
1
201000
2
0
3
1
201000
3
0
3
1
202000
3
1
1
3
203000
2
0
1
1
203500
1
0
1
0
204000
2
0
1
1
204750
0
0
1
0
205500
3
1
1
3
206000
2
0
1
1
206500
2
0
1
0
207000
0
0
1
6
208000
3
2
1
8
208750
0
0
3
1
208750
1
0
3
1
208750
2
0
3
1
208750
3
0
3
1
210000
1
0
1
1
211000
2
0
1
0
211500
3
1
1
3
212000
3
1
1
2
212750
2
0
1
1
213500
1
0
1
0
214000
0
1
1
2
215000
0
1
1
3
217000
2
0
1
1
217500
2
0
1
0
218000
1
0
1
1
218500
1
0
1
0
219000
2
0
1
1
219500
2
0
1
0
220000
0
1
1
2
221000
3
0
1
7
222000
0
0
1
6
223000
3
1
1
3
224000
2
0
1
1
232000
2
0
1
1
233000
3
1
1
5
235000
0
0
1
2
236500
2
0
1
3
237000
2
0
1
2
238000
3
0
1
3
238500
3
0
1
2
240000
1
0
1
3
242000
3
0
1
2
243000
1
0
1
3
244500
2
0
1
2
245000
2
0
1
3
246000
0
0
1
2
247000
3
0
1
3
248000
2
0
1
1
248500
0
1
1
2
249000
0
1
1
3
250000
1
0
1
1
251000
3
0
1
0
252500
1
0
1
1
253000
2
0
1
0
254000
3
1
1
3
255000
0
0
1
2
256000
2
0
1
3
258000
0
0
1
2
259000
3
0
1
3
260000
3
1
1
2
260500
3
1
1
3
261000
2
0
1
1
261500
2
0
1
0
262000
3
0
1
1
262500
2
0
1
0
263000
1
0
1
1
263500
0
0
1
0
264000
2
0
1
1
265000
0
2
3
1
265000
1
2
3
1
265000
2
2
3
1
265000
3
2
3
1
266000
3
1
1
5
267000
0
1
1
2
268500
1
0
1
1
269000
2
0
1
0
270000
0
1
1
2
272000
2
0
1
1
272875
3
1
1
5
273500
0
0
3
1
273500
1
0
3
1
273500
2
0
3
1
273500
3
0
3
1
274000
3
1
1
2
275000
2
0
1
1
276500
1
0
1
0
277000
2
0
1
1
278000
2
0
1
0
279000
0
0
1
2
280500
3
1
1
3
281000
3
1
1
2
282000
2
0
1
1
283000
3
0
1
0
283500
2
0
1
1
284000
0
1
1
4
285000
3
1
1
3
285500
3
1
1
2
286000
2
0
1
1
287000
2
0
1
0
288000
3
1
1
3
289000
3
1
1
2
290000
1
0
1
1
291000
1
0
1
0
292000
3
0
1
7
292667
0
0
1
6
293333
3
1
1
3
294000
0
1
1
2
295000
3
1
1
3
296000
1
2
1
4
304000
2
0
1
1
310000
0
0
3
6
310000
1
0
3
6
310000
2
0
3
6
310000
3
0
3
6
312000
2
0
1
1
313000
0
0
1
0
314000
2
0
1
1
315000
3
2
1
5
316000
2
0
1
1
316500
1
0
1
0
317000
2
0
1
1
317500
1
0
1
0
318000
2
0
1
1
319000
0
2
1
4
320000
3
0
1
7
321000
0
0
1
6
322000
2
0
1
1
323000
3
0
1
0
325000
1
0
1
1
325500
1
0
1
0
326000
2
0
1
1
326500
2
0
1
0
327000
1
0
1
1
327500
1
0
1
0
328000
0
1
1
2
329000
3
0
1
7
330000
0
0
1
6
331000
3
0
1
7
332000
0
0
1
6
333000
3
0
1
7
334000
0
0
1
6
335000
3
1
1
3
335500
3
1
1
2
336000
2
0
1
1
337000
1
0
1
0
338000
2
0
1
1
339000
3
0
1
5
339500
3
1
1
2
340000
2
2
1
8
341000
2
0
1
1
342000
1
0
1
0
343000
3
1
1
3
344000
3
2
1
4
345000
3
0
1
1
346000
1
0
1
0
347000
2
0
1
1
348000
0
0
1
0
349000
2
0
1
1
350000
1
0
1
0
351000
2
0
1
1
351500
2
0
1
0
352000
3
1
1
3
353000
3
1
1
2
353500
1
0
1
1
354000
2
0
1
0
355000
3
1
1
3
356000
0
0
1
6
357250
0
0
3
5
357250
1
0
3
5
357250
2
0
3
5
357250
3
0
3
5
358500
2
0
1
1
359000
2
0
1
0
360000
3
0
1
1
360000
3
1
1
1
361000
0
2
3
5
361000
1
2
3
5
361000
2
2
3
5
361000
3
2
3
5
362000
0
0
1
0
363000
3
1
1
3
363500
3
1
1
2
364000
2
0
1
1
364500
2
0
1
0
365500
1
0
1
1
366000
1
0
1
0
366500
2
0
1
1
367000
3
0
1
0
368000
0
0
1
2
368000
1
0
1
2
369250
0
0
3
5
369250
1
0
3
5
369250
2
0
3
5
369250
3
0
3
5
370000
3
1
1
3
371000
2
0
1
1
371500
1
0
1
0
372000
2
0
1
1
372750
0
0
1
0
373500
3
1
1
3
374000
2
0
1
1
374500
2
0
1
0
375000
0
0
1
6
376000
3
2
1
8
376750
0
0
3
5
376750
1
0
3
5
376750
2
0
3
5
376750
3
0
3
5
378000
1
0
1
1
379000
2
0
1
0
379500
3
1
1
3
380000
3
1
1
2
380750
2
0
1
1
381500
1
0
1
0
382000
0
1
1
2
383000
0
1
1
3
385000
1
0
1
1
385500
1
0
1
0
386000
2
0
1
1
386500
2
0
1
0
387000
1
0
1
1
387500
1
0
1
0
388000
0
1
1
2
389000
3
0
1
7
390000
0
0
1
6
391000
3
1
1
3
392000
2
0
1
1
396000
0
0
1
4
400000
3
1
1
3
404000
1
0
1
1
408000
2
2
1
0
412000
0
1
1
2
416000
3
0
1
7
420000
0
0
1
2
424000
3
1
1
3
427000
0
0
1
6
428000
3
1
1
3
429500
3
1
1
2
430500
1
0
1
1
431000
2
0
1
0
432000
0
1
1
2
433500
1
0
1
1
435000
3
0
1
0
436000
2
0
1
1
437500
0
0
1
0
438500
2
0
1
1
439000
1
0
1
0
440000
3
1
1
3
441000
3
0
1
1
442000
2
0
1
0
443000
1
0
1
1
444000
0
0
1
0
445500
3
0
1
3
446500
3
1
1
2
447000
3
2
1
5
448000
2
0
1
1
449000
1
0
1
0
450000
3
0
1
1
451000
1
0
1
0
452000
2
0
1
1
452500
2
0
1
0
453000
1
0
1
1
453500
1
0
1
0
454000
3
0
1
7
454500
3
0
1
4
455000
0
0
1
6
455500
0
0
1
5
461000
2
0
1
1
461500
2
0
1
0
462000
1
0
1
1
462500
1
0
1
0
463000
2
0
1
1
463500
2
0
1
0
464000
0
1
1
2
465000
3
0
1
7
466000
0
0
1
6
467000
3
0
1
7
468000
0
0
1
6
469000
3
0
1
7
470000
0
0
1
6
471000
3
1
1
3
471500
3
1
1
2
472000
2
0
1
1
473000
1
0
1
0
474000
2
0
1
1
475000
3
0
1
5
475500
3
1
1
2
476000
2
2
1
8
477000
1
0
1
1
478000
2
0
1
0
479000
1
0
1
1
480000
0
1
1
0
481000
2
0
1
1
482000
0
0
1
0
483000
2
0
1
1
484000
1
0
1
0
485000
3
0
1
1
486000
1
0
1
0
487000
2
0
1
1
487500
2
0
1
0
488000
3
1
1
3
489000
1
0
1
1
490000
2
0
1
0
491000
3
1
1
3
492000
0
0
1
6
494500
2
0
1
1
495000
2
0
1
0
496000
3
0
1
1
496000
3
1
1
1
497000
0
2
3
1
497000
1
2
3
1
497000
2
2
3
1
497000
3
2
3
1
498000
1
0
1
0
499000
3
1
1
3
499500
3
1
1
2
500000
2
0
1
1
500500
2
0
1
0
501500
1
0
1
1
502000
1
0
1
0
502500
2
0
1
1
503000
3
0
1
0
504000
0
0
1
1
504000
0
1
1
1
505000
0
2
3
1
505000
1
2
3
1
505000
2
2
3
1
505000
3
2
3
1
506000
3
1
1
5
507000
2
0
1
1
507500
1
0
1
0
508000
2
0
1
1
508750
0
0
1
0
509500
3
1
1
3
510000
2
0
1
1
510500
2
0
1
0
511000
0
0
1
6
512000
3
2
1
8
512750
0
0
3
1
512750
1
0
3
1
512750
2
0
3
1
512750
3
0
3
1
514000
1
0
1
1
515000
2
0
1
0
515500
3
1
1
3
516000
3
1
1
2
516750
2
0
1
1
517500
1
0
1
0
518000
0
1
1
2
519000
0
1
1
3
521000
1
0
1
1
521500
1
0
1
0
522000
2
0
1
1
522500
2
0
1
0
523000
1
0
1
1
523500
1
0
1
0
524000
0
1
1
2
525000
3
0
1
7
526000
0
0
1
6
527000
3
1
1
3
528000
2
0
1
1
