Under The Sea
Samuel E Wright
200
4000
1
0
0
1
6000
2
0
1
1
8000
1
0
0
0
10000
3
1
1
5
12000
2
0
1
1
14000
1
0
0
1
16000
2
0
1
0
18000
0
1
0
4
20000
1
0
0
1
22000
2
0
1
1
24000
0
0
0
0
26000
3
0
1
3
28000
2
0
1
1
30000
1
0
0
1
32000
3
0
1
0
34000
0
0
0
2
36000
2
0
1
1
36000
1
0
0
1
40000
2
0
1
0
40000
1
0
0
0
44000
3
0
0
3
44000
3
1
1
3
48000
0
0
1
2
48000
0
1
0
2
52000
2
0
0
3
54000
0
0
0
2
56000
1
0
1
2
58000
3
0
1
3
60000
1
0
0
1
62000
2
0
1
1
64000
1
0
0
0
66000
2
0
1
0
68000
1
0
1
6
68000
0
1
0
6
72000
2
0
0
7
72000
3
1
1
7
76000
2
0
1
1
76000
1
0
0
1
80000
2
0
1
0
80000
1
0
0
0
84000
1
0
0
1
86000
2
0
1
1
88000
1
0
0
0
90000
2
0
1
0
92000
0
0
0
1
92000
3
0
1
1
96000
2
0
1
0
96000
1
0
0
0
104000
0
0
0
1
108000
0
2
0
0
112000
0
0
0
2
116000
2
0
1
3
120000
2
0
1
1
124000
2
2
1
0
128000
0
0
1
2
128000
0
1
0
2
132000
2
0
0
3
132000
2
1
1
3
136000
2
0
0
3
140000
0
1
0
2
144000
0
0
1
2
148000
2
1
1
3
152000
2
0
1
1
152000
0
0
0
1
160000
1
0
0
1
162000
2
0
1
1
164000
1
0
0
0
166000
3
1
1
5
168000
2
0
1
1
170000
1
0
0
1
172000
2
0
1
0
174000
0
1
0
4
176000
1
0
0
1
178000
2
0
1
1
180000
0
0
0
0
182000
3
0
1
3
184000
2
0
1
1
186000
1
0
0
1
188000
3
0
1
0
190000
0
0
0
2
192000
2
0
1
1
192000
1
0
0
1
196000
2
0
1
0
196000
1
0
0
0
200000
3
0
0
3
200000
3
1
1
3
204000
0
0
1
2
204000
0
1
0
2
208000
2
0
0
3
210000
0
0
0
2
212000
1
0
1
2
214000
3
0
1
3
216000
1
0
0
1
218000
2
0
1
1
220000
1
0
0
0
222000
2
0
1
0
224000
1
0
1
6
224000
0
1
0
6
228000
2
0
0
7
228000
3
1
1
7
232000
1
0
0
1
232000
2
0
1
1
236000
1
0
0
0
236000
2
0
1
0
244000
0
0
0
1
248000
0
2
0
0
252000
0
0
0
2
256000
2
0
1
3
260000
2
0
1
1
264000
2
2
1
0
268000
0
0
1
2
268000
0
1
0
2
272000
2
0
0
3
272000
2
1
1
3
276000
2
0
0
3
280000
0
1
0
2
284000
0
0
1
2
288000
2
1
1
3
292000
2
0
1
1
292000
0
0
0
1
300000
1
0
0
1
302000
2
0
1
1
304000
1
0
0
0
306000
3
1
1
5
308000
0
0
0
1
310000
1
0
1
1
312000
2
0
0
0
314000
3
0
1
0
316000
0
0
1
2
316000
0
1
0
2
320000
3
0
0
3
320000
3
1
1
3
324000
2
0
1
1
324000
1
0
0
1
328000
2
0
1
0
328000
1
0
0
0
332000
0
1
0
2
336000
3
1
1
3
340000
1
0
0
1
342000
2
0
1
1
344000
1
0
0
0
348000
2
0
1
1
348000
1
0
0
1
352000
2
0
1
0
352000
1
0
0
0
356000
1
0
0
1
358000
2
0
1
1
360000
1
0
0
0
362000
3
1
1
5
364000
1
0
0
1
366000
0
0
0
0
368000
2
0
1
0
370000
3
0
1
0
372000
2
0
0
3
374000
0
0
0
2
376000
1
0
1
2
378000
3
0
1
3
380000
2
0
0
5
382000
0
0
0
6
384000
1
0
1
4
386000
3
0
1
7
388000
2
0
1
0
388000
1
0
0
0
390000
1
0
0
1
390000
2
0
1
1
392000
0
0
0
0
392000
3
0
1
0
396000
1
0
0
1
398000
0
0
0
0
400000
2
0
1
1
402000
3
0
1
0
404000
1
0
0
6
406000
0
0
0
5
408000
2
0
1
7
410000
3
0
1
4
412000
2
0
0
3
414000
0
0
0
2
416000
1
0
1
2
418000
3
0
1
3
420000
1
0
0
1
422000
2
0
1
1
424000
1
0
0
0
424000
2
0
1
0
428000
0
0
0
1
428000
2
0
1
1
432000
1
0
0
0
432000
3
0
1
0
436000
1
0
1
6
436000
0
1
0
6
440000
2
0
0
7
440000
3
1
1
7
444000
0
0
1
2
444000
0
1
0
2
448000
3
0
0
3
448000
3
1
1
3
452000
0
1
0
4
456000
3
1
1
5
460000
3
0
0
7
464000
0
0
1
6
468000
0
1
0
2
472000
3
1
1
3
476000
2
0
1
1
476000
0
0
0
1
480000
1
0
0
0
480000
3
0
1
0
484000
1
0
0
1
486000
2
0
1
1
488000
1
0
0
0
490000
3
1
1
5
492000
2
0
1
1
494000
1
0
0
1
496000
2
0
1
0
498000
0
1
0
4
500000
1
0
0
1
502000
2
0
1
1
504000
1
0
0
0
506000
3
1
1
5
508000
1
0
0
1
508000
2
0
1
1
510000
1
0
0
0
510000
2
0
1
0
512000
0
0
0
1
512000
3
0
1
1
516000
0
0
0
1
520000
0
2
0
0
524000
2
0
1
1
528000
2
2
1
0
532000
0
0
0
2
536000
2
0
0
3
540000
2
0
1
3
544000
0
0
1
2
548000
2
0
0
3
548000
2
1
1
3
552000
0
0
1
2
552000
0
1
0
2
556000
0
0
0
1
558000
2
0
1
1
560000
1
0
0
0
564000
0
0
0
1
564000
2
0
1
1
568000
0
1
0
0
568000
2
1
1
0
576000
1
0
0
0
578000
3
1
1
5
580000
2
0
1
1
582000
1
0
0
1
584000
2
0
1
0
586000
1
0
0
0
588000
2
0
1
1
590000
1
0
0
1
592000
2
0
1
0
594000
0
1
0
4
596000
2
0
1
1
598000
1
0
0
1
600000
3
0
1
0
602000
0
0
0
2
604000
3
0
1
3
606000
2
0
0
0
608000
1
0
0
1
610000
0
0
1
2
612000
3
0
1
3
614000
1
0
0
1
616000
2
0
1
1
618000
2
0
1
0
618000
1
0
0
0
620000
3
0
1
1
620000
0
0
0
1
622000
2
0
0
3
624000
0
0
0
2
626000
1
0
1
2
628000
3
0
1
3
630000
2
0
1
1
630000
1
0
0
1
632000
2
0
1
0
632000
1
0
0
0
634000
3
0
1
7
634000
0
0
0
6
