Love The Way You Lie (ft Rihanna)
Eminem
87
42710
0
0
0
1
42710
1
0
1
1
43710
3
0
1
0
44710
1
0
0
0
45210
2
0
1
1
45710
1
0
0
1
46710
2
0
0
0
46710
3
0
1
0
47710
0
0
0
1
48710
2
0
1
1
49210
1
0
0
5
49710
3
0
1
0
50710
0
1
0
2
50710
2
0
1
1
51710
2
0
1
0
52710
1
0
0
1
53210
3
1
1
3
53710
2
0
1
1
54710
0
0
0
0
54710
2
0
1
0
55710
1
0
0
1
56710
2
0
1
1
57210
1
0
0
0
57710
2
0
1
0
58210
0
1
0
2
58210
3
1
1
3
58710
1
0
0
1
58710
2
0
1
1
59710
0
0
0
0
59710
3
0
1
0
60710
1
0
0
1
61210
2
0
1
1
61710
0
0
0
4
62710
1
0
0
7
62710
3
0
1
4
63710
2
0
1
1
64710
0
0
0
0
65210
3
0
1
0
65710
1
0
0
1
65710
2
0
1
1
66710
1
2
0
0
66710
2
2
1
0
67710
0
0
0
6
68710
1
0
1
6
69210
0
0
0
5
69710
2
0
1
5
70210
1
0
0
7
70210
3
0
1
7
70710
1
0
0
4
70710
3
0
1
4
71710
0
0
0
1
71710
1
0
1
1
72710
2
0
0
0
72710
3
0
1
0
73710
0
0
0
1
74210
1
0
1
1
74710
0
0
0
0
74710
1
0
1
0
75710
2
0
0
1
75710
3
0
1
1
76710
0
0
0
0
77210
1
0
1
0
77710
2
1
1
3
78210
0
0
0
1
78710
0
0
0
0
78710
1
0
1
1
79710
2
0
1
0
80210
1
0
0
1
80710
2
0
1
1
81710
0
0
0
0
81710
3
0
1
0
82710
1
0
1
1
82710
2
0
0
1
83710
3
0
1
0
84210
2
0
1
1
84710
0
0
0
0
85210
1
0
0
1
85710
1
0
0
0
85710
2
0
1
0
86710
0
0
0
6
86710
3
0
1
7
87710
1
0
0
0
88710
2
0
1
0
89710
0
0
0
6
90210
3
0
1
7
90710
1
0
0
0
90710
2
0
1
0
91710
0
1
0
2
92710
3
1
1
3
93210
1
0
0
1
93710
2
0
1
1
94210
0
0
0
0
94710
1
0
0
1
94710
3
0
1
0
95710
0
0
0
0
95710
2
0
1
1
96710
3
0
1
0
97210
1
0
0
1
97710
2
0
1
1
98710
0
0
0
0
98710
1
0
1
0
99710
1
0
0
1
99710
2
0
1
1
100710
1
0
0
0
100710
2
0
1
0
101710
0
0
0
1
102210
1
0
1
1
102710
0
0
0
0
103210
1
0
1
0
103710
0
0
0
1
104210
1
0
1
1
104710
0
0
0
0
104710
1
0
1
0
106710
1
0
0
1
106710
2
0
1
1
107710
2
0
0
0
107710
3
0
1
0
108710
0
0
0
1
108710
1
0
1
1
109710
2
0
0
4
109710
3
1
1
4
110710
0
1
0
6
110710
1
0
1
6
111710
3
0
0
3
111710
3
1
1
3
112710
0
0
1
2
112710
0
1
0
2
113710
1
0
0
1
113710
2
0
1
1
114710
1
2
0
0
114710
2
2
1
0
115710
0
0
0
6
115710
3
0
1
7
116710
1
0
1
0
116710
2
0
0
0
117710
0
1
0
2
117710
3
1
1
3
118710
2
0
1
1
119710
1
0
0
1
120710
1
0
0
0
121210
2
0
1
0
121710
1
0
0
1
122210
2
0
1
1
122710
0
0
0
0
122710
3
0
1
0
123710
1
0
1
6
124710
2
0
0
7
125710
0
1
0
2
125710
3
1
1
3
126710
1
0
0
1
126710
2
0
1
1
127710
0
2
0
4
127710
3
2
1
5
128710
1
0
0
1
129210
2
0
1
1
129710
0
0
0
0
130210
3
0
1
0
130710
1
0
0
1
131210
2
0
1
1
131710
0
0
0
0
131710
3
0
1
0
132710
1
0
0
1
132710
2
0
1
1
133710
1
0
0
0
133710
2
0
1
0
134710
0
0
0
6
134710
3
0
1
7
135710
0
1
1
2
135710
3
1
0
3
136710
0
2
0
4
136710
3
2
1
5
137710
1
0
0
1
137710
2
0
1
1
138710
0
0
0
4
138710
3
0
1
5
139710
2
0
1
1
140710
1
0
0
1
141710
1
0
0
0
141710
2
0
1
0
142710
0
0
0
6
142710
3
0
1
7
143710
1
1
1
4
144710
0
0
0
6
144710
3
0
1
7
145710
2
1
0
5
146710
0
0
0
6
146710
3
0
1
7
147710
1
2
1
4
148710
0
0
0
6
148710
3
0
1
7
149710
2
2
0
5
150710
0
0
0
6
150710
3
0
1
7
151710
1
0
0
0
152210
2
0
1
0
152710
1
0
0
1
153210
2
0
1
1
153710
0
0
0
0
154210
3
0
1
0
154710
1
0
0
1
154710
2
0
1
1
155710
0
0
0
0
156710
2
0
1
0
157210
1
0
0
1
157710
2
0
1
1
158710
0
0
0
0
158710
1
0
1
0
159710
3
0
1
1
160710
1
0
0
1
161210
2
0
1
4
161710
0
0
0
0
162710
1
0
0
1
162710
3
1
1
3
163710
1
0
0
0
164710
2
0
1
1
165210
0
1
0
2
165710
1
0
0
1
166710
1
0
0
0
166710
3
0
1
0
167710
2
0
1
1
168710
1
0
0
1
169210
2
0
1
0
169710
1
0
0
0
170210
0
1
0
2
170210
3
1
1
3
170710
1
0
0
1
170710
2
0
1
1
171710
0
0
0
0
171710
3
0
1
0
172710
2
0
1
1
173210
1
0
0
1
173710
3
0
1
5
174710
0
0
0
5
174710
2
0
1
6
175710
1
0
0
1
176710
3
0
1
0
177210
0
0
0
0
177710
1
0
0
1
177710
2
0
1
1
178710
1
2
0
0
178710
2
2
1
0
179710
3
0
1
7
180710
2
0
0
7
181210
3
0
1
4
181710
1
0
0
4
182210
0
0
0
6
182210
2
0
1
6
182710
0
0
0
5
182710
2
0
1
5
183710
2
0
0
1
183710
3
0
1
1
184710
0
0
0
0
184710
1
0
1
0
185710
3
0
1
1
186210
2
0
0
1
186710
2
0
0
0
186710
3
0
1
0
187710
0
0
0
1
187710
1
0
1
1
188710
3
0
1
0
189210
2
0
0
0
189710
1
1
0
2
190210
3
0
1
1
190710
2
0
0
1
190710
3
0
1
0
191710
1
0
0
0
192210
2
0
1
1
192710
1
0
0
1
193710
0
0
0
0
193710
3
0
1
0
194710
1
0
1
1
194710
2
0
0
1
195710
0
0
0
0
196210
1
0
0
1
196710
3
0
1
0
197210
2
0
1
1
197710
1
0
0
0
197710
2
0
1
0
198710
0
0
0
6
198710
3
0
1
7
199710
2
0
1
0
200710
1
0
0
0
201710
3
0
1
7
202210
0
0
0
6
202710
1
0
0
0
202710
2
0
1
0
203710
3
1
1
3
204710
0
1
0
2
205210
2
0
1
1
205710
1
0
0
1
206210
3
0
1
0
206710
0
0
0
0
206710
2
0
1
1
207710
1
0
0
1
207710
3
0
1
0
208710
0
0
0
0
209210
2
0
1
1
209710
1
0
0
1
210710
2
0
0
0
210710
3
0
1
0
211710
1
0
0
1
211710
2
0
1
1
212710
1
0
0
0
212710
2
0
1
0
213710
3
0
1
1
214210
2
0
0
1
214710
3
0
1
0
215210
2
0
0
0
215710
2
0
0
1
215710
3
0
1
1
216210
2
0
0
0
216210
3
0
1
0
218710
1
0
0
1
218710
2
0
1
1
219710
0
0
0
0
219710
1
0
1
0
220710
2
0
0
1
220710
3
0
1
1
221710
0
1
0
5
221710
1
0
1
5
222710
2
0
0
7
222710
3
1
1
7
223710
0
0
1
2
223710
0
1
0
2
224710
3
0
0
3
224710
3
1
1
3
225710
1
0
0
1
225710
2
0
1
1
226710
1
2
0
0
226710
2
2
1
0
227710
0
0
0
6
227710
3
0
1
7
228710
1
0
1
0
228710
2
0
0
0
229710
0
1
0
2
229710
3
1
1
3
230710
1
0
0
1
231710
2
0
1
1
232710
2
0
1
0
233210
1
0
0
0
233710
2
0
1
1
234210
1
0
0
1
234710
0
0
0
0
234710
3
0
1
0
235710
2
0
0
7
236710
1
0
1
6
237710
0
1
0
2
237710
3
1
1
3
238710
1
0
0
1
238710
2
0
1
1
239710
0
2
0
4
239710
3
2
1
5
240710
2
0
1
1
241210
1
0
0
1
241710
3
0
1
0
242210
0
0
0
0
242710
2
0
1
1
243210
1
0
0
1
243710
0
0
0
0
243710
3
0
1
0
244710
1
0
0
1
244710
2
0
1
1
245710
1
0
0
0
245710
2
0
1
0
246710
0
0
0
6
246710
3
0
1
7
247710
0
1
1
2
247710
3
1
0
3
248710
0
2
0
4
248710
3
2
1
5
249710
1
0
0
1
249710
2
0
1
1
250710
0
0
0
4
250710
3
0
1
5
251710
1
0
0
1
252710
2
0
1
1
253710
1
0
0
0
253710
2
0
1
0
254710
0
0
0
6
254710
3
0
1
7
255710
2
1
0
5
256710
0
0
0
6
256710
3
0
1
7
257710
1
1
1
4
258710
0
0
0
6
258710
3
0
1
7
259710
2
2
0
0
260710
0
0
0
6
260710
3
0
1
7
261710
1
2
1
0
262710
0
0
0
1
262710
3
0
1
1
263710
1
0
0
0
264210
2
0
1
0
264710
1
0
0
1
265210
2
0
1
1
265710
0
0
0
0
265710
3
0
1
0
266710
1
0
0
1
266710
2
0
1
1
267710
3
0
1
0
268710
0
0
0
0
269210
2
0
1
1
269710
1
0
0
1
270710
1
0
0
0
270710
1
1
0
0
270710
3
0
1
0
270710
3
1
1
0
271710
0
0
0
1
272710
2
0
1
1
273210
1
0
0
5
273710
3
0
1
0
274710
0
1
0
2
274710
1
0
1
6
275710
3
1
1
5
276710
0
0
0
1
276710
2
0
1
6
277210
3
1
1
5
277710
2
0
1
1
278710
0
0
0
0
278710
2
0
1
0
279710
1
0
0
1
280710
2
0
1
1
281210
1
0
0
0
281710
2
0
1
0
282210
0
1
0
2
282710
1
0
0
1
282710
2
0
1
1
283710
0
0
0
0
283710
3
0
1
0
284710
1
0
0
1
285210
2
0
1
1
285710
0
0
0
0
286710
1
0
0
1
286710
3
0
1
0
287710
2
0
1
1
288710
0
0
0
0
289210
3
0
1
0
289710
1
0
0
1
289710
2
0
1
1
290710
0
2
0
4
290710
3
2
1
5
291710
1
0
0
1
292710
2
0
1
1
293210
1
0
0
0
293710
2
0
1
0
294210
1
0
0
7
294210
3
0
1
7
294710
0
0
0
4
294710
2
0
1
4
295710
0
0
0
1
295710
1
0
1
1
296710
2
0
0
0
296710
3
0
1
0
297710
0
0
0
1
298210
1
0
1
1
298710
0
0
0
0
298710
1
0
1
0
299710
2
0
0
1
299710
3
0
1
1
300710
0
0
0
0
301210
1
0
1
0
301710
2
1
1
3
302210
0
0
0
1
302710
0
0
0
0
302710
1
0
1
1
303710
2
0
1
0
304210
1
0
0
1
304710
2
0
1
1
305710
0
0
0
0
305710
3
0
1
0
306710
1
0
1
1
306710
2
0
0
1
307710
3
0
1
0
308210
2
0
1
1
308710
0
0
0
0
309210
1
0
0
1
309710
1
0
0
0
309710
2
0
1
0
310710
0
0
0
6
310710
3
0
1
7
311710
1
0
0
0
312710
2
0
1
0
313710
0
0
0
6
314210
3
0
1
7
314710
1
0
0
0
314710
2
0
1
0
315710
0
1
0
2
316710
3
1
1
3
317210
1
0
0
1
317710
2
0
1
1
318210
0
0
0
0
318710
1
0
0
1
318710
3
0
1
0
319710
0
0
0
0
319710
2
0
1
1
320710
3
0
1
0
321210
1
0
0
1
321710
2
0
1
1
322710
0
0
0
0
322710
1
0
1
0
323710
1
0
0
1
323710
2
0
1
1
324710
1
0
0
0
324710
2
0
1
0
325710
0
0
0
1
326210
1
0
1
1
326710
2
0
0
0
327210
3
0
1
0
327710
1
0
0
1
328210
2
0
1
1
328710
0
0
0
0
328710
3
0
1
0
329710
1
0
0
1
329710
2
0
1
1
330710
0
0
0
4
330710
3
0
1
5
331710
0
1
0
3
331710
3
1
1
2
332210
0
1
0
2
332210
3
1
1
3
332710
1
0
0
1
332710
2
0
1
1
333210
1
0
0
0
333210
2
0
1
0
333710
0
0
0
6
333710
2
0
1
6
334210
1
0
0
5
334210
3
0
1
5
334710
0
0
0
6
334710
2
0
1
6
335710
1
2
0
5
335710
3
2
1
5
336710
2
0
0
1
336710
3
0
1
1
337710
0
0
0
0
337710
1
0
1
0
338710
1
0
0
1
338710
2
0
1
1
339710
0
1
0
2
340710
3
1
1
3
341710
1
0
0
1
341710
2
0
1
1
342710
1
2
0
0
342710
2
2
1
0
343710
0
0
0
6
343710
3
0
1
7
344710
1
0
1
0
344710
2
0
0
0
345710
0
1
0
2
345710
3
1
1
3
346710
1
0
0
1
347710
2
0
1
1
348710
2
0
1
0
349210
1
0
0
0
349710
2
0
1
1
350210
1
0
0
1
350710
0
0
0
0
350710
3
0
1
0
351710
2
0
0
7
352710
1
0
1
6
353710
0
1
0
2
353710
3
1
1
3
354710
1
0
0
1
354710
2
0
1
1
355710
0
2
0
4
355710
3
2
1
5
356710
2
0
1
1
357210
1
0
0
1
357710
3
0
1
0
358210
0
0
0
0
358710
2
0
1
1
359210
1
0
0
1
359710
0
0
0
0
359710
3
0
1
0
360710
1
0
0
1
360710
2
0
1
1
361710
1
0
0
0
361710
2
0
1
0
362710
0
0
0
6
362710
3
0
1
7
363710
0
1
1
2
363710
3
1
0
3
364710
0
2
0
4
364710
3
2
1
5
365710
1
0
0
1
365710
2
0
1
1
366710
0
0
0
4
366710
3
0
1
5
367710
2
0
1
1
368210
1
0
0
1
368710
3
0
1
0
369210
2
0
0
0
369710
1
0
1
1
370210
0
0
0
1
370710
2
0
0
0
370710
3
0
1
0
371710
2
0
0
1
372210
3
0
1
1
372710
0
0
0
0
373210
1
0
1
0
373710
2
0
0
1
374210
3
0
1
1
374710
1
0
0
0
374710
2
0
1
0
375710
3
0
1
7
376210
0
0
0
6
376710
3
0
1
4
377210
0
0
0
5
377710
2
0
1
1
378210
1
0
0
1
378710
0
0
0
0
378710
3
0
1
0
379710
1
0
0
1
379710
2
0
1
1
380460
0
2
0
4
380460
3
2
1
5
