Trembling (10)
Lydmor
204
16000
0
0
0
6
16000
3
0
1
7
22000
0
1
0
5
22000
3
1
1
4
25000
1
0
0
1
26000
2
0
1
1
27000
1
0
0
0
27000
2
0
1
0
29000
3
0
1
7
29000
0
0
0
6
30000
2
1
1
4
30000
1
1
0
5
33000
1
0
0
1
33000
2
0
1
1
38000
3
0
1
0
38000
0
0
0
0
43000
3
0
1
1
43000
0
0
0
1
46000
3
0
1
0
46000
0
0
0
0
48000
3
0
1
7
48000
0
0
0
6
54000
0
1
0
5
54000
3
1
1
4
57000
1
0
0
1
58000
2
0
1
1
59000
1
0
0
0
59000
2
0
1
0
61000
3
0
1
7
61000
0
0
0
6
62000
2
1
1
4
62000
1
1
0
5
65000
2
0
1
1
65000
1
0
0
1
70000
0
0
0
0
70000
3
0
1
0
73000
3
1
1
3
73000
0
1
0
2
75000
3
0
1
1
75000
0
0
0
1
77000
2
0
1
0
77000
0
0
0
0
79000
2
1
1
5
79000
3
2
1
5
84000
3
1
1
6
85000
0
2
0
0
85000
2
1
1
5
85500
3
1
1
6
86500
0
0
0
1
87000
2
1
1
5
87500
3
1
1
6
88000
0
0
0
0
91000
1
0
0
1
92000
0
0
0
0
93000
0
0
0
1
93500
0
0
0
0
95000
1
0
1
1
95500
2
0
1
0
96000
3
0
1
1
99000
3
0
1
1
100000
2
0
1
2
101000
1
0
1
0
101000
0
0
0
1
102000
1
0
0
0
103000
1
0
0
6
103500
1
0
0
5
105000
1
0
0
1
105000
3
0
1
1
107000
0
0
0
1
107000
2
0
1
1
109000
2
0
1
0
109000
1
0
0
0
110500
2
0
1
1
110500
1
0
0
1
111500
3
1
1
3
111500
0
1
0
2
116000
3
1
1
6
117000
0
2
0
0
117000
2
1
1
5
117500
3
1
1
6
118500
0
0
0
1
119000
2
1
1
5
119500
3
1
1
6
120000
0
0
0
0
123000
1
0
0
1
124000
0
0
0
0
125000
0
0
0
1
125500
0
0
0
0
127000
1
0
1
1
127500
2
0
1
0
128000
3
0
1
1
131000
3
0
1
1
132000
2
0
1
2
133000
0
0
0
1
133000
1
0
1
0
134000
1
0
0
0
135000
1
0
0
6
135500
1
0
0
5
137000
1
0
0
1
137000
3
0
1
1
139000
2
0
1
1
139000
0
0
0
1
141000
1
0
0
0
141000
2
0
1
0
142500
1
0
0
1
142500
2
0
1
1
143500
3
1
1
3
143500
0
1
0
2
148000
0
2
0
0
148000
3
0
1
1
150000
1
0
0
7
150000
2
2
1
4
152000
3
1
1
3
152000
0
0
0
6
153000
1
0
1
6
153000
2
2
0
5
156000
0
0
0
0
157000
0
0
0
1
157500
0
0
0
0
159000
1
0
1
1
159500
2
0
1
0
160000
3
0
1
1
163000
3
0
1
1
164000
2
0
1
2
165000
0
0
0
1
165000
1
0
1
0
166000
1
0
0
0
167000
1
0
0
6
167500
1
0
0
5
169000
1
0
0
1
169000
3
0
1
1
171000
2
0
1
1
171000
0
0
0
1
173000
1
0
0
0
173000
2
0
1
0
174500
1
0
0
1
174500
2
0
1
1
175500
3
1
1
3
175500
0
1
0
2
180000
3
1
1
6
181000
0
2
0
0
181000
2
1
1
5
181500
3
1
1
6
182500
0
0
0
1
183000
2
1
1
5
183500
3
1
1
6
184000
0
0
0
0
187000
1
0
0
1
187500
3
0
1
1
188000
1
0
0
0
188500
3
0
1
0
190000
1
0
0
1
190000
2
0
1
1
190000
3
1
1
6
190000
0
1
0
7
195000
3
0
1
1
196000
2
0
1
2
197000
1
0
1
0
197000
0
0
0
1
199000
1
0
0
1
199000
1
1
0
1
199000
2
0
1
1
199000
2
1
1
1
201000
3
1
1
3
201000
0
1
0
2
203000
2
0
1
1
203000
0
0
0
1
205000
1
0
0
0
205000
2
0
1
0
206500
1
0
0
1
206500
2
0
1
1
207500
3
1
1
3
207500
0
1
0
2
212000
3
0
1
1
213000
3
0
1
0
213500
3
0
1
1
215000
2
0
0
0
215500
2
0
0
1
217000
3
0
1
0
217000
2
0
0
0
220000
1
0
1
1
221000
1
0
1
0
221500
1
0
1
1
223000
0
0
0
0
223500
0
0
0
1
225000
0
0
0
0
225000
1
0
1
0
233000
1
1
0
2
239000
2
0
1
3
239500
2
0
1
2
244000
3
1
1
6
245000
3
1
1
5
245500
3
1
1
6
247000
0
1
0
4
247500
0
1
0
7
249000
3
0
1
0
249000
0
0
0
0
250500
3
0
1
1
250500
0
0
0
1
253000
3
1
1
3
253500
2
1
1
2
255000
1
0
0
3
255500
0
0
0
2
257000
2
0
1
6
258500
3
1
1
5
260000
2
0
1
2
261000
2
0
1
3
262000
2
0
1
2
263000
1
0
0
0
263500
1
0
0
1
265000
2
0
1
2
267000
2
0
1
3
270000
2
0
1
8
270500
2
0
1
8
271000
2
0
1
8
271500
2
0
1
8
276000
3
1
1
6
277000
3
1
1
5
277500
3
1
1
6
279000
0
1
0
4
279500
0
1
0
7
281000
3
0
1
0
281000
0
0
0
0
282500
3
0
1
1
282500
0
0
0
1
285000
3
1
1
3
285500
2
1
1
2
287000
1
0
0
3
287500
0
0
0
2
289000
2
0
1
6
290500
3
1
1
5
292000
2
0
1
2
293000
2
0
1
3
294000
2
0
1
2
295000
1
0
0
0
295500
1
0
0
1
297000
2
0
1
2
299000
2
0
1
3
302000
2
0
1
8
302500
3
0
1
8
303000
2
0
1
8
303500
3
0
1
8
308000
3
1
1
6
309000
3
1
1
5
309500
3
1
1
6
311000
0
1
0
4
311500
0
1
0
7
313000
3
0
1
0
313000
0
0
0
0
314500
3
0
1
1
314500
0
0
0
1
317000
3
1
1
3
317500
2
1
1
2
319000
1
0
0
3
319500
0
0
0
2
321000
2
0
1
6
322500
3
1
1
5
324000
2
0
1
2
325000
2
0
1
3
326000
2
0
1
2
327000
1
0
0
0
327500
1
0
0
1
329000
3
1
1
5
329000
2
0
1
5
331000
3
1
1
4
331000
2
2
1
4
333000
1
1
1
1
333000
1
0
1
1
335000
3
0
1
5
335250
3
1
1
0
335500
3
2
1
4
335750
2
2
1
2
336000
0
0
0
8
340000
3
1
1
6
341000
0
2
0
0
341000
2
1
1
5
341500
3
1
1
6
342500
0
0
0
1
343000
2
1
1
5
343500
3
1
1
6
344000
0
0
0
0
347000
1
0
0
1
348000
0
0
0
0
349000
0
0
0
1
349500
0
0
0
0
351000
1
0
1
1
351500
2
0
1
0
352000
3
0
1
1
355000
3
0
1
1
356000
2
0
1
2
357000
0
0
0
1
357000
1
0
1
0
358000
1
0
0
0
359000
1
0
0
6
359500
1
0
0
5
361000
1
0
0
1
361000
3
0
1
1
363000
3
1
1
3
363000
0
1
0
2
365000
1
0
0
0
365000
2
0
1
0
366500
2
0
1
1
366500
1
0
0
1
367500
0
1
0
2
367500
3
1
1
3
369000
2
0
1
1
369000
1
0
0
1
371000
0
1
0
2
371000
3
1
1
3
373000
1
0
1
1
373000
2
0
0
1
375000
0
1
0
4
375000
3
1
1
5
377000
1
0
1
6
377000
2
0
0
7
378500
0
0
0
6
378500
3
0
1
7
381000
3
1
0
3
381000
0
1
1
2
383000
2
0
0
1
383500
1
0
0
0
384000
0
0
0
1
385500
1
1
0
5
389000
0
0
0
1
389000
1
0
1
0
390500
2
0
1
6
390500
1
1
0
5
392000
1
1
0
6
392000
3
0
1
3
393500
2
1
1
0
393500
0
1
0
0
398000
3
0
1
0
398000
0
0
0
0
398500
0
0
0
1
398500
3
0
1
1
399000
0
0
0
0
399000
3
0
1
0
399500
2
0
1
1
399500
1
0
0
1
404000
3
1
1
6
405000
0
2
0
0
405000
2
1
1
5
405500
3
1
1
6
406500
0
0
0
1
407000
2
1
1
5
407500
3
1
1
6
408000
0
0
0
0
411000
1
0
0
1
412000
0
0
0
0
413000
0
0
0
1
413500
0
0
0
0
415000
1
0
1
1
415500
2
0
1
0
416000
3
0
1
1
419000
0
0
0
1
419000
3
0
1
1
421000
0
0
0
6
421000
3
0
1
7
422000
3
0
1
4
422000
0
0
0
5
423000
3
0
1
7
423000
0
0
0
6
425000
3
0
1
1
425000
1
0
0
1
427000
3
1
1
3
427000
0
1
0
2
429000
2
0
1
0
429000
1
0
0
0
430500
1
0
0
1
430500
2
0
1
1
431500
3
1
1
3
431500
0
1
0
2
433000
2
0
1
1
433000
1
0
0
1
436000
3
1
1
6
437000
2
1
1
5
437000
0
2
0
0
437500
3
1
1
6
438500
0
0
0
1
439000
2
1
1
5
439500
3
1
1
6
440000
0
0
0
0
443000
1
0
0
1
444000
0
0
0
0
445000
0
0
0
1
445500
0
0
0
0
447000
1
0
1
1
447500
2
0
1
0
448000
3
0
1
1
451000
3
0
1
1
452000
2
0
1
2
453000
1
0
1
0
453000
0
0
0
1
454000
1
0
0
0
455000
1
0
0
6
455500
1
0
0
5
457000
3
0
1
1
457000
1
0
0
1
459000
3
2
1
5
459000
0
2
0
4
468000
0
0
0
1
468000
1
0
1
1
469500
0
2
1
4
469500
0
1
0
4
471000
1
0
1
1
471000
0
0
0
1
471500
1
0
1
0
472000
1
0
1
1
474000
3
0
1
7
474000
0
0
0
6
477000
3
1
1
3
477000
0
1
0
2
478000
1
2
1
4
478000
0
2
0
0
479500
0
0
0
1
479500
3
0
1
7
481000
0
2
0
0
481000
3
0
1
2
482500
3
0
1
5
484000
3
1
1
4
485000
3
1
1
7
486000
2
0
1
2
487500
3
1
1
5
488000
1
0
1
6
490000
2
1
1
5
491500
3
0
1
1
493000
1
0
0
1
493000
2
0
1
0
494500
0
0
0
0
497000
2
1
1
5
497500
2
1
1
6
497500
0
1
0
0
498000
2
1
1
5
500500
1
0
1
0
501000
0
0
0
1
502000
1
0
1
1
503000
1
0
1
0
503000
0
0
0
0
503500
2
0
1
1
504000
3
0
1
0
505500
0
1
0
2
506000
3
1
1
3
507500
1
1
1
2
509000
0
2
1
0
510000
0
0
1
1
511000
1
2
1
0
511500
2
0
1
1
513000
2
0
0
1
514500
1
2
0
0
516000
0
0
0
1
517000
0
2
0
0
518000
1
0
0
1
519000
1
2
0
0
519500
1
0
0
1
520000
2
2
1
0
520500
2
0
1
1
523500
3
2
1
5
523500
1
1
0
4
526500
1
1
1
2
526500
1
2
0
2
529000
2
1
1
5
529000
2
2
0
5
529500
1
1
0
6
529500
1
0
1
6
530000
2
1
1
5
530000
2
2
0
5
534000
1
0
1
1
535000
0
0
0
1
535000
2
0
1
0
535500
2
0
1
1
536000
0
0
0
1
536500
0
0
0
0
538000
3
1
1
3
539500
1
0
1
2
539500
1
1
0
2
541000
3
0
0
3
541000
3
1
1
3
542000
1
1
0
2
542000
1
0
1
2
543000
3
1
1
5
543500
2
0
1
6
545000
3
1
1
5
545000
1
0
0
1
546500
3
1
1
8
546500
1
0
0
0
548000
1
0
0
6
548000
3
2
1
5
551500
3
1
1
3
551500
0
1
0
2
552500
2
1
1
8
552500
1
1
0
8
554000
3
0
1
7
555500
3
0
1
7
557000
3
0
1
3
558500
3
0
1
3
558500
0
0
0
2
561000
3
0
1
3
561500
0
0
0
2
562000
3
0
1
3
563000
0
0
0
2
563000
3
0
1
3
566000
1
0
1
1
567000
3
0
1
0
567500
2
0
1
6
568000
3
1
1
5
568500
2
0
1
1
573000
0
0
0
1
574000
0
0
0
0
575000
0
1
0
1
575000
3
1
1
1
575500
0
1
0
0
575500
3
1
1
0
577000
0
0
0
1
578500
0
0
0
0
580000
2
0
1
1
580000
0
2
0
4
581000
3
1
1
3
583000
3
0
1
1
583500
3
0
1
0
584000
1
0
0
1
584500
1
0
0
0
586000
2
0
0
7
586000
3
0
1
7
587500
2
2
1
0
587500
1
2
0
0
589000
1
0
1
6
589000
0
0
0
6
590500
0
0
0
2
590500
3
0
1
3
593000
2
0
1
1
593500
1
0
0
1
594000
1
0
0
0
594000
2
0
1
0
595000
3
0
1
7
595000
0
0
0
6
597000
3
1
1
4
597000
0
1
0
5
598250
0
0
0
6
598250
3
0
1
7
599500
3
1
1
8
599500
0
1
0
8
599750
1
2
0
8
599750
2
2
1
8
600000
1
1
0
1
600000
2
1
1
1
606500
0
0
0
6
607000
3
1
1
3
607500
3
1
1
2
608000
2
2
0
5
609500
2
0
0
1
610500
3
1
1
3
612000
3
0
1
1
613000
2
2
0
0
613000
3
2
1
0
614000
2
0
1
6
615000
3
1
1
5
615500
2
0
1
6
616000
0
2
0
0
616500
0
0
0
1
618000
2
1
1
0
619500
1
2
0
0
621000
2
0
1
1
621000
1
0
0
1
622500
3
1
1
3
622500
0
1
0
2
624000
3
0
1
1
624000
0
0
0
1
625000
3
0
1
3
625500
0
0
0
2
626000
3
0
1
3
627000
2
0
0
3
628500
3
0
1
2
629000
1
0
0
4
631000
2
0
1
6
631000
1
0
0
7
631500
0
1
0
4
631500
3
1
1
5
632000
2
0
1
6
632000
1
0
0
7
634000
3
1
1
5
635500
2
0
1
6
637000
2
2
1
5
637000
0
2
0
0
638000
1
0
1
6
638500
0
0
0
6
639000
3
1
1
3
639500
3
1
1
2
640000
2
2
0
5
641500
2
0
0
1
642500
3
1
1
3
644000
3
0
1
1
645000
2
2
0
0
645000
3
2
1
0
646000
2
0
1
6
647000
3
1
1
5
647500
2
0
1
6
648000
0
2
0
0
648500
0
0
0
1
649500
0
0
0
0
650000
2
1
1
0
651500
1
2
0
0
653000
1
0
0
1
653000
2
0
1
1
654500
0
0
0
2
654500
3
0
1
3
656000
3
0
1
3
656000
0
0
0
2
657000
3
0
1
3
657500
0
0
0
2
658000
3
0
1
3
659000
2
0
0
3
660500
3
0
1
2
661000
1
0
0
4
663000
1
0
0
7
663000
2
0
1
6
663500
3
1
1
5
663500
0
1
0
4
664000
1
0
0
7
664000
2
0
1
6
664500
3
2
1
0
666000
3
1
1
5
667500
2
0
1
6
669000
2
2
1
5
669000
0
2
0
0
670000
1
0
1
6
670500
0
0
0
6
671000
3
1
1
3
671500
3
1
1
2
672000
2
2
0
5
673500
2
0
0
1
674500
3
1
1
3
676000
3
0
1
1
677000
3
2
1
0
677000
2
2
0
0
678000
2
0
1
6
679000
3
1
1
5
679500
2
0
1
6
679500
0
0
0
0
681000
1
0
0
1
681000
2
0
1
1
682000
0
2
0
4
682000
3
2
1
5
683000
1
0
0
1
683000
2
0
1
1
685000
0
1
0
2
685000
3
1
1
3
686000
2
0
1
1
686000
1
0
0
1
687000
3
2
1
5
687000
0
2
0
4
688000
3
0
1
1
688000
0
0
0
1
691000
2
0
0
3
692500
0
1
0
4
692500
3
0
1
2
695000
1
0
0
7
695000
2
0
1
6
695500
3
1
1
5
695500
0
1
0
4
696000
1
0
0
7
696000
2
0
1
6
698000
3
1
1
1
701000
0
2
0
0
701000
2
2
1
5
702000
1
0
1
6
702500
0
0
0
6
703000
3
1
1
3
703500
3
1
1
2
704000
2
2
0
5
705500
2
0
0
1
706500
3
1
1
3
708000
3
0
1
1
709000
3
2
1
0
709000
2
2
0
0
710000
2
0
1
6
711000
3
1
1
5
711500
2
0
1
6
712000
0
2
0
0
712500
0
0
0
1
714000
2
0
1
0
715500
1
0
0
1
717000
2
0
1
1
720000
3
1
1
3
720000
0
1
0
2
721000
1
2
0
0
721000
2
2
1
0
727000
2
0
0
1
727000
1
0
1
1
727500
1
1
1
0
727500
2
1
0
0
