Gravity+ (Maul ver.)
Tut Tut Child feat. Isabel Higuero
140
4000
0
1
0
8
8000
2
0
1
8
12000
2
0
0
8
13250
3
2
1
8
18000
1
0
1
8
19000
2
0
0
8
20000
0
1
1
8
24000
1
0
0
8
28000
3
0
1
8
36000
0
1
1
8
36500
1
0
0
8
36750
3
0
1
8
37000
1
0
0
8
37500
2
0
1
8
38000
0
0
0
8
39000
2
1
0
8
40000
0
0
0
8
40500
2
0
1
8
40750
1
0
0
8
41000
3
0
1
8
41500
2
0
1
8
42000
0
1
0
8
43000
3
1
1
8
44000
1
0
0
8
44000
2
0
1
8
45000
1
0
0
8
45500
2
0
1
8
46000
0
0
0
8
47000
3
1
1
8
48000
1
0
1
8
49000
3
0
0
8
49500
1
2
1
8
50000
3
1
1
8
51000
1
0
0
8
52000
2
0
1
8
52500
0
0
0
8
52750
2
0
1
8
53000
1
0
0
8
53500
3
0
1
8
54000
0
0
0
8
55000
1
0
1
8
56000
3
0
1
8
57000
2
0
0
8
58000
1
0
1
8
59000
0
1
0
8
60000
1
0
0
8
60000
2
0
1
8
61000
3
1
1
8
61500
1
0
0
8
62000
2
0
1
8
63000
0
1
0
8
63000
0
0
1
8
64000
2
0
0
8
64000
2
1
1
8
65000
0
0
0
8
65500
1
0
1
8
66000
0
0
0
8
66500
2
0
1
8
67000
1
0
1
8
67500
0
0
0
8
68000
2
0
1
8
69000
1
0
0
8
70000
2
0
0
8
70000
3
1
1
8
71000
1
0
0
8
71500
2
0
1
8
72000
0
1
0
8
73000
3
1
1
8
74000
1
0
0
8
74000
2
0
1
8
75000
0
0
0
8
75500
3
1
1
8
76000
2
0
0
8
77000
2
0
0
8
78000
3
0
1
8
78000
2
0
0
8
79000
0
0
0
8
79500
2
0
1
8
80000
1
0
0
8
81000
0
0
0
8
82000
0
0
0
8
82000
3
0
1
8
83000
1
0
0
8
83500
2
0
1
8
84000
0
0
0
8
84500
2
2
1
8
85000
3
0
1
8
86000
1
0
1
8
86000
1
1
0
8
87000
3
0
1
8
88000
1
0
0
8
89000
2
0
1
8
90000
0
0
0
8
90000
1
0
1
8
91000
3
1
1
8
91500
0
2
0
8
92000
1
0
1
8
93000
2
0
0
8
94000
0
1
0
8
95000
2
0
1
8
95000
1
0
0
8
96000
3
0
1
8
96000
0
0
0
8
97000
1
0
1
8
98000
2
0
1
8
98250
1
0
0
8
98500
2
0
1
8
98750
1
0
0
8
99000
2
0
1
8
99250
3
0
1
8
99500
1
0
0
8
99750
0
0
0
8
100000
2
0
1
8
102000
1
0
1
8
104000
2
0
0
8
108000
2
0
1
8
108000
1
0
0
8
111000
2
0
1
8
112000
0
1
1
8
114000
1
0
1
8
115000
0
0
0
8
116000
1
0
0
8
118000
3
0
1
8
120000
1
0
0
8
122000
0
1
1
8
124000
3
0
1
8
126000
2
0
0
8
127000
2
0
1
8
127000
1
0
0
8
128000
1
1
0
8
128000
2
1
1
8
130000
2
1
0
8
132000
0
0
0
8
132000
1
0
1
8
133000
3
1
1
8
134000
0
0
1
8
135000
2
0
0
8
136000
0
1
0
8
137000
2
0
1
8
138000
3
1
0
8
139000
1
0
0
8
140000
0
0
1
8
141000
2
0
1
8
142000
1
0
0
8
143000
0
1
1
8
144000
3
1
1
8
145000
1
0
0
8
146000
0
1
1
8
147000
2
0
1
8
148000
1
0
0
8
148500
0
0
0
8
149000
2
0
1
8
149500
3
2
1
8
150000
0
0
0
8
150500
2
0
1
8
151000
1
0
0
8
151500
0
0
1
8
152000
0
1
0
8
152500
2
0
1
8
153000
3
1
1
8
153500
1
0
0
8
154000
2
0
0
8
154500
3
0
1
8
155000
1
0
1
8
155500
0
0
0
8
156000
2
0
1
8
156500
0
0
0
8
157000
1
0
1
8
157500
0
0
0
8
158000
2
0
1
8
158500
0
0
0
8
159000
1
0
1
8
159500
0
0
0
8
160000
2
0
0
8
160000
2
1
1
8
162000
1
0
0
8
162000
2
0
1
8
164000
0
1
0
8
164000
0
0
1
8
165000
2
0
1
8
165500
1
0
0
8
166000
3
0
1
8
167000
1
0
0
8
167000
2
0
1
8
168000
3
0
1
8
168000
0
0
0
8
168500
3
2
1
8
169000
2
0
1
8
169500
0
0
0
8
170000
0
1
1
8
171000
2
0
0
8
172000
0
1
0
8
172000
0
0
1
8
172500
1
0
1
8
173000
2
0
0
8
173500
3
1
1
8
174000
1
0
0
8
175000
2
0
1
8
176000
0
0
0
8
177000
1
0
1
8
178000
0
0
0
8
179000
3
0
1
8
180000
3
0
1
8
180000
2
0
0
8
181000
1
0
1
8
181500
0
0
0
8
182000
3
1
1
8
183000
2
0
1
8
183500
1
2
1
8
184000
0
0
0
8
185000
2
0
0
8
185500
3
0
1
8
186000
2
0
1
8
186000
1
0
0
8
187000
3
1
1
8
188000
1
0
0
8
188000
2
0
1
8
188500
0
0
0
8
188750
1
0
1
8
189000
2
0
1
8
189500
0
1
0
8
190000
3
1
1
8
191000
1
0
0
8
191000
2
0
1
8
192000
3
0
1
8
193000
0
1
0
8
194000
2
0
1
8
194000
1
0
0
8
196000
1
0
0
8
196000
2
0
1
8
197000
0
1
0
8
197500
2
0
1
8
198000
3
1
1
8
199000
1
0
1
8
200000
0
1
0
8
200500
2
0
1
8
201000
2
0
1
8
201500
1
2
0
8
202000
3
0
1
8
203000
0
0
0
8
204000
0
0
1
8
205000
2
0
0
8
206000
3
1
1
8
207000
1
0
1
8
208000
2
0
1
8
208500
0
0
0
8
209000
3
0
1
8
209500
1
0
0
8
210000
2
0
1
8
210250
1
0
0
8
210500
2
0
1
8
210750
1
0
0
8
211000
2
0
1
8
211500
0
1
0
8
212000
3
0
1
8
212500
1
0
0
8
213000
2
0
1
8
213500
3
1
0
8
214000
1
0
1
8
214500
0
0
0
8
215000
2
0
1
8
215500
1
0
0
8
216000
3
1
1
8
216500
1
0
0
8
217000
2
0
1
8
217500
0
0
0
8
218000
2
0
1
8
218500
3
1
1
8
219000
0
1
0
8
220000
2
0
1
8
220500
0
0
0
8
221000
1
0
1
8
222000
3
0
1
8
222000
0
0
0
8
223000
2
0
1
8
224000
0
1
0
8
226000
2
0
1
8
228000
3
1
1
8
229000
1
0
1
8
229500
0
0
0
8
230000
2
0
1
8
231000
3
1
1
8
232000
1
0
1
8
232500
2
0
1
8
233000
0
1
0
8
233500
3
0
1
8
234000
2
0
0
8
235000
0
1
0
8
236000
2
0
1
8
236000
1
0
0
8
237000
0
0
0
8
237500
2
0
0
8
238000
3
0
1
8
239000
2
0
1
8
240000
0
1
1
8
240500
1
0
0
8
241000
2
0
1
8
241500
1
0
0
8
242000
3
0
1
8
242500
1
0
0
8
243000
2
1
0
8
244000
0
0
0
8
245500
1
0
1
8
246000
0
0
0
8
247000
2
0
1
8
248000
0
0
0
8
248500
2
0
1
8
249000
3
1
0
8
249500
0
0
1
8
250000
0
1
0
8
251000
3
1
1
8
252000
0
0
0
8
252500
2
0
1
8
253000
0
0
0
8
253500
2
0
1
8
254000
1
0
0
8
255000
3
1
1
8
256000
2
0
0
8
256500
0
0
0
8
257000
1
0
1
8
258000
0
0
0
8
259000
2
0
0
8
260000
1
0
0
8
260500
2
0
1
8
261000
0
0
0
8
262000
2
0
1
8
262500
0
1
0
8
263000
2
0
1
8
263500
1
0
0
8
264000
3
1
1
8
264500
0
0
0
8
265000
2
0
1
8
265500
1
0
0
8
265750
3
0
1
8
266000
0
1
0
8
266500
2
0
1
8
267000
1
0
0
8
267500
1
2
1
8
268000
0
0
0
8
269000
3
1
1
8
269500
2
0
1
8
270000
0
1
0
8
271000
3
0
1
8
271500
0
1
0
8
272000
1
0
1
8
273000
1
0
1
8
273500
3
1
0
8
274000
2
0
1
8
274250
0
0
0
8
274500
2
0
1
8
274750
1
0
0
8
275000
2
0
1
8
276000
0
0
0
8
277000
2
0
1
8
277500
1
0
0
8
278000
3
1
1
8
279000
1
0
1
8
279500
2
1
1
8
280000
0
0
0
8
281000
1
0
0
8
281500
2
0
1
8
282000
0
1
0
8
283000
3
1
0
8
283500
0
0
1
8
284000
1
0
0
8
285000
1
0
1
8
285500
2
0
1
8
286000
0
1
1
8
287000
2
0
0
8
288000
1
0
1
8
288000
0
0
0
8
290000
2
0
1
8
290000
1
0
0
8
292000
1
0
1
8
292000
0
0
0
8
294000
1
1
1
8
294000
0
1
0
8
296000
3
0
1
8
296000
2
0
0
8
298000
3
1
1
8
298000
2
1
0
8
300000
0
0
1
8
301000
3
1
1
8
302000
0
0
1
8
303000
2
0
0
8
303500
3
1
1
8
304000
0
0
0
8
304500
0
1
1
8
305000
1
0
1
8
306000
2
0
0
8
307000
1
0
0
8
308000
3
1
1
8
309500
0
1
0
8
310000
2
0
1
8
311000
1
0
1
8
311500
2
0
0
8
312500
3
1
1
8
313000
1
0
0
8
314000
0
1
1
8
315000
2
0
1
8
316000
1
0
0
8
317000
3
1
1
8
317000
0
1
0
8
318000
2
0
1
8
318000
1
0
0
8
319000
0
1
0
8
320000
3
1
0
8
320500
0
0
1
8
321000
1
0
1
8
322000
1
0
0
8
323000
2
0
1
8
323250
1
0
0
8
323500
2
0
1
8
323750
1
0
0
8
324000
3
0
1
8
324500
0
1
0
8
325500
2
0
1
8
326000
1
0
0
8
327000
3
1
1
8
327500
1
0
0
8
328500
0
0
0
8
329000
2
0
1
8
330000
1
0
0
8
331000
3
1
0
8
332000
0
1
0
8
332500
2
0
1
8
333000
1
0
0
8
334000
3
1
1
8
335000
0
1
1
8
336000
2
0
0
8
337500
0
0
0
8
338000
1
0
1
8
339000
0
0
0
8
340000
0
1
1
8
341000
2
0
1
8
341500
1
0
0
8
342000
3
0
1
8
343000
1
0
0
8
343500
2
0
1
8
344000
0
1
0
8
345000
3
0
1
8
346000
1
0
0
8
347000
2
0
1
8
347500
1
0
0
8
348000
3
1
1
8
349000
1
0
0
8
349500
0
1
1
8
350000
2
0
1
8
351000
0
1
0
8
352000
3
0
0
8
356000
1
0
0
8
356000
2
0
1
8
388000
0
1
0
8
392000
1
0
1
8
394000
2
0
0
8
396000
3
0
1
8
404000
0
0
1
8
408000
0
1
0
8
411000
2
0
0
8
412000
3
0
1
8
420000
2
0
1
8
422000
0
1
1
8
423000
2
0
1
8
424000
2
0
0
8
426000
0
1
0
8
427000
1
0
1
8
428000
3
0
1
8
430000
1
1
1
8
432000
3
0
1
8
433000
2
0
1
8
434000
1
0
0
8
435000
0
0
1
8
436000
2
1
0
8
438000
0
0
0
8
439000
1
0
1
8
440000
2
0
0
8
442000
0
1
1
8
443000
2
0
0
8
444000
2
0
1
8
446000
0
0
0
8
447000
2
0
1
8
448000
0
1
1
8
449000
2
0
1
8
450000
1
0
0
8
451000
0
1
1
8
452000
1
0
1
8
453000
0
0
0
8
453500
1
0
1
8
454000
0
0
0
8
455000
1
0
1
8
456000
2
0
0
8
457000
3
0
1
8
457500
2
0
0
8
458000
3
0
1
8
459000
2
0
0
8
460000
3
0
1
8
461000
1
0
0
8
462000
1
1
1
8
463000
3
0
1
8
463500
1
0
0
8
464000
0
1
0
8
465000
2
0
1
8
465500
1
0
0
8
466000
2
0
1
8
467000
0
1
0
8
467500
2
0
1
8
468000
1
0
0
8
469000
1
0
1
8
469500
0
1
0
8
470000
3
1
1
8
471000
2
0
1
8
472000
0
1
1
8
473000
1
0
0
8
473500
2
0
1
8
474000
3
0
1
8
475000
0
0
0
8
476000
3
1
0
8
477000
1
0
1
8
477500
2
0
0
8
478000
0
0
0
8
479000
1
0
0
8
480000
3
1
1
8
480500
1
0
0
8
481000
2
0
1
8
481500
0
0
0
8
482000
3
0
1
8
482500
1
0
0
8
483000
1
1
1
8
483500
2
0
0
8
484000
3
0
1
8
488000
0
0
0
8
490000
1
0
1
8
491000
1
0
0
8
492000
3
1
0
8
494000
2
0
0
8
496000
3
0
1
8
498000
0
1
1
8
499000
2
0
0
8
500000
0
0
0
8
502000
1
0
1
8
504000
1
0
0
8
506000
3
0
1
8
508000
3
0
1
8
510000
2
0
0
8
512000
1
0
0
8
514000
2
0
1
8
514000
1
0
0
8
516000
3
0
1
8
516000
0
0
0
8
517000
1
0
0
8
518000
0
1
0
8
519000
1
0
1
8
520000
3
1
1
8
521000
1
0
0
8
522000
2
0
1
8
523000
3
0
1
8
524000
1
0
0
8
525000
0
1
1
8
526000
3
0
0
8
527000
1
0
0
8
528000
2
0
1
8
529000
1
0
0
8
530000
3
0
1
8
531000
2
0
1
8
531000
1
0
0
8
532000
0
0
0
8
533000
2
0
1
8
534000
0
1
1
8
535000
2
0
0
8
536000
3
1
1
8
537000
1
0
0
8
538000
2
0
1
8
539000
0
1
0
8
540000
3
0
1
8
540500
0
0
0
8
541000
3
0
1
8
541500
0
0
0
8
542000
3
0
1
8
542500
0
0
0
8
543000
2
0
1
8
543500
1
0
0
8
544000
3
0
1
8
544500
2
0
1
8
545000
0
0
0
8
545500
1
0
0
8
546000
2
0
1
8
547000
3
1
1
8
547000
0
1
0
8
548000
2
0
1
8
548000
1
0
0
8
555000
0
1
1
8
556000
2
0
1
8
556000
1
0
0
8
557500
3
1
1
8
557500
0
1
0
8
558000
2
0
1
8
558000
1
0
0
8
559000
2
0
1
8
559000
1
0
0
8
560000
0
1
0
8
561000
2
0
0
8
562000
3
1
1
8
563000
1
1
1
8
564000
3
0
1
8
565500
0
1
0
8
566000
2
0
1
8
567000
3
0
0
8
568000
2
0
1
8
568500
3
1
0
8
569000
2
0
1
8
570000
0
1
0
8
570500
3
1
1
8
571000
1
0
0
8
571250
2
0
1
8
571500
1
0
0
8
571750
2
0
1
8
572000
1
0
0
8
573500
3
1
1
8
574000
1
0
0
8
574000
2
0
1
8
575000
0
1
0
8
576000
2
0
1
8
576500
3
0
1
8
577000
1
0
0
8
578000
1
0
0
8
578000
2
0
1
8
579000
3
1
1
8
579500
1
0
1
8
580000
0
0
0
8
580500
1
0
1
8
581000
0
0
0
8
581500
2
0
1
8
582000
3
1
0
8
583000
0
0
1
8
583500
1
0
0
8
584000
2
1
1
8
585500
1
0
0
8
586000
0
0
0
8
587000
2
0
1
8
588000
2
0
1
8
588000
1
0
0
8
588500
3
1
1
8
588500
0
1
0
8
589500
2
0
1
8
589500
1
0
0
8
590000
0
0
0
8
590000
3
0
1
8
591000
2
0
1
8
591000
1
0
0
8
591500
0
1
0
8
591500
3
1
1
8
592500
1
0
1
8
593000
3
1
0
8
594000
0
1
0
8
595000
3
1
1
8
596000
0
0
1
8
597000
3
0
0
8
597500
3
1
1
8
598000
1
0
0
8
599000
0
1
0
8
600000
2
0
1
8
601500
1
0
0
8
602000
2
0
1
8
602500
3
0
1
8
603000
2
0
1
8
603500
1
0
0
8
604000
0
1
0
8
604000
3
1
1
8
605500
1
0
0
8
605500
2
0
1
8
606000
0
0
0
8
606000
3
0
1
8
607000
3
1
0
8
608000
1
1
0
8
608500
3
0
1
8
609000
2
0
0
8
610000
0
1
1
8
611000
1
0
0
8
612000
3
1
1
8
613000
1
0
1
8
613500
0
0
0
8
614000
2
0
1
8
615000
1
0
0
8
615250
2
0
1
8
615500
1
0
0
8
615750
2
0
1
8
616000
1
0
0
8
620000
0
1
0
8
621000
2
0
1
8
621500
3
0
1
8
622000
1
0
0
8
622000
2
0
1
8
623000
0
0
0
8
624000
1
0
0
8
624500
2
0
1
8
625000
3
0
1
8
626000
0
1
0
8
627000
3
1
0
8
628000
2
0
1
8
629000
1
0
0
8
629500
2
0
1
8
630000
0
0
0
8
631000
0
1
1
8
632000
3
0
0
8
632500
2
0
1
8
633000
0
1
0
8
634000
2
0
1
8
634000
1
0
0
8
635000
3
0
1
8
636000
1
0
0
8
637000
3
0
0
8
637500
2
0
1
8
638000
0
0
0
8
639000
0
1
1
8
640000
1
0
0
8
640500
2
0
1
8
641000
0
0
0
8
642000
3
1
0
8
643000
2
0
1
8
644000
0
1
1
8
645000
1
0
0
8
645500
3
0
1
8
646000
1
0
0
8
647000
0
1
0
8
648000
2
0
1
8
648500
3
1
0
8
649000
0
0
1
8
650000
1
0
0
8
651000
0
0
1
8
652000
1
0
1
8
652000
0
0
0
8
653500
0
0
0
8
653500
1
0
1
8
654000
0
1
0
8
654000
1
1
1
8
656000
3
1
1
8
656500
2
0
1
8
657000
1
0
0
8
658000
0
1
0
8
659000
2
0
0
8
660000
3
0
1
8
660000
2
0
0
8
661500
3
0
1
8
661500
2
0
0
8
662000
3
1
1
8
662000
2
1
0
8
664000
0
1
1
8
664500
1
0
0
8
665000
2
0
1
8
666000
0
0
0
8
667000
2
0
1
8
668000
3
1
1
8
669000
0
1
0
8
669500
2
0
0
8
670000
3
1
1
8
670500
1
0
0
8
671000
2
0
1
8
672000
3
0
1
8
672000
0
0
0
8
673000
2
0
1
8
673000
1
0
0
8
674000
3
1
1
8
674500
1
0
0
8
675000
2
0
1
8
675000
0
0
0
8
676000
3
0
1
8
676500
1
0
0
8
677000
3
0
1
8
677250
2
0
0
8
677500
3
0
1
8
677750
2
0
0
8
678000
3
0
1
8
678500
0
1
0
8
679000
2
0
1
8
679250
1
0
0
8
679500
2
0
1
8
679750
1
0
0
8
680000
2
0
1
8
682000
0
1
0
8
684000
0
1
1
8
684500
1
0
0
8
684750
2
0
1
8
685000
1
0
0
8
685500
3
0
1
8
686000
2
0
1
8
687000
0
1
1
8
688000
3
0
0
8
688500
2
0
1
8
688750
1
0
0
8
689000
2
0
1
8
689500
1
0
0
8
690000
0
1
1
8
691000
3
0
1
8
692000
1
0
0
8
692500
2
0
1
8
692750
0
1
0
8
693000
1
0
1
8
693500
2
0
0
8
694000
3
1
1
8
695000
1
0
1
8
696000
2
0
1
8
696500
0
0
0
8
696750
1
0
1
8
697000
0
0
0
8
697500
2
0
1
8
698000
1
0
0
8
699000
3
1
1
8
700000
0
0
1
8
700500
2
0
0
8
701000
0
1
0
8
701500
3
0
1
8
702000
1
0
0
8
703000
2
0
1
8
704000
3
1
1
8
704000
0
1
0
8
705000
1
0
1
8
705500
3
0
0
8
706000
2
0
1
8
707000
0
0
0
8
708000
0
0
0
8
708500
2
0
1
8
708750
1
0
0
8
709000
3
0
1
8
709500
0
0
0
8
710000
2
0
1
8
710000
1
0
0
8
711000
2
0
1
8
712000
0
1
0
8
713000
2
0
0
8
714000
1
0
0
8
714000
2
0
1
8
714500
3
0
1
8
715000
2
0
1
8
715500
1
0
0
8
716000
3
0
1
8
717000
2
0
0
8
718000
0
1
0
8
718500
1
0
1
8
719000
2
0
0
8
720000
2
0
1
8
721000
1
0
0
8
721500
3
0
1
8
722000
0
0
0
8
723000
2
0
1
8
724000
1
0
0
8
724500
3
0
1
8
724750
2
0
0
8
725000
3
0
1
8
725500
1
0
0
8
726000
3
0
1
8
726000
2
0
0
8
727000
2
0
1
8
727000
1
0
0
8
728000
0
1
0
8
728500
2
0
1
8
728750
1
0
0
8
729000
2
0
1
8
729500
0
0
0
8
730000
2
0
0
8
730000
3
0
1
8
731000
1
0
0
8
732000
0
1
0
8
732500
3
0
0
8
733000
2
0
1
8
733500
1
0
0
8
734000
3
1
1
8
735000
0
1
1
8
736000
1
0
0
8
737000
2
0
1
8
737500
3
0
1
8
738000
1
0
0
8
739000
0
1
0
8
740000
1
0
0
8
741000
2
0
1
8
742000
3
1
1
8
742000
0
1
0
8
743000
2
0
1
8
743500
0
0
1
8
744000
1
0
0
8
745000
0
0
0
8
745500
2
0
1
8
745750
1
0
0
8
746000
3
0
1
8
747000
2
0
1
8
748000
1
0
0
8
748000
2
0
1
8
