Luv Letter

95
4197
3
1
1
3
4744
1
0
1
6
5322
2
0
1
0
5853
1
0
1
1
6416
2
2
1
0
7541
2
0
1
1
8697
1
1
1
0
8697
1
0
1
0
10947
3
0
1
1
11510
2
0
1
0
12104
1
0
1
1
13307
2
0
1
1
13854
1
0
1
0
14416
0
0
1
1
14979
2
0
1
3
15541
1
0
1
2
16666
2
2
1
5
17775
3
0
1
1
18885
3
0
1
0
19447
2
0
1
1
19994
1
0
1
0
22307
1
0
1
1
22900
3
0
1
0
23447
2
0
1
1
23994
1
0
1
4
24557
3
1
1
3
25682
2
0
1
1
26854
1
0
1
0
29104
3
0
1
1
29697
2
0
1
0
30229
1
0
1
1
31416
3
1
1
3
31994
2
0
1
1
32557
2
2
1
0
33119
1
1
1
2
33682
3
1
1
3
34822
3
0
1
1
35932
1
0
1
2
36494
3
1
1
5
37072
3
0
1
1
37650
2
0
1
0
38213
3
0
1
1
38854
1
0
1
0
39432
2
0
1
1
40041
0
0
1
0
40729
2
0
1
3
40729
1
0
1
3
41369
3
0
1
1
42010
2
0
1
0
42713
1
0
1
1
43432
0
0
1
0
49947
3
0
1
1
50197
2
0
1
0
50447
3
0
1
1
50697
2
0
1
0
51197
1
0
1
1
51447
0
0
1
0
51947
2
1
1
3
52947
1
0
1
1
53947
3
0
1
0
54197
2
0
1
1
54447
3
0
1
0
54697
2
0
1
1
55197
1
0
1
0
55447
0
0
1
1
55947
3
1
1
3
57947
3
0
1
1
58197
2
0
1
0
58447
3
0
1
1
58697
2
0
1
0
59197
1
0
1
1
59447
0
0
1
0
59947
3
0
1
1
60197
2
0
1
0
60447
3
0
1
1
60697
2
0
1
0
61197
1
0
1
1
61447
0
0
1
0
61947
3
1
1
3
62447
1
0
1
6
62947
2
2
1
0
63447
0
1
1
2
63947
2
1
1
3
63947
3
1
1
3
65947
3
0
1
1
66197
1
0
1
0
66447
2
0
1
1
66697
3
0
1
0
67197
3
0
1
1
67447
2
0
1
0
67947
3
1
1
3
68947
1
0
1
6
69947
3
0
1
1
70197
1
0
1
0
70447
2
0
1
1
70697
3
0
1
0
71197
2
0
1
1
71447
3
0
1
0
71947
1
1
1
2
73947
1
0
1
1
74197
3
0
1
0
74447
2
0
1
1
74697
1
0
1
0
75197
2
0
1
1
75447
3
0
1
0
75947
3
0
1
1
76197
1
0
1
0
76447
2
0
1
1
76697
3
0
1
0
77197
1
0
1
6
77447
2
2
1
5
77947
2
0
1
1
78947
2
2
1
0
79447
1
1
1
2
81947
3
0
1
1
82197
1
0
1
0
82447
2
0
1
1
82697
1
0
1
0
83197
3
1
1
3
83447
1
1
1
2
83947
2
2
1
0
84947
2
0
1
1
85947
2
0
1
1
86197
1
0
1
0
86447
2
0
1
1
86697
3
0
1
0
87197
2
0
1
1
87447
1
0
1
0
87947
3
1
1
3
89947
3
0
1
1
90197
2
0
1
0
90447
3
0
1
1
90697
2
0
1
0
91197
2
0
1
1
91447
1
0
1
0
91947
0
0
1
1
92197
1
0
1
0
92447
0
0
1
1
92697
1
0
1
0
93197
1
0
1
1
93447
2
0
1
0
93947
0
1
1
2
94447
2
0
1
7
94947
1
2
1
4
95447
3
1
1
3
95947
1
1
1
2
97947
2
0
1
1
98197
1
0
1
0
98447
2
0
1
1
98697
3
0
1
0
99197
2
0
1
1
99447
1
0
1
0
99947
3
1
1
3
100947
1
0
1
6
101947
2
0
1
0
102197
1
0
1
1
102447
2
0
1
0
102697
1
0
1
1
103197
2
0
1
5
103447
1
1
1
2
103947
3
1
1
3
105947
3
0
1
1
106197
1
0
1
0
106447
2
0
1
1
106697
1
0
1
0
107197
3
0
1
1
107447
2
0
1
0
107947
2
0
1
1
108197
0
0
1
0
108447
1
0
1
1
108697
0
0
1
0
109197
1
0
1
1
109447
2
0
1
0
109947
3
0
1
7
110947
3
0
1
4
111447
1
0
1
6
111947
3
0
1
1
112197
2
0
1
0
112447
3
0
1
1
112697
1
0
1
0
112947
2
0
1
1
113197
0
0
1
0
113447
1
0
1
1
113697
0
0
1
0
113947
2
0
1
7
114447
0
1
1
2
114947
3
1
1
3
115447
1
0
1
2
115947
2
2
1
5
116447
3
0
1
1
116947
1
1
1
2
117447
3
2
1
5
117947
2
0
1
1
118447
1
0
1
0
118947
3
0
1
7
119447
1
1
1
2
119947
3
2
1
5
121947
1
1
1
2
122447
3
0
1
7
122947
3
0
1
0
123447
2
0
1
1
123947
1
1
1
4
124447
3
1
1
3
124697
3
0
1
1
124947
2
0
1
4
125197
1
0
1
1
125447
2
0
1
5
125697
0
1
1
2
125947
1
0
1
7
126447
1
2
1
0
126947
1
0
1
1
127447
2
1
1
5
127947
0
1
1
2
128447
1
0
1
1
128697
2
0
1
0
129197
2
0
1
1
129447
1
0
1
0
129947
3
1
1
3
130447
1
0
1
6
130697
3
0
1
0
130947
2
0
1
1
131197
2
2
1
0
131447
1
1
1
6
131947
2
0
1
3
132447
2
2
1
0
132947
2
0
1
1
133447
3
1
1
3
133947
1
1
1
2
134447
2
0
1
7
134697
3
0
1
0
135197
3
0
1
1
135447
1
0
1
0
135697
2
0
1
7
135947
2
2
1
0
136947
2
0
1
1
137447
3
1
1
3
137947
2
0
1
1
138197
2
0
1
0
138447
2
0
1
1
138697
2
0
1
0
138947
2
0
1
1
139197
2
0
1
0
139447
2
0
1
1
139697
2
0
1
0
139947
2
0
1
1
140197
1
0
1
0
140447
2
0
1
1
140697
1
0
1
0
140947
2
0
1
1
141197
1
0
1
0
141447
2
0
1
1
141697
1
0
1
0
141947
2
0
1
1
142197
1
0
1
0
142447
2
0
1
1
142697
1
0
1
0
142947
3
0
1
1
143197
1
0
1
0
143447
3
0
1
1
143697
1
0
1
0
143947
3
0
1
1
144197
1
0
1
0
144447
3
0
1
1
144697
1
0
1
0
144947
3
0
1
1
145197
1
0
1
0
145447
3
0
1
1
145697
1
0
1
0
145947
3
0
1
1
146197
2
0
1
4
146447
1
0
1
1
146697
2
0
1
5
146947
3
0
1
1
147197
2
0
1
4
147447
1
0
1
1
147697
2
0
1
5
147947
3
0
1
1
148197
2
0
1
4
148447
1
0
1
1
148697
2
0
1
5
148947
3
0
1
1
149197
2
0
1
4
149447
1
0
1
1
149697
3
1
1
0
150447
3
0
1
1
150697
1
0
1
0
150947
2
0
1
7
151947
2
2
1
0
152447
1
1
1
2
152947
3
0
1
7
154447
1
0
1
2
154697
1
1
1
5
154947
2
0
1
1
155947
2
2
1
0
156447
3
1
1
3
156947
1
0
1
6
158197
3
0
1
1
158447
2
0
1
0
158697
1
0
1
1
159947
1
2
1
0
160447
3
1
1
3
160947
2
0
1
6
162197
1
0
1
0
162447
0
0
1
1
162697
2
0
1
0
162947
3
0
1
1
163197
1
0
1
0
163447
2
0
1
1
163697
3
0
1
0
163947
1
0
1
1
164197
0
0
1
0
164447
1
0
1
7
164697
2
0
1
0
164947
1
0
1
6
165447
3
1
1
3
165447
2
1
1
3
166947
1
0
1
6
167447
3
1
1
3
167947
1
2
1
4
168447
2
1
1
3
168947
0
0
1
6
169447
1
1
1
5
170947
1
0
1
6
171447
3
1
1
3
171947
2
2
1
0
172447
1
0
1
6
172947
2
1
1
3
173447
0
1
1
2
174447
3
1
1
3
174947
2
0
1
6
175447
3
0
1
0
175947
2
0
1
1
176447
0
0
1
0
176697
2
0
1
7
177447
3
0
1
0
177697
1
0
1
1
177947
2
0
1
0
178447
1
0
1
6
178947
0
1
1
0
179447
3
1
1
3
179947
2
1
1
2
180447
0
0
1
1
180697
1
0
1
0
181197
1
0
1
1
181447
0
0
1
0
181697
1
0
1
1
182447
3
0
1
1
182697
1
0
1
0
182947
2
0
1
7
183947
3
0
1
2
184447
2
0
1
3
184947
0
0
1
2
184947
1
0
1
2
186447
0
0
1
1
186697
2
0
1
0
186947
1
0
1
6
188447
1
0
1
1
188697
2
0
1
0
188947
3
0
1
1
190447
3
0
1
0
190697
1
0
1
1
190947
2
0
1
5
192447
3
0
1
1
192697
2
0
1
0
192947
1
0
1
1
194447
0
0
1
1
194697
1
0
1
0
194947
2
0
1
1
195447
3
0
1
3
195947
3
0
1
2
196447
3
0
1
3
196947
1
0
1
2
197447
1
0
1
3
198197
2
0
1
1
198447
0
0
1
0
198697
1
0
1
7
199197
2
0
1
0
200447
2
0
1
1
200697
1
0
1
0
200947
0
0
1
1
201447
1
0
1
3
201447
2
0
1
3
202197
3
0
1
1
202447
1
0
1
0
202697
2
0
1
1
202947
3
0
1
0
203447
1
0
1
2
203447
2
0
1
2
204447
3
0
1
1
204697
2
0
1
0
204947
1
0
1
1
205447
2
0
1
3
205447
1
0
1
3
206447
2
0
1
1
206697
0
0
1
0
206947
1
0
1
1
207947
1
0
1
0
208197
3
0
1
1
208447
2
0
1
0
208947
2
0
1
1
209447
3
0
1
0
209447
3
1
1
0
209947
1
0
1
1
210197
0
0
1
0
210447
2
0
1
7
210947
3
0
1
0
211197
1
0
1
1
211447
2
0
1
0
211697
1
0
1
6
211947
3
1
1
3
212447
1
1
1
2
212947
3
1
1
3
213447
2
2
1
4
213947
3
0
1
1
214197
2
0
1
0
214447
3
0
1
1
214697
2
0
1
0
214947
1
0
1
1
215197
0
0
1
0
215447
1
0
1
1
215697
0
0
1
0
215947
3
0
1
1
216197
2
0
1
0
216447
3
0
1
1
216697
2
0
1
0
216947
1
0
1
1
217197
0
0
1
0
217447
1
0
1
1
217697
0
0
1
0
217947
2
0
1
1
218197
0
0
1
0
218447
2
0
1
1
218697
0
0
1
0
218947
3
0
1
1
219197
1
0
1
0
219447
3
0
1
1
219697
1
0
1
0
219947
2
0
1
1
220197
0
0
1
0
220447
2
0
1
1
220697
0
0
1
0
220947
3
0
1
1
221197
1
0
1
0
221447
3
0
1
1
221697
1
0
1
0
221947
2
0
1
7
222197
3
0
1
0
222447
2
0
1
6
222697
1
0
1
0
222947
2
0
1
7
223197
3
0
1
0
223447
2
0
1
6
223697
1
0
1
0
223947
2
0
1
1
224197
1
0
1
4
224447
0
0
1
1
224697
1
0
1
5
224947
2
0
1
1
225197
1
0
1
4
225447
0
0
1
1
225697
1
0
1
5
225947
2
0
1
1
226197
3
0
1
0
226447
1
0
1
6
226697
0
0
1
0
226947
2
0
1
7
227197
3
0
1
0
227447
1
0
1
6
227697
0
0
1
0
227947
2
0
1
7
228197
3
0
1
0
228447
1
0
1
6
228697
0
0
1
0
228947
2
0
1
7
229197
3
0
1
0
229447
1
0
1
6
229697
0
0
1
0
229947
2
0
1
7
230197
3
0
1
0
230447
1
0
1
6
230697
0
0
1
0
230947
2
0
1
7
231197
3
0
1
0
231447
1
0
1
6
231697
0
0
1
0
231947
1
0
1
7
232197
2
0
1
0
232447
1
0
1
1
232697
2
0
1
5
232947
3
0
1
1
233197
2
0
1
4
233447
1
0
1
1
233697
2
0
1
0
233947
1
0
1
6
234197
0
0
1
0
234447
1
0
1
7
234697
2
0
1
0
234947
1
0
1
1
235197
2
0
1
5
235447
3
0
1
1
235697
2
0
1
4
235947
1
0
1
1
236197
2
0
1
0
236447
1
0
1
6
236697
0
0
1
0
236947
1
0
1
7
237197
2
0
1
0
237447
1
0
1
1
237697
2
0
1
5
237947
3
0
1
1
238197
2
0
1
4
238447
1
0
1
1
238697
2
0
1
0
238947
1
0
1
6
239197
0
0
1
0
239447
1
0
1
7
239697
2
0
1
0
239947
1
0
1
1
240197
2
0
1
5
240447
3
0
1
1
240697
2
0
1
4
240947
1
0
1
1
241197
2
0
1
0
241447
1
0
1
6
241697
0
0
1
0
241947
2
0
1
1
242197
2
0
1
0
242447
1
0
1
1
242697
1
0
1
0
242947
2
0
1
1
243197
2
0
1
0
243447
3
0
1
7
243697
3
0
1
4
243947
2
0
1
1
244197
2
0
1
0
244447
3
1
1
3
244697
3
1
1
2
244947
3
0
1
7
245197
3
0
1
4
245447
1
0
1
6
245697
1
0
1
5
245947
2
0
1
1
246197
0
0
1
0
246447
1
0
1
1
246697
2
0
1
0
247197
2
0
1
1
247447
1
0
1
0
247947
3
1
1
3
248947
1
0
1
6
249947
3
0
1
5
250197
2
0
1
1
250447
3
0
1
0
250697
1
0
1
6
251197
0
0
1
0
251447
2
0
1
7
251947
1
0
1
4
251947
0
1
1
4
253947
1
0
1
1
254197
3
0
1
0
254447
2
0
1
1
254697
1
0
1
0
255197
2
0
1
1
255447
3
0
1
0
255947
1
0
1
6
256197
3
0
1
3
256447
3
1
1
4
256697
1
0
1
1
257197
2
0
1
3
257447
1
1
1
4
257947
2
2
1
3
258947
1
1
1
2
258947
0
1
1
2
259447
2
0
1
3
259447
3
0
1
3
259947
3
0
1
6
260197
2
0
1
0
260447
3
0
1
7
260697
3
1
1
4
260947
1
0
1
6
261197
0
0
1
0
261447
1
0
1
7
261697
2
0
1
0
261947
3
0
1
1
262197
2
0
1
0
262447
3
0
1
1
262697
2
0
1
0
263197
1
0
1
6
263447
2
0
1
3
263947
1
1
1
2
264947
3
0
1
7
265947
2
0
1
0
266197
0
0
1
1
266447
1
0
1
0
266697
2
0
1
7
267197
3
0
1
0
267447
2
0
1
6
267947
1
0
1
0
268197
0
0
1
1
268447
1
0
1
5
268697
2
0
1
1
268947
1
0
1
0
269197
2
0
1
7
269447
3
0
1
0
269697
2
0
1
6
269947
0
0
1
0
270197
2
0
1
1
270447
1
0
1
0
270697
0
0
1
1
271197
1
0
1
5
271447
2
0
1
1
271947
3
0
1
0
272197
1
0
1
1
272447
2
0
1
0
272697
3
0
1
7
273197
1
0
1
6
273447
2
0
1
3
273947
0
1
1
2
274947
2
0
1
7
275447
1
2
1
0
275947
3
0
1
1
276197
2
0
1
0
276447
3
0
1
1
276697
1
0
1
0
276947
2
0
1
1
277197
0
0
1
0
277447
1
0
1
1
277697
0
0
1
0
277947
3
0
1
7
278197
3
1
1
4
278447
2
0
1
6
278697
1
0
1
0
278947
2
0
1
1
279197
1
0
1
4
279447
0
0
1
1
279697
1
0
1
0
279947
2
0
1
1
280197
1
0
1
4
280447
0
0
1
6
280697
0
1
1
5
280947
1
0
1
1
281197
2
0
1
0
281447
1
0
1
1
281697
2
0
1
0
281947
3
0
1
1
282197
2
0
1
0
282447
3
0
1
1
282697
1
0
1
0
282947
2
0
1
1
283197
0
0
1
0
283447
1
0
1
1
283697
0
0
1
0
283947
1
0
1
7
284197
2
0
1
0
284447
1
0
1
6
284697
0
0
1
0
284947
1
0
1
7
285197
2
0
1
0
285447
1
0
1
6
285697
0
1
1
0
285947
3
0
1
1
286197
2
0
1
0
286447
3
0
1
1
286697
1
0
1
0
286947
2
0
1
1
287197
0
0
1
0
287447
1
0
1
1
287697
0
0
1
0
287947
3
0
1
7
288197
3
1
1
4
288447
2
0
1
1
288697
1
0
1
0
288947
1
0
1
7
289197
2
0
1
0
289447
1
0
1
6
289697
0
0
1
0
289947
1
0
1
1
290197
0
0
1
4
290447
0
0
1
7
290697
1
0
1
0
290947
2
0
1
1
291197
1
0
1
0
291447
2
0
1
7
291697
3
0
1
0
291947
2
0
1
6
292197
1
0
1
0
292447
2
0
1
7
292697
3
0
1
0
292947
1
0
1
6
293197
0
0
1
0
293447
1
0
1
7
293697
2
0
1
0
293947
3
0
1
1
294197
2
0
1
0
294447
3
0
1
1
294697
2
0
1
0
295197
1
0
1
1
295447
2
0
1
0
295947
3
0
1
1
296197
3
0
1
0
296447
3
0
1
1
296697
3
0
1
0
297197
3
0
1
1
297447
2
0
1
0
297947
0
0
1
1
298197
1
0
1
0
298447
0
0
1
1
298697
1
0
1
0
299197
2
0
1
1
299447
3
0
1
0
299947
0
0
1
1
300197
0
0
1
0
300447
0
0
1
1
300697
0
0
1
0
301197
0
0
1
1
301447
1
0
1
0
301947
3
0
1
1
302197
1
0
1
0
302447
2
0
1
7
302697
3
0
1
0
303197
1
0
1
6
303447
2
2
1
0
303947
0
0
1
1
304197
2
0
1
0
304447
1
0
1
6
304697
2
2
1
5
305197
2
0
1
1
305447
1
0
1
4
305947
2
0
1
3
305947
3
0
1
3
306947
1
0
1
2
306947
0
0
1
2
307447
2
0
1
3
307447
3
0
1
3
307947
3
0
1
1
308197
2
0
1
0
308447
3
0
1
1
308697
1
0
1
0
308947
2
0
1
1
309197
0
0
1
0
309447
1
0
1
1
309697
0
0
1
0
309947
3
0
1
1
310197
1
0
1
0
310447
2
0
1
7
310697
3
0
1
0
311197
1
0
1
1
311447
0
0
1
0
311947
3
0
1
1
312197
3
0
1
0
312447
3
0
1
1
312697
3
0
1
0
313197
3
0
1
1
313447
2
0
1
0
313947
0
0
1
1
314197
2
0
1
0
314447
1
0
1
1
314697
2
0
1
5
315197
3
0
1
1
315447
2
0
1
0
315947
0
0
1
1
316197
0
0
1
0
316447
0
0
1
1
316697
0
0
1
0
317197
0
0
1
1
317447
1
0
1
0
317947
3
0
1
1
318197
1
0
1
0
318447
2
0
1
1
318697
3
0
1
0
319197
2
0
1
6
319447
3
1
1
0
319947
2
0
1
1
320197
0
0
1
0
320447
1
0
1
1
320697
2
0
1
0
321197
1
0
1
6
321447
2
0
1
3
321447
3
0
1
3
321947
3
0
1
4
321947
2
1
1
4
322947
0
1
1
1
322947
0
0
1
1
323447
1
0
1
0
323447
1
1
1
0
323947
3
0
1
7
324197
3
1
1
4
324447
2
0
1
1
324697
1
0
1
0
324947
2
0
1
7
325197
3
0
1
0
325447
1
0
1
6
325697
0
0
1
0
325947
1
0
1
1
326197
2
0
1
5
326447
3
0
1
1
326697
2
0
1
4
327197
1
0
1
1
327447
2
0
1
5
327947
3
0
1
1
328447
2
0
1
0
328947
1
0
1
1
329447
0
0
1
0
329947
0
0
1
1
330197
1
0
1
5
330447
2
0
1
1
330697
1
0
1
4
331197
2
0
1
1
331447
1
0
1
4
331947
0
0
1
1
332447
1
0
1
0
332947
2
0
1
1
333447
3
0
1
0
333947
3
0
1
1
334197
1
0
1
0
334447
3
0
1
7
334697
3
1
1
4
335197
2
0
1
1
335447
1
0
1
0
335947
3
1
1
1
335947
3
0
1
1
336197
1
0
1
4
336447
2
0
1
3
336447
3
0
1
3
336697
3
1
1
4
337197
1
0
1
1
337447
2
0
1
5
337947
1
0
1
2
337947
0
0
1
2
338947
1
0
1
3
339447
2
1
1
2
339447
1
1
1
2
341947
3
0
1
1
342447
3
2
1
0
342947
2
0
1
1
343447
2
2
1
0
343947
1
0
1
1
344447
1
2
1
0
344947
0
0
1
1
345447
0
2
1
0
345947
0
0
1
1
346447
0
0
1
0
346947
1
0
1
1
347447
1
0
1
0
347947
0
1
1
2
348447
1
0
1
1
348947
2
2
1
0
349447
2
0
1
1
349947
3
1
1
3
350447
2
0
1
1
350947
1
0
1
0
351447
2
0
1
1
351947
2
2
1
0
352447
2
0
1
1
352947
1
2
1
0
353447
1
0
1
1
353947
3
0
1
0
354447
3
0
1
1
354947
2
0
1
0
355447
2
0
1
1
355947
1
0
1
0
356447
1
0
1
1
356947
0
0
1
0
357447
0
0
1
1
357947
3
1
1
5
357947
2
0
1
5
358447
2
0
1
1
358947
3
0
1
0
359447
1
0
1
1
359947
2
0
1
0
360447
0
0
1
1
360947
1
0
1
0
361447
0
0
1
1
361947
3
1
1
5
361947
2
0
1
5
362447
2
0
1
1
362947
1
0
1
0
363447
0
0
1
1
363947
2
0
1
0
364447
1
0
1
1
364947
3
0
1
0
365447
2
0
1
1
365947
1
0
1
4
365947
0
1
1
4
366447
2
0
1
7
366947
3
0
1
0
367447
2
0
1
6
367947
0
0
1
0
368447
2
0
1
7
368947
1
0
1
2
369447
3
1
1
5
369947
2
0
1
1
370447
3
0
1
0
370947
1
0
1
1
371447
2
0
1
0
371947
0
0
1
1
372447
1
0
1
0
372947
0
0
1
1
373447
1
0
1
5
375353
3
1
1
3
376010
2
2
1
0
376635
0
1
1
2
377228
1
0
1
1
377947
1
1
1
0
379228
2
0
1
1
380572
2
1
1
2
383103
0
0
1
1
383760
1
0
1
0
384353
2
0
1
1
385603
0
1
1
2
386228
2
0
1
7
386822
1
0
1
2
387510
3
1
1
3
388103
1
2
1
4
389385
3
1
1
3
390728
1
0
1
1
392041
3
0
1
1
392635
2
0
1
0
393260
1
0
1
1
396041
3
1
1
3
396666
1
0
1
6
397291
2
1
1
5
397853
0
1
1
2
398541
1
1
1
3
399822
2
0
1
1
401135
2
0
1
0
403572
0
0
1
1
404197
1
0
1
0
404822
2
0
1
1
406166
3
1
1
3
406822
1
0
1
1
407447
2
2
1
0
408166
3
1
1
3
408853
2
1
1
2
410385
1
0
1
1
411822
3
0
1
1
412510
2
0
1
0
413197
3
0
1
1
413822
1
0
1
0
414510
2
0
1
1
415197
0
0
1
0
415947
1
0
1
1
416822
0
0
1
0
417791
0
1
1
3
417885
1
1
1
3
417978
2
1
1
3
421197
2
0
1
1
