Dangerous Night
30 Seconds to Mars
132
14000
3
1
1
3
18000
0
1
0
2
22000
3
0
1
7
22000
0
0
0
6
30000
3
1
1
3
34000
0
1
0
2
38000
0
0
0
6
38000
3
0
1
7
46000
3
0
1
1
46750
3
0
1
0
47500
2
0
1
1
48000
0
1
0
2
50000
0
0
0
1
50750
0
0
0
0
51500
1
0
0
1
52000
3
1
1
3
54000
2
0
1
1
54750
1
0
0
1
55500
3
0
1
3
56000
0
0
0
2
58000
3
0
1
1
58750
3
0
1
0
59500
2
0
1
1
60000
0
0
0
1
60750
0
0
0
0
61500
1
0
0
1
62000
3
0
1
1
62750
3
0
1
0
63500
2
0
1
1
64000
0
1
0
2
66000
2
0
1
1
66750
1
0
0
1
67500
2
0
1
1
70000
2
0
1
1
70000
1
0
0
1
70750
1
0
0
0
70750
2
0
1
0
71500
1
0
0
1
71500
2
0
1
1
78000
1
0
0
1
79500
0
1
1
2
81000
1
0
0
0
82000
2
0
1
1
83500
3
1
0
3
85000
2
0
1
0
86000
1
0
0
1
86500
3
0
1
3
87500
2
0
1
1
88000
0
0
0
2
89000
3
0
1
0
89500
1
0
0
1
93000
1
0
0
0
94000
1
0
0
1
95500
0
1
1
2
97000
2
0
1
1
98000
2
0
1
0
99500
3
1
0
3
101000
2
0
1
1
102000
3
0
1
3
103500
0
0
0
2
105000
3
0
1
1
105500
0
0
0
1
106500
3
2
1
8
107000
0
2
0
8
109500
2
0
1
0
109500
1
0
0
0
110000
1
0
0
1
110000
2
0
1
1
111500
3
1
1
3
113000
2
0
1
1
114000
0
0
0
1
114750
0
0
0
0
115500
0
0
0
1
117000
3
0
1
0
118000
1
0
0
1
118750
2
0
1
1
119500
0
1
0
2
121000
2
0
1
0
122000
3
0
1
1
122750
3
0
1
0
123500
3
0
1
1
125000
1
0
0
0
126000
2
0
1
1
127500
0
1
0
2
129000
2
0
1
0
130000
3
0
1
1
130750
3
0
1
0
131500
3
0
1
1
133000
1
0
0
1
134000
2
0
1
1
134500
1
0
0
1
135500
3
0
1
3
136000
0
0
0
2
137000
2
0
1
1
137500
1
0
0
1
142000
1
1
1
3
146000
2
1
0
2
150000
3
0
1
1
150750
3
0
1
0
151500
3
0
1
1
152000
1
1
0
2
154000
3
0
1
0
154750
1
1
0
2
155500
3
0
1
1
156000
1
0
0
1
156750
0
0
0
0
157500
2
1
1
3
158000
0
0
0
1
158750
0
0
0
0
159500
0
0
0
1
160000
2
1
1
3
162000
0
0
0
0
162750
2
1
1
3
163500
0
0
0
1
164000
2
0
1
1
166000
3
0
1
1
166750
3
0
1
0
167500
3
0
1
1
168000
1
1
0
2
170000
3
0
1
0
170750
1
1
0
2
171500
3
0
1
1
172000
1
0
0
1
173500
3
0
1
3
174000
1
0
0
1
174750
0
0
0
2
175500
2
0
1
1
178000
2
0
1
1
178750
3
0
1
3
179500
1
0
0
1
182000
2
0
1
1
182750
0
0
0
2
183500
2
0
1
1
186000
3
0
1
1
186750
2
0
1
0
187500
2
0
1
1
188000
0
0
0
1
188750
1
0
0
0
189500
1
0
0
1
190000
2
0
1
1
190750
1
0
0
1
191500
3
1
1
3
194000
2
0
1
1
194750
2
0
1
0
195500
0
1
0
2
198000
0
0
0
2
198750
3
0
1
3
199500
0
0
0
2
200000
3
0
1
3
200750
0
0
0
2
201500
3
0
1
3
202000
0
1
0
2
202750
3
1
1
3
203500
0
1
0
2
204000
3
1
1
3
206000
1
0
0
1
207500
0
1
1
2
209000
1
0
0
0
210000
2
0
1
1
211500
3
1
0
3
213000
2
0
1
0
214000
1
0
0
1
214500
3
0
1
3
215500
2
0
1
1
216000
0
0
0
2
217000
3
0
1
0
217500
1
0
0
1
219500
3
0
1
1
221500
2
0
1
0
222000
1
0
0
1
223500
0
1
1
2
225000
2
0
1
1
226000
2
0
1
0
227500
3
1
0
3
229000
2
0
1
1
230000
3
1
1
3
231500
0
1
0
2
233000
3
0
1
0
233500
0
0
0
1
234500
3
2
1
8
235000
0
2
0
8
238000
2
0
1
1
238000
1
0
0
1
239500
0
1
0
2
241000
1
0
0
1
242000
3
0
1
1
242750
3
0
1
0
243500
3
0
1
1
245000
1
0
0
1
246000
2
0
1
0
246750
1
0
0
1
247500
3
1
1
3
249000
2
0
1
1
250000
0
0
0
1
250750
0
0
0
0
251500
0
0
0
1
253000
3
1
1
3
254000
1
0
0
1
254000
2
0
1
1
255500
0
1
0
2
257000
1
0
0
1
258000
3
0
1
1
258750
3
0
1
0
259500
3
0
1
1
261000
1
0
0
1
262000
2
0
1
1
262500
1
0
0
1
263500
3
0
1
3
264000
0
0
0
2
265000
1
0
0
1
265500
2
0
1
1
270000
3
1
1
3
270750
0
1
0
2
271500
1
0
0
1
271500
2
0
1
1
274000
1
0
0
1
274750
3
0
1
3
275500
0
0
0
2
278000
3
0
1
3
278750
1
0
0
1
279500
2
0
1
2
282000
3
0
1
1
282750
3
0
1
0
283500
2
0
1
1
284000
1
0
0
1
284750
3
0
1
3
285500
2
0
1
1
286000
0
0
0
2
286750
2
0
1
1
287500
1
0
0
3
290000
1
0
0
1
290750
3
0
1
3
291500
0
0
0
2
294000
0
0
0
2
294750
2
0
1
1
295500
1
0
0
3
298000
0
0
0
1
298750
0
0
0
0
299500
1
0
0
1
300000
2
0
1
1
300750
0
0
0
2
301500
1
0
0
1
302000
3
0
1
3
302750
1
0
0
1
303500
2
0
1
1
306000
2
0
1
1
306750
1
0
0
1
307500
3
0
1
0
310000
3
0
1
1
310750
1
0
0
2
311500
3
0
1
0
312000
3
0
1
1
314000
3
0
1
1
314750
3
0
1
0
315500
2
0
1
1
316000
1
0
0
1
316750
2
0
1
0
317500
2
0
1
1
318000
0
0
0
2
318750
2
0
1
1
319500
1
0
0
1
322000
1
0
0
1
322750
3
0
1
1
323500
1
0
0
0
324000
3
0
1
0
324500
1
0
0
1
325000
2
0
1
1
325500
1
0
0
0
326500
3
0
1
3
329500
2
0
1
0
329500
1
0
0
0
330000
1
0
0
1
330000
2
0
1
1
334000
0
1
0
2
336000
3
1
1
3
338000
0
1
0
2
340000
3
1
1
3
342000
2
0
1
1
342500
1
0
0
1
343500
1
0
0
0
344000
2
0
1
0
345000
2
0
1
1
345500
1
0
0
1
348000
1
0
0
1
348500
1
0
0
0
349000
1
0
0
1
350000
3
1
1
3
352000
0
1
0
2
354000
3
1
1
3
356000
0
1
0
2
358000
2
0
1
1
358500
1
0
0
1
359500
1
0
0
0
360000
2
0
1
0
361000
2
0
1
1
361500
1
0
0
1
366000
2
0
1
1
367500
0
1
0
2
369000
2
0
1
0
369000
1
0
0
1
370000
3
0
1
1
370750
2
0
1
0
371500
3
0
1
1
374000
2
0
1
1
374750
1
0
0
1
375500
3
0
1
3
377000
1
0
0
0
377000
2
0
1
1
378000
0
0
0
1
378750
1
0
0
0
379500
0
0
0
1
379500
2
0
1
1
382000
2
0
1
1
383500
0
1
0
2
385000
1
0
0
1
385000
2
0
1
0
386000
3
0
1
1
386750
2
0
1
0
387500
3
0
1
1
390000
2
0
1
1
390500
1
0
0
1
391500
2
0
1
0
392000
1
0
0
0
393000
1
0
0
1
393500
2
0
1
1
394500
0
2
0
8
395000
3
2
1
8
396000
2
0
1
1
396000
1
0
0
1
397000
2
0
1
0
397000
1
0
0
0
398000
1
0
0
1
398000
2
0
1
1
399500
0
1
0
2
401000
2
0
1
0
402000
3
0
1
1
402750
2
0
1
0
403500
3
0
1
1
406000
2
0
1
1
406500
1
0
0
1
407500
2
0
1
0
408000
1
0
0
0
409000
2
0
1
1
409500
1
0
0
1
412000
1
0
1
1
412500
0
0
0
1
413000
3
1
1
3
414000
1
0
0
0
414000
2
0
1
1
415500
0
1
0
2
417000
1
0
0
1
417000
2
0
1
0
418000
3
0
1
1
418750
2
0
1
0
419500
3
0
1
1
422000
2
0
1
1
422500
1
0
0
1
423500
3
1
1
3
424000
0
1
0
2
425000
2
0
1
1
425500
1
0
0
1
428000
1
0
1
0
428500
0
0
0
1
429000
0
1
0
0
429500
3
0
1
7
