Awe (One Saber)

128
4150
2
0
1
1
5150
3
1
1
0
6150
1
0
1
2
7150
2
0
1
3
9150
1
0
1
1
10150
2
0
1
0
11150
3
1
1
3
12150
2
0
1
1
13150
3
1
1
0
13650
2
0
1
1
14650
1
0
1
0
15150
2
0
1
1
16150
3
0
1
1
16650
2
0
1
0
17150
3
0
1
1
18150
2
0
1
1
18650
1
0
1
0
19150
2
0
1
1
20150
3
0
1
1
22150
3
0
1
0
23150
2
0
1
2
24150
1
0
1
1
26150
0
0
1
0
28150
2
0
1
1
29150
3
1
1
0
29650
2
0
1
1
30650
1
0
1
0
31150
2
0
1
1
32150
2
0
1
1
32650
1
0
1
0
33150
2
0
1
1
34150
2
0
1
1
34650
3
0
1
0
35150
2
0
1
1
37150
0
0
1
1
39150
1
0
1
1
41150
3
0
1
1
42150
2
0
1
0
43150
3
0
1
1
45150
1
0
1
2
47150
3
0
1
0
48150
3
0
1
1
49150
2
0
1
0
51150
0
0
1
1
53150
2
0
1
3
55150
0
0
1
2
57150
1
0
1
0
58150
0
0
1
1
59150
1
0
1
0
61150
2
0
1
1
63150
2
0
1
3
64150
1
0
1
2
65150
2
0
1
3
67150
3
1
1
3
68150
2
0
1
1
68650
1
0
1
0
69150
2
0
1
1
70150
3
1
1
0
71150
2
0
1
1
73150
1
0
1
1
74150
3
0
1
3
75150
1
1
1
2
76150
2
0
1
1
76650
3
0
1
0
77150
2
0
1
1
78150
1
0
1
0
79150
0
0
1
2
81150
2
0
1
0
82150
3
1
1
3
83150
1
0
1
2
85150
1
0
1
1
87150
2
0
1
3
88150
3
0
1
1
89150
2
0
1
0
91150
1
0
1
2
93150
3
1
1
3
95150
0
0
1
2
96150
2
0
1
1
97150
3
0
1
1
98150
1
0
1
1
99150
2
0
1
0
100150
2
0
1
1
100650
3
0
1
0
101150
2
0
1
1
102150
2
0
1
1
102650
1
0
1
0
103150
2
0
1
1
105150
3
0
1
1
107150
3
0
1
1
108150
2
0
1
1
108650
3
0
1
0
109150
2
0
1
1
110150
2
0
1
1
110650
1
0
1
0
111150
2
0
1
1
113150
1
0
1
1
115150
1
0
1
1
116150
1
0
1
1
116650
0
0
1
0
117150
1
0
1
1
118150
1
0
1
1
118650
2
0
1
0
119150
1
0
1
1
121150
2
0
1
3
123150
0
0
1
2
124150
1
0
1
1
125150
2
0
1
1
126150
1
0
1
1
127150
2
0
1
1
128150
1
0
1
2
129150
3
0
1
3
130150
1
1
1
2
131150
3
0
1
0
132150
3
0
1
1
134150
2
0
1
0
136150
3
0
1
1
137150
1
0
1
2
138150
2
0
1
1
139150
1
0
1
0
140150
1
0
1
1
142150
0
0
1
0
143150
1
0
1
1
144150
1
0
1
0
145150
2
0
1
1
146150
2
0
1
0
147150
1
0
1
1
148150
3
1
1
3
150150
1
0
1
2
152150
2
0
1
1
153150
1
0
1
1
154150
3
0
1
1
155150
2
0
1
1
156150
1
0
1
1
158150
3
0
1
0
160150
2
0
1
1
160650
3
0
1
0
161150
2
0
1
1
161650
1
0
1
0
162150
2
0
1
1
162650
3
0
1
0
163150
2
0
1
1
164150
1
0
1
2
165150
2
0
1
0
166150
3
1
1
3
167150
2
0
1
1
168150
2
0
1
0
169150
2
0
1
1
171150
2
0
1
0
172150
1
1
1
2
173150
3
0
1
3
174150
2
0
1
1
176150
1
0
1
1
176650
2
0
1
0
177150
1
0
1
1
178150
2
0
1
3
179150
0
1
1
2
181150
3
0
1
1
183150
3
0
1
1
184150
3
0
1
0
185150
3
0
1
1
186150
3
0
1
0
187150
3
1
1
1
189150
1
0
1
2
190150
3
1
1
3
191150
2
0
1
1
193150
1
0
1
0
194150
2
0
1
1
194650
3
0
1
0
195150
2
0
1
1
197150
1
0
1
2
198150
3
1
1
3
199150
1
0
1
2
201150
2
0
1
1
202150
1
0
1
0
203150
3
0
1
3
205150
1
0
1
2
206150
2
0
1
0
207150
3
0
1
1
209150
2
0
1
1
210150
2
1
1
0
211150
1
0
1
1
213150
3
0
1
0
214150
2
0
1
1
215150
1
0
1
0
217150
3
0
1
3
218150
2
0
1
1
219150
3
0
1
0
221150
1
0
1
2
222150
2
0
1
1
223150
3
1
1
0
224150
1
0
1
2
225150
2
0
1
3
226150
2
0
1
1
226650
3
0
1
0
227150
2
0
1
1
229150
3
0
1
0
231150
1
0
1
1
233150
0
0
1
2
234150
2
0
1
3
235150
0
1
1
2
237150
2
0
1
1
239150
3
0
1
0
241150
2
0
1
2
242150
1
0
1
1
243150
0
0
1
0
245150
0
0
1
1
247150
3
0
1
1
249150
1
0
1
2
250150
2
0
1
1
251150
3
0
1
0
253150
3
1
1
3
255150
1
0
1
1
256150
2
0
1
0
257150
2
0
1
3
258150
1
0
1
2
259150
2
0
1
1
259650
1
0
1
0
260150
2
0
1
1
276150
0
0
1
1
278150
2
0
1
1
278650
1
0
1
0
279150
2
0
1
1
279650
1
0
1
0
282150
1
0
1
1
282650
2
0
1
0
283150
1
0
1
1
283650
2
0
1
0
284150
3
0
1
1
286150
1
0
1
2
288150
1
0
1
1
289150
2
0
1
0
290150
1
0
1
1
291150
2
0
1
0
292150
2
0
1
1
293650
3
0
1
0
294650
2
0
1
1
295150
1
0
1
0
296150
2
0
1
1
297650
3
0
1
0
298650
2
0
1
1
299150
1
0
1
0
300150
1
0
1
1
301650
1
0
1
0
302650
2
0
1
1
303150
3
0
1
0
304150
2
0
1
1
305650
1
0
1
0
306650
2
0
1
1
307150
3
0
1
0
308150
1
0
1
2
309650
2
0
1
1
310650
1
0
1
0
311150
0
0
1
1
312150
2
0
1
3
313650
1
0
1
1
314650
0
0
1
0
315150
1
0
1
1
316150
2
0
1
0
317650
0
0
1
1
318650
1
0
1
0
319150
2
0
1
1
320150
3
0
1
0
321150
1
0
1
2
322150
3
0
1
3
323150
1
1
1
2
324150
2
0
1
1
324650
3
1
1
0
325150
2
0
1
1
326150
2
0
1
1
326650
1
0
1
0
327150
2
0
1
1
329150
0
0
1
2
331150
2
0
1
3
332150
1
0
1
1
332650
0
0
1
0
333150
1
0
1
1
334150
1
0
1
1
334650
2
0
1
0
335150
1
0
1
1
337150
0
0
1
2
339150
2
0
1
3
340150
2
0
1
1
340650
3
0
1
0
341150
2
0
1
1
342150
2
0
1
1
342650
1
0
1
0
343150
2
0
1
1
345150
1
0
1
2
347150
3
1
1
3
348150
2
0
1
1
349150
1
0
1
1
350150
2
0
1
1
351150
3
0
1
1
352150
2
0
1
1
352650
2
0
1
0
353150
1
0
1
1
353650
1
0
1
0
354150
2
0
1
1
356150
2
0
1
3
356150
3
0
1
3
357150
0
0
1
2
358150
2
0
1
3
359150
0
0
1
1
360150
2
0
1
0
361150
0
0
1
1
362150
1
0
1
0
363150
2
0
1
1
364150
1
0
1
0
365150
0
0
1
1
366150
2
1
1
3
367150
1
0
1
1
368150
2
0
1
0
369150
3
1
1
3
370150
2
0
1
1
371150
2
0
1
0
372150
3
0
1
1
373150
1
0
1
2
374150
2
0
1
0
375150
3
1
1
3
376150
1
0
1
1
377150
2
0
1
0
378150
3
0
1
1
379150
3
1
1
0
380150
1
0
1
2
381150
2
0
1
3
382150
0
0
1
2
383150
1
0
1
1
384150
2
0
1
0
385150
0
1
1
2
386150
1
0
1
1
386650
2
0
1
0
387150
1
0
1
1
388150
2
0
1
1
388650
3
0
1
0
389150
2
0
1
1
390150
2
0
1
1
390650
3
0
1
0
391150
2
0
1
1
392150
1
0
1
2
394150
2
0
1
3
396150
2
0
1
1
396650
1
0
1
0
397150
2
0
1
1
398150
1
0
1
1
398650
2
0
1
0
399150
1
0
1
1
400150
0
0
1
0
402150
1
0
1
1
403150
2
0
1
0
404150
2
0
1
3
406150
1
0
1
2
408150
3
0
1
1
408650
2
0
1
0
409150
3
0
1
1
410150
2
0
1
1
410650
1
0
1
0
411150
2
0
1
1
412150
3
0
1
0
413150
1
0
1
2
414150
3
1
1
3
416150
1
0
1
2
417150
2
0
1
1
418150
3
0
1
0
420150
2
0
1
1
422150
3
0
1
0
424150
2
0
1
1
428150
1
0
1
1
430150
0
0
1
0
432150
1
0
1
1
432650
1
0
1
0
433150
1
0
1
1
434150
0
0
1
1
434650
0
0
1
0
435150
0
0
1
1
437150
2
0
1
3
439150
1
0
1
1
441150
0
0
1
0
443150
2
0
1
1
445150
1
0
1
2
447150
3
0
1
3
448150
2
0
1
1
448650
3
0
1
0
449150
1
0
1
1
450150
2
0
1
1
450650
1
0
1
0
451150
3
0
1
1
453150
1
0
1
2
455150
3
0
1
3
457150
1
0
1
1
459150
2
0
1
0
461150
1
0
1
2
463150
3
1
1
3
464150
2
0
1
1
464650
2
0
1
0
465150
2
0
1
1
466150
3
0
1
1
466650
3
0
1
0
467150
3
0
1
1
469150
1
1
1
2
471150
3
1
1
3
473150
2
0
1
1
475150
2
0
1
0
477150
2
0
1
1
479150
0
0
1
2
480150
1
0
1
1
480650
0
0
1
0
481150
1
0
1
1
482150
2
0
1
1
482650
1
0
1
0
483150
2
0
1
1
484150
0
1
1
2
