Mortals
Warriyo
90
5429
2
0
1
1
5929
1
0
0
1
6429
2
0
1
0
6679
1
0
0
0
6929
2
0
1
1
7429
0
0
0
1
7929
3
0
1
0
8179
1
0
0
0
8429
2
0
1
1
8679
0
0
0
1
8929
3
0
1
0
9429
1
0
0
0
9929
2
0
1
1
10429
1
0
0
1
10679
0
0
1
0
10929
1
0
0
0
11429
2
0
1
1
11929
0
0
0
6
12179
1
0
1
5
12429
0
0
0
5
12679
1
0
1
6
12929
0
0
0
6
13429
1
0
1
0
13929
2
0
0
0
14429
2
0
1
1
14679
1
0
0
1
14929
2
2
1
0
15429
2
0
0
0
15929
1
0
1
1
16179
1
0
1
0
16429
1
0
1
1
16679
1
0
1
0
16929
2
0
0
1
17429
2
0
1
1
17929
1
0
0
0
18429
1
0
1
0
18679
2
0
0
1
18929
3
0
1
1
19429
1
0
0
0
19929
2
0
1
0
20179
1
0
0
1
20429
2
0
1
1
20679
1
0
0
0
20929
2
0
1
0
21429
1
0
0
1
21429
1
1
0
1
22429
0
0
1
6
23929
2
2
0
5
23929
3
2
1
5
24429
0
0
0
6
25429
1
1
0
5
25429
2
0
1
6
26429
3
2
1
5
27929
1
0
0
1
27929
2
0
1
1
28429
0
0
0
0
29429
1
0
0
1
29429
2
0
1
0
30429
3
0
1
1
31929
1
0
0
0
31929
2
0
1
0
32387
3
0
1
1
32679
1
0
0
1
32679
2
0
1
0
33429
1
1
0
0
33429
2
1
1
1
34429
3
1
1
3
35429
0
0
0
1
35929
1
0
1
1
36179
0
0
0
0
36429
1
0
1
0
36679
0
0
0
1
36929
1
0
1
1
37179
0
0
0
0
37429
1
0
0
1
37429
2
0
1
0
38429
1
0
0
0
38679
2
0
1
1
38929
1
0
0
1
39429
2
0
1
0
39679
0
0
0
0
39929
1
0
0
1
39929
2
0
1
1
40429
3
0
1
0
40679
1
0
0
0
40679
2
0
1
1
40929
0
0
0
1
41429
1
0
0
0
41429
2
0
1
0
41679
0
0
0
1
41929
1
0
1
1
42429
2
0
0
4
42679
3
0
1
4
42929
2
0
0
7
43429
3
0
1
7
43679
1
0
0
0
43929
2
0
0
1
43929
3
0
1
0
44429
1
0
1
6
44679
0
0
0
5
44929
3
0
1
0
45429
2
0
0
1
45429
3
0
1
1
45929
0
0
0
2
46429
1
0
0
3
46679
1
0
0
2
46929
1
0
0
3
47429
0
0
0
1
47679
0
0
0
0
47929
1
0
0
1
47929
2
0
1
1
48429
3
0
1
0
48679
1
0
0
0
48679
2
0
1
1
48929
3
0
1
0
49429
1
0
0
1
49429
2
0
1
1
49679
1
0
0
0
49929
1
0
0
1
50429
2
0
0
0
50679
3
0
1
0
50929
2
0
0
1
51429
3
0
1
1
51679
2
0
0
0
51929
2
0
0
1
51929
3
0
1
0
52179
3
0
1
1
52429
2
0
0
0
52679
3
0
1
0
52929
2
0
0
1
53179
3
0
1
1
53429
2
0
0
0
53429
3
0
1
0
54429
1
0
0
1
54691
2
0
1
1
54929
1
0
0
0
55429
3
0
1
0
55679
0
0
0
1
55929
1
0
0
0
55929
2
0
1
1
56429
3
0
1
0
56679
1
0
0
1
56679
2
0
1
1
56929
0
0
0
0
57429
1
0
0
1
57429
2
0
1
0
57679
3
0
1
1
57929
0
0
0
0
58429
3
0
1
0
58679
0
1
0
2
58929
0
1
1
2
59429
3
0
0
3
59679
3
0
1
3
59929
0
0
1
2
59929
0
1
0
2
60429
3
0
1
3
60679
3
0
1
2
60929
3
1
0
3
61429
0
1
0
2
61429
1
1
0
2
62429
1
1
1
2
62679
3
0
0
7
62929
3
0
1
7
63429
0
2
0
4
63679
0
2
1
4
63929
1
0
0
1
63929
2
0
1
1
64429
3
0
1
0
64679
1
0
0
0
64679
2
0
1
1
64929
0
0
0
1
65429
1
0
0
0
65429
2
0
1
0
65679
3
0
1
1
65929
0
0
0
1
66429
3
0
1
0
66679
0
0
0
0
66929
1
0
0
1
66929
2
0
1
1
67429
0
0
0
0
67679
3
0
1
0
67929
1
0
0
1
67929
2
0
1
1
68179
0
0
0
0
68429
2
0
1
0
68679
1
0
0
1
68929
3
0
1
1
69179
0
0
0
0
69429
1
0
0
1
69429
2
0
1
0
77429
1
0
0
1
77429
2
0
1
1
77679
3
0
1
0
77929
1
0
0
0
78179
2
0
1
1
78429
0
0
0
1
78679
1
0
1
0
78929
0
0
0
0
79179
2
0
1
1
79429
1
0
0
1
79679
3
0
1
0
79929
1
0
0
0
79929
2
0
1
1
80179
0
0
0
1
80429
3
0
1
0
80679
1
0
0
0
80679
2
0
1
1
80929
0
0
0
1
81179
3
0
1
0
81429
1
0
0
0
81429
2
0
1
1
81679
0
0
0
1
81929
2
0
1
0
82179
1
0
0
0
82429
3
0
1
1
82679
2
0
0
1
82929
1
0
1
0
83179
0
0
0
0
83429
1
0
1
1
83679
0
0
0
1
83929
1
0
0
0
83929
2
0
1
0
84179
3
0
1
1
84429
0
0
0
1
84679
1
0
0
0
84679
3
0
1
0
84929
2
0
1
1
85179
0
0
0
1
85429
1
0
0
0
85429
2
0
1
0
85679
3
0
1
1
85929
1
0
0
1
86179
2
0
1
0
86429
0
0
0
0
86679
1
0
1
1
86929
0
0
0
1
87179
2
0
1
0
87429
1
0
0
0
87679
3
0
1
1
87929
1
0
0
1
87929
2
0
1
0
88179
0
0
0
0
88429
3
0
1
1
88679
1
0
0
1
88679
2
0
1
0
88929
0
0
0
0
89179
3
0
1
1
89429
1
0
0
1
89429
2
0
1
0
89679
0
0
0
0
89929
1
0
1
1
90179
0
0
0
1
90429
1
0
1
0
90679
0
0
0
0
90929
1
0
1
1
91179
0
0
0
1
91429
2
0
1
0
91679
1
0
0
0
91929
2
0
0
1
91929
3
0
1
1
92179
1
0
0
0
92429
3
0
1
0
92679
1
0
0
1
92679
2
0
1
1
92929
0
0
0
0
93179
3
0
1
0
93429
1
0
0
1
93429
2
0
1
1
93679
0
0
0
0
93929
3
0
1
0
94179
2
0
0
1
94429
3
0
1
1
94679
2
0
0
0
94929
3
0
1
0
95179
2
0
0
1
95429
3
0
1
1
95679
2
0
0
0
95929
2
0
0
1
95929
3
0
1
0
96179
3
0
1
1
96429
2
0
0
0
96679
2
0
0
1
96679
3
0
1
0
96929
2
0
1
1
97179
1
0
0
0
97429
0
0
0
1
97429
1
0
1
0
97679
1
0
1
1
97929
0
0
0
0
98179
1
0
1
0
98429
0
0
0
1
98679
1
0
1
1
98929
0
0
0
0
99179
1
0
1
0
99429
0
0
0
1
99679
1
0
1
1
99929
0
0
0
0
99929
1
0
1
0
100179
0
0
0
1
100429
1
0
1
1
100679
0
0
0
0
100679
1
0
1
0
100929
0
0
0
1
101179
1
0
1
1
101429
1
0
0
0
101429
2
0
1
0
102429
1
0
1
2
102929
0
0
0
2
102929
3
0
1
3
103658
3
0
1
1
103929
1
0
0
0
103929
2
0
1
0
104158
0
0
0
1
104408
3
0
1
1
104679
1
0
0
0
104679
2
0
1
0
104908
0
0
0
1
105158
3
0
1
1
105429
1
0
0
0
105429
2
0
1
0
105658
0
0
0
1
105929
2
0
1
1
106179
1
0
0
0
106429
0
0
1
0
106679
0
0
0
1
106929
1
0
1
1
107179
0
0
0
0
107429
1
0
1
0
107679
0
0
0
1
107929
1
0
0
0
107929
2
0
1
1
108179
3
0
1
0
108429
0
0
0
1
108679
1
0
0
0
108679
2
0
1
1
108929
3
0
1
0
109158
0
0
0
1
109429
1
0
0
0
109429
2
0
1
1
109679
3
0
1
0
109804
1
0
0
1
109929
2
0
1
1
110054
0
0
0
0
110179
1
0
1
0
110304
2
0
0
1
110429
3
0
1
1
110679
1
0
0
0
110929
2
0
1
0
111179
1
0
0
1
111429
2
0
1
1
111679
0
0
0
0
111929
1
0
0
1
111929
2
0
1
0
112179
3
0
1
1
112429
2
0
0
0
112679
0
0
0
1
112679
1
0
1
0
112929
2
0
1
1
113179
1
0
0
0
113429
2
0
0
1
113429
3
0
1
0
113679
1
0
1
1
113929
0
0
0
0
114179
1
0
1
0
114429
2
0
0
1
114679
3
0
1
1
114929
2
0
0
0
115179
1
0
1
0
115429
0
0
0
1
115658
3
0
1
1
115929
1
0
0
0
115929
2
0
1
0
116158
0
0
0
1
116429
1
0
1
1
116679
0
0
0
0
116679
2
0
1
0
116929
1
0
0
1
117179
2
0
1
1
117429
1
0
0
0
117429
3
0
1
0
117679
0
0
0
1
117908
1
0
1
1
118158
2
0
0
0
118408
3
0
1
0
118679
2
0
0
1
118908
3
0
1
1
119158
2
0
0
0
119429
1
0
1
0
119679
0
0
0
1
119929
1
0
0
0
119929
2
0
1
1
120158
3
0
1
0
120408
0
0
0
1
120679
1
0
0
0
120679
2
0
1
1
120908
3
0
1
0
121158
0
0
0
1
121429
1
0
0
0
121429
2
0
1
1
121679
3
0
1
0
121929
2
0
0
1
122179
3
0
1
1
122429
2
0
0
0
122679
3
0
1
0
122929
2
0
0
1
123179
3
0
1
1
123429
2
0
0
0
123679
3
0
1
0
123929
1
0
0
1
123929
2
0
1
1
124158
0
0
0
0
124408
3
0
1
0
124679
0
0
0
1
124679
1
0
1
1
124929
2
0
0
0
125179
3
0
1
0
125429
1
0
0
1
125429
2
0
1
1
125679
0
0
0
0
125929
1
0
1
0
126179
2
0
0
1
126429
3
0
1
1
126679
2
0
0
0
126929
3
0
1
0
127179
2
0
0
1
127429
1
0
1
1
127679
0
0
0
0
127929
1
0
0
1
127929
2
0
1
0
128179
3
0
1
1
128429
0
0
0
0
128679
1
0
0
1
128679
2
0
1
0
128929
3
0
1
1
129179
0
0
0
0
129429
1
0
0
1
129429
2
0
1
0
129679
3
0
1
1
129929
2
0
0
0
130179
1
0
1
0
130429
0
0
0
1
130679
1
0
1
1
130929
2
0
0
0
131179
3
0
1
0
131429
2
0
0
1
131679
3
0
1
1
131929
0
0
0
0
131929
1
0
1
0
132179
2
0
0
1
132429
3
0
1
1
132679
1
0
0
0
132679
2
0
1
0
132929
0
0
0
1
133179
1
0
1
1
133429
2
0
0
0
133429
3
0
1
0
141429
1
0
0
1
142429
2
0
1
1
143429
1
0
0
0
144429
2
0
1
0
144929
1
0
0
1
145929
2
0
1
1
149429
3
0
1
3
150429
0
0
1
2
151429
3
1
1
3
152429
0
1
1
2
152908
3
0
1
7
153908
0
1
1
4
157429
0
0
0
2
158429
3
0
0
3
159429
0
1
0
2
160408
3
0
0
7
160908
0
1
0
4
161908
3
0
0
7
165429
2
0
1
1
166429
1
0
0
1
167429
0
2
1
0
168429
3
2
0
0
168929
3
0
1
1
169929
0
0
0
2
170929
0
0
1
2
170929
1
0
1
2
171929
2
0
0
3
171929
3
0
0
3
172429
2
1
1
3
172429
3
1
1
3
172929
0
1
0
2
172929
1
1
0
2
173408
2
0
0
1
173408
3
0
1
1
174429
2
1
0
0
174429
3
1
1
0
175429
0
0
1
1
175429
1
0
0
1
176429
1
2
0
0
176429
2
2
1
0
176929
1
0
1
1
176929
2
0
0
1
177929
0
1
0
2
177929
3
1
1
3
181429
1
0
0
1
181429
2
0
1
1
182429
3
1
1
5
182429
3
2
0
5
183429
0
0
0
6
183429
1
0
1
6
184429
1
2
0
0
184429
2
2
1
0
184929
2
0
0
7
184929
3
0
1
7
185929
0
1
0
4
185929
0
2
1
4
189429
1
0
0
1
189429
2
0
1
1
190429
0
0
0
5
190429
3
0
1
4
191429
0
0
0
2
191429
3
1
1
3
192429
1
0
0
7
192429
2
0
1
4
192929
1
0
0
0
192929
2
0
1
1
193929
1
1
0
6
193929
2
0
1
5
197429
1
0
0
1
197429
2
0
1
1
198429
0
0
0
5
198429
3
0
1
4
199429
1
0
0
2
199429
2
1
1
3
200429
1
0
0
7
200429
2
0
1
4
200929
1
1
0
0
200929
2
0
1
1
201929
1
1
0
6
201929
2
0
1
5
203429
1
0
1
2
203429
2
1
0
3
204429
1
0
0
2
204429
2
1
1
3
205429
0
1
0
0
205429
3
1
1
0
205929
1
0
0
1
206429
2
0
1
1
206929
1
0
0
0
207429
2
0
1
0
207929
1
0
0
1
208429
2
0
1
1
208929
0
0
0
0
209429
3
0
1
0
209929
1
0
0
1
210429
2
0
1
1
210929
0
0
0
0
211429
3
0
1
0
211929
1
0
0
1
212429
2
0
1
1
212929
1
1
0
0
213429
2
1
1
0
213929
0
0
0
1
214429
3
0
1
1
214929
3
2
0
0
215429
0
2
1
0
215929
1
0
0
1
216429
2
0
1
1
216929
3
2
0
0
217429
0
2
1
0
217929
1
0
1
1
218429
2
2
1
0
218929
3
0
1
1
219429
3
0
0
1
219929
2
2
0
0
220429
1
0
0
1
220929
2
0
1
0
221429
1
0
0
0
221429
2
0
1
1
221929
1
0
0
1
221929
2
0
1
0
222429
1
0
0
0
222429
2
0
1
1
222929
1
0
0
6
222929
2
0
1
5
223429
1
0
0
0
223429
2
0
1
1
223929
1
0
0
7
223929
2
0
1
4
224429
1
0
0
0
224429
2
0
1
1
224929
1
0
0
6
224929
2
0
1
5
225429
0
0
0
0
225429
3
0
1
1
225929
1
0
0
1
225929
2
0
1
0
226429
0
0
0
0
226429
3
0
1
1
226929
1
0
0
1
226929
2
0
1
0
227429
0
0
0
0
227429
3
0
1
1
227929
1
0
0
1
227929
2
0
1
0
228429
1
0
0
5
228429
2
0
1
6
228929
1
0
0
1
228929
2
0
1
0
229429
1
0
0
0
229429
2
0
1
1
229679
0
0
0
1
229929
3
0
1
0
230179
1
0
0
0
230429
2
0
1
1
230679
0
0
0
1
230929
3
0
1
0
231179
1
0
0
0
231429
2
0
1
1
231679
0
0
0
1
231929
3
0
1
0
232179
1
0
0
0
232429
2
0
1
1
232679
0
0
0
1
232929
3
0
1
0
233179
1
0
0
0
233429
3
0
1
1
233554
0
0
0
1
233679
2
0
1
0
233804
1
0
0
0
233929
3
0
1
1
234054
0
0
0
1
234179
2
0
1
0
234304
1
0
0
0
234429
3
0
1
1
234554
0
0
0
1
234679
2
0
1
0
234804
1
0
0
0
234929
2
0
1
1
235054
1
0
0
1
235179
2
0
1
0
235304
1
0
0
0
237429
1
0
0
1
237429
2
0
1
1
238429
3
0
1
0
238679
0
0
0
0
238929
1
0
0
1
238929
2
0
1
1
239179
3
0
1
0
239429
0
0
0
0
239679
1
0
0
1
239679
3
0
1
1
239929
0
0
0
0
239929
2
0
1
0
240179
1
0
1
1
240429
0
0
0
1
240679
1
0
0
0
240679
2
0
1
0
240929
0
0
1
1
241179
1
0
0
1
241429
2
0
0
0
241429
3
0
1
0
241679
1
0
1
1
241929
0
0
0
1
242179
1
0
1
0
242429
2
0
0
0
242679
3
0
1
1
242929
1
0
0
1
242929
2
0
1
0
243179
0
0
0
0
243429
1
0
1
1
243679
0
0
0
1
243929
1
0
0
0
243929
2
0
1
0
244179
3
0
0
1
244429
2
0
1
1
244679
0
0
0
0
244679
1
0
1
0
244929
2
0
0
1
245179
3
0
1
1
245429
1
0
0
0
245429
2
0
1
0
245679
0
0
0
1
245929
3
0
1
1
246179
1
0
0
0
246179
2
0
1
0
246429
0
0
0
1
246679
3
0
1
1
246929
1
0
0
0
246929
2
0
1
0
247179
0
0
0
1
247429
3
0
1
1
247679
0
0
0
0
247679
2
0
1
0
247929
1
0
0
1
247929
3
0
1
1
248179
2
0
1
0
248429
0
0
0
0
248679
1
0
0
1
248679
2
0
1
1
248929
3
0
1
0
249179
0
0
0
0
249429
1
0
0
1
249429
2
0
1
1
249679
3
0
1
0
249929
2
0
0
0
250179
1
0
1
1
250429
0
0
0
1
250679
3
0
1
0
250929
1
0
0
0
250929
2
0
1
1
251179
0
0
0
1
251429
3
0
1
0
251679
0
0
0
0
251929
1
0
0
1
251929
2
0
1
1
252179
0
0
0
0
252429
3
0
1
0
252679
1
0
0
1
252679
2
0
1
1
252929
0
0
0
0
253179
3
0
1
0
253429
1
0
0
1
253429
2
0
1
1
253679
3
0
0
0
253929
3
0
1
0
254179
2
0
0
1
254429
2
0
1
1
254679
0
0
0
0
254929
1
0
0
1
254929
2
0
1
0
255179
0
0
0
0
255429
3
0
1
1
255679
1
0
0
1
255679
2
0
1
0
255929
1
0
0
0
255929
2
0
1
1
256429
0
0
0
1
256679
0
0
1
0
256804
1
0
0
0
256929
2
0
1
1
257179
3
0
0
1
257429
2
1
1
0
257429
3
1
0
0
258429
1
0
0
1
258679
2
0
1
1
258929
1
0
0
0
258929
3
0
1
0
259179
2
0
1
1
259429
1
0
0
1
259679
0
0
1
0
259929
1
0
0
0
259929
2
0
1
1
260179
0
0
0
1
260429
3
0
1
0
260679
1
0
0
0
260679
2
0
1
1
260929
0
0
0
1
261179
3
0
1
0
261429
1
0
0
0
261429
2
0
1
1
261679
0
0
0
1
261804
1
0
1
0
261929
2
0
0
0
262054
3
0
1
1
262179
0
0
0
1
262304
1
0
1
0
262429
2
0
0
0
262679
3
0
1
1
262929
0
0
0
1
262929
1
0
1
0
263179
2
0
1
1
263429
0
0
0
0
263679
1
0
0
1
263679
3
0
1
0
263929
0
0
0
0
263929
2
0
1
1
264179
1
0
1
0
264429
0
0
0
1
264679
1
0
0
0
264679
3
0
1
1
264929
2
0
1
0
265179
1
0
0
1
265429
2
0
0
0
265429
3
0
1
1
265679
3
0
1
0
265929
2
0
0
1
266179
3
0
1
1
266429
2
0
0
0
266679
2
0
1
0
266929
0
0
0
1
266929
1
0
1
1
267179
1
0
1
0
267429
0
0
0
0
267679
1
0
1
1
267929
0
0
0
1
268179
0
0
1
0
268429
1
0
0
0
268679
1
0
1
1
268929
0
0
0
1
269179
0
0
1
0
269429
1
0
0
0
269429
2
0
1
1
269679
0
0
0
6
269929
1
0
1
5
270179
0
0
0
5
270429
1
0
1
6
270679
0
0
0
6
270929
1
0
0
0
270929
2
0
1
0
271179
3
0
1
1
271429
1
0
0
1
271679
2
0
0
0
271679
3
0
1
0
271929
0
0
0
1
271929
1
0
1
1
272179
3
0
1
4
272429
2
0
0
4
272679
0
0
0
1
272679
1
0
1
1
272929
3
0
1
4
273179
2
0
0
4
273429
0
0
0
1
273429
1
0
1
1
273679
3
0
1
4
273929
2
0
0
4
274179
1
0
1
6
274429
0
0
0
6
274679
1
0
1
5
274929
2
0
0
0
274929
3
0
1
1
275179
0
0
0
6
275429
1
0
1
5
275679
0
0
0
5
275929
1
0
0
1
275929
2
0
1
1
276179
3
0
1
4
276429
2
0
0
4
276679
0
0
0
1
276679
1
0
1
1
276929
3
0
1
4
277179
2
0
0
4
277429
0
0
0
1
277429
1
0
1
1
277679
3
0
1
5
277929
0
0
0
4
278179
1
0
0
7
278179
2
0
1
6
278429
3
0
1
5
278679
0
0
0
4
278929
1
0
0
7
278929
2
0
1
6
279179
0
0
0
4
279429
3
0
1
5
279679
1
0
0
7
279679
2
0
1
6
279929
0
0
0
4
279929
3
0
1
5
280179
1
0
0
1
280429
2
0
1
1
280679
0
0
0
0
280679
3
0
1
0
280929
1
0
1
6
281179
0
0
0
6
281429
0
0
0
5
281429
1
0
1
5
281679
1
0
1
6
281929
0
0
0
6
282179
1
0
1
5
282429
0
0
0
5
282679
1
0
1
6
282929
2
0
0
1
282929
3
0
1
0
283179
2
0
0
4
283429
3
0
1
7
283679
2
0
0
7
283929
3
0
1
4
284179
2
0
0
4
284429
3
0
1
7
284679
1
0
0
1
284679
2
0
1
0
284929
0
0
0
0
285179
3
0
1
7
285429
1
0
0
1
285429
2
0
1
0
285679
0
0
0
0
285929
3
0
1
6
286179
0
0
0
1
286429
1
0
1
0
286679
2
0
0
0
286929
1
0
0
1
286929
3
0
1
1
287179
2
0
1
0
287429
0
0
0
0
287679
1
0
0
1
287679
2
0
1
1
287929
0
0
0
0
287929
3
0
1
0
288429
3
0
1
1
288679
2
0
0
1
288804
1
0
1
0
288929
0
0
0
0
289179
1
0
1
1
289429
0
0
0
1
289429
2
0
1
0
290429
0
0
0
0
290679
3
0
1
1
290929
1
0
0
1
290929
2
0
1
0
291179
0
0
0
0
291429
3
0
1
1
291679
0
0
0
1
291929
1
0
0
0
291929
2
0
1
0
292179
0
0
0
1
292429
3
0
1
1
292679
1
0
0
0
292679
2
0
1
0
292929
0
0
0
1
293179
3
0
1
1
293429
1
0
0
0
293429
2
0
1
0
293679
0
0
0
1
293804
1
0
1
1
293929
2
0
0
0
294054
3
0
1
0
294179
0
0
0
1
294304
1
0
1
1
294429
2
0
0
0
294679
3
0
1
0
294929
0
0
0
1
294929
1
0
1
1
295179
2
0
0
0
295429
3
0
1
0
295679
1
0
0
1
295679
2
0
1
1
295929
1
0
0
0
295929
2
0
1
0
296179
3
0
1
1
296429
0
0
0
1
296679
1
0
0
0
296679
2
0
1
0
296929
3
0
1
1
297179
0
0
0
1
297429
1
0
0
0
297429
2
0
1
0
297679
3
0
1
1
297929
1
0
0
1
298179
2
0
1
0
298429
0
0
0
0
298679
3
0
1
1
298929
1
0
0
1
298929
2
0
1
0
299179
0
0
0
0
299429
3
0
1
1
299679
1
0
0
1
299679
2
0
1
0
299929
0
0
0
0
300179
3
0
1
1
300429
0
0
0
1
300679
1
0
1
0
300929
0
0
0
0
301179
1
0
1
1
301429
2
0
0
1
301429
3
0
1
0
