Overkill
(Kole Edit) (One Saber)
174
44000
2
0
1
1
44000
2
1
1
1
56000
0
0
1
2
56000
1
0
1
2
60000
2
0
1
3
60000
3
0
1
3
68000
0
0
1
2
68000
1
0
1
2
76000
2
0
1
1
76250
1
0
1
0
76500
2
0
1
1
77500
2
0
1
0
77750
1
0
1
1
78000
2
0
1
0
84000
3
0
1
1
84250
2
0
1
0
84500
3
0
1
1
85500
2
0
1
0
85750
1
0
1
1
86000
2
0
1
0
92000
1
0
1
1
92250
0
0
1
0
92500
1
0
1
1
93500
2
0
1
0
93750
1
0
1
1
94000
2
0
1
0
95000
2
0
1
1
95500
2
0
1
0
96000
3
0
1
1
96500
3
0
1
0
97000
2
0
1
1
97500
2
0
1
0
98000
1
0
1
1
98500
1
0
1
0
99000
2
0
1
1
99500
2
0
1
0
100000
3
0
1
1
100250
2
0
1
0
100500
3
0
1
1
101500
2
0
1
0
101750
1
0
1
1
102000
2
0
1
0
103000
1
0
1
1
103500
1
0
1
0
104000
2
0
1
1
104500
2
0
1
0
105000
3
0
1
1
105500
3
0
1
0
106000
2
0
1
1
106500
2
0
1
0
107000
2
0
1
1
107500
2
0
1
0
108000
2
0
1
1
109000
2
0
1
0
109500
2
0
1
1
110000
3
0
1
0
110500
2
0
1
1
111000
2
0
1
0
111500
1
0
1
1
112000
2
0
1
0
112500
2
0
1
1
113000
3
0
1
0
113500
2
0
1
1
114000
2
0
1
0
114500
1
0
1
1
115000
2
0
1
0
115500
3
0
1
1
116000
2
0
1
0
117000
2
0
1
1
117500
2
0
1
0
118000
2
0
1
1
118500
2
0
1
0
119000
2
0
1
1
119500
3
0
1
0
120000
2
0
1
1
120500
1
0
1
0
121000
0
0
1
1
121500
1
0
1
1
122000
2
0
1
0
122500
3
0
1
1
123500
3
1
1
0
124000
2
0
1
1
125000
2
0
1
0
125500
2
0
1
1
126000
3
0
1
0
126500
2
0
1
1
127000
1
0
1
0
127500
0
0
1
1
128000
1
0
1
0
128500
2
0
1
1
129000
3
0
1
0
129500
2
0
1
1
130000
1
0
1
0
130500
0
0
1
1
132000
3
2
1
5
136000
2
0
1
1
136250
1
0
1
0
136500
2
0
1
1
138000
3
0
1
0
138500
2
0
1
1
139000
3
0
1
0
139500
1
0
1
1
140000
3
0
1
0
141000
2
0
1
1
141500
3
0
1
0
142000
2
0
1
1
142500
3
0
1
0
143000
2
0
1
1
143500
0
0
1
4
145000
3
0
1
3
146500
0
0
1
2
147500
3
1
1
5
148000
3
0
1
1
149000
2
0
1
0
149500
3
0
1
1
150000
2
0
1
0
150500
3
0
1
1
151000
2
0
1
0
151500
0
0
1
6
153000
3
0
1
3
154500
0
0
1
2
155500
3
1
1
5
156000
3
0
1
1
157000
1
0
1
0
157500
2
0
1
1
158000
1
0
1
0
158500
2
0
1
1
159000
1
0
1
0
159500
3
0
1
7
161000
0
0
1
2
162500
3
0
1
3
163500
0
2
1
4
165000
2
0
1
1
165500
1
0
1
0
166000
2
0
1
1
166500
1
0
1
0
167000
2
0
1
1
167500
1
0
1
0
168000
3
0
1
7
169000
0
0
1
6
170000
3
0
1
7
171000
1
0
1
0
172000
3
0
1
1
172500
2
0
1
0
173000
2
0
1
1
173500
1
0
1
0
174000
2
0
1
1
174500
2
0
1
0
175000
2
0
1
1
175500
2
0
1
0
176000
3
0
1
1
176500
2
0
1
0
177000
2
0
1
1
177500
1
0
1
0
178000
2
0
1
1
178500
0
1
1
8
179000
3
1
1
8
179500
0
1
1
8
180000
3
0
1
1
180500
2
0
1
0
181000
2
0
1
1
181500
1
0
1
0
182000
2
0
1
1
182500
2
0
1
0
183000
2
0
1
1
183500
2
0
1
0
184000
3
0
1
1
184500
2
0
1
0
185000
2
0
1
1
185500
1
0
1
0
186000
2
0
1
1
186500
3
1
1
8
187000
0
1
1
8
187500
3
1
1
8
188000
3
0
1
1
188500
2
0
1
0
189000
2
0
1
1
189500
1
0
1
0
190000
2
0
1
1
190500
2
0
1
0
191000
2
0
1
1
191500
2
0
1
0
192000
3
0
1
1
192500
2
0
1
0
193000
2
0
1
1
193500
1
0
1
0
194000
2
0
1
1
194500
2
0
1
0
195000
2
0
1
1
195500
2
0
1
0
196000
3
0
1
7
197000
0
0
1
6
198000
3
0
1
7
199000
0
0
1
6
200000
2
0
1
3
200000
3
0
1
3
201500
0
0
1
2
201500
1
0
1
2
203000
2
1
1
5
203000
3
2
1
5
204000
2
0
1
1
204000
2
1
1
1
206000
3
1
1
5
207000
3
0
1
1
210000
3
2
1
5
211000
3
0
1
1
214000
3
2
1
5
215000
0
0
1
6
218000
0
0
1
0
218500
1
0
1
1
219000
2
0
1
0
219500
3
0
1
1
220000
1
0
1
4
224000
2
0
1
1
226000
3
1
1
5
227000
2
0
1
1
227500
2
0
1
0
228000
1
0
1
1
228500
1
0
1
0
229000
2
0
1
1
229500
2
0
1
0
230000
1
0
1
1
230500
1
0
1
0
231000
3
0
1
7
231500
3
0
1
4
232000
1
0
1
1
232500
1
0
1
0
233000
3
1
1
3
233500
3
1
1
2
234000
1
0
1
1
234500
1
0
1
0
235000
3
0
1
7
235500
3
0
1
4
236000
2
0
1
1
236500
2
0
1
0
237000
0
1
1
2
237500
0
1
1
3
238000
2
0
1
1
238500
2
0
1
0
239000
3
0
1
7
240000
0
0
1
2
240000
1
0
1
2
241000
0
0
3
3
241000
1
0
3
3
241000
2
0
3
3
241000
3
0
3
3
242000
3
0
1
3
243000
0
0
1
2
244000
3
0
1
3
244500
1
0
1
2
245000
3
0
1
3
246000
0
0
1
2
247000
3
2
1
5
248000
1
0
1
1
249000
3
0
1
0
249500
2
0
1
1
250000
3
0
1
0
250500
1
0
1
1
251000
2
0
1
0
251500
1
0
1
1
252000
2
0
1
0
252500
0
0
1
1
253000
2
0
1
0
253500
1
0
1
1
254000
3
2
1
5
255000
0
1
1
2
256000
3
0
1
7
258000
0
0
1
2
258000
1
0
1
2
259000
3
0
1
7
259500
3
0
1
4
260000
1
0
1
6
260500
1
0
1
5
261000
3
0
1
7
261500
3
0
1
4
262000
0
0
1
6
262500
0
0
1
5
263000
2
0
1
1
263500
3
1
1
0
264000
1
0
1
1
264500
0
1
1
0
265000
3
0
1
7
265500
3
1
1
0
266000
0
0
1
6
266500
0
1
1
0
267000
2
0
1
7
267500
2
2
1
0
268000
1
0
1
1
268500
1
2
1
0
269000
3
0
1
7
269500
2
2
1
0
270000
0
0
1
6
271000
3
1
1
3
272000
1
0
1
1
273000
3
0
1
3
273500
3
1
1
2
274000
3
0
1
7
274500
2
0
1
0
275000
3
0
1
7
276000
0
0
1
2
277000
3
0
1
3
277500
3
1
1
2
278000
2
0
1
1
278500
3
2
1
8
279000
0
2
1
8
279500
2
0
1
1
280000
3
0
1
0
281000
1
0
1
1
281500
2
0
1
0
282000
1
0
1
1
282500
3
0
1
0
283000
2
0
1
1
283500
3
0
1
0
284000
0
0
1
6
288000
2
0
1
3
288000
3
0
1
3
291000
2
0
1
1
291500
3
0
1
0
292000
2
0
1
1
292500
1
0
1
0
293000
2
0
1
1
293500
3
1
1
5
294000
2
0
1
1
294500
1
1
1
4
295000
2
0
1
1
295500
3
1
1
5
296000
2
0
1
1
296500
1
1
1
4
297000
2
0
1
1
297500
3
1
1
5
298000
1
0
1
1
298500
0
1
1
4
299000
2
0
1
1
299500
3
1
1
5
300000
1
0
1
1
300500
0
1
1
4
301000
2
0
1
1
301500
3
2
1
0
302000
1
0
1
1
302500
0
2
1
0
303000
3
1
1
3
304000
0
0
1
2
304000
1
0
1
2
305000
0
0
3
3
305000
1
0
3
3
305000
2
0
3
3
305000
3
0
3
3
306000
3
0
1
3
307000
0
0
1
2
308000
3
0
1
3
308500
1
0
1
2
309000
3
0
1
3
310000
0
0
1
2
311000
3
2
1
5
312000
1
0
1
1
313000
3
0
1
0
313500
2
0
1
1
314000
3
0
1
0
314500
1
0
1
1
315000
2
0
1
0
315500
1
0
1
1
316000
2
0
1
0
316500
0
0
1
1
317000
1
0
1
0
317500
1
0
1
1
318000
3
2
1
5
319000
0
1
1
2
320000
3
0
1
7
322000
0
0
1
2
322000
1
0
1
2
323000
2
0
1
3
323500
2
0
1
2
324000
2
0
1
3
324500
2
0
1
2
325000
2
0
1
3
325500
1
0
1
2
326000
2
0
1
3
326500
1
0
1
2
327000
3
0
1
3
327500
1
0
1
2
328000
3
0
1
3
328500
1
0
1
2
329000
3
0
1
3
329500
0
0
1
2
330000
3
0
1
3
330500
0
0
1
2
331000
3
1
1
3
331500
0
1
1
2
332000
3
1
1
3
332500
0
1
1
2
333000
3
1
1
3
333500
0
1
1
2
334000
3
1
1
3
335000
0
0
1
6
336000
3
0
1
3
337000
1
0
1
2
337500
3
0
1
3
338000
1
0
1
2
339000
3
0
1
3
340000
0
0
1
2
340500
2
0
1
3
341000
0
0
1
2
342000
3
1
1
3
343000
0
1
1
2
344000
3
2
1
5
345000
2
0
1
1
345500
2
0
1
0
346000
3
0
1
1
346500
2
0
1
0
347000
2
0
1
1
347500
1
0
1
0
348000
2
0
1
1
348500
2
0
1
0
349000
3
0
1
1
349500
2
0
1
0
350000
2
0
1
1
350500
1
0
1
0
351000
2
0
1
1
351500
2
0
1
0
352000
0
0
1
6
354000
3
0
1
7
354500
2
0
1
0
355000
3
0
1
1
355500
2
0
1
0
356000
0
1
1
2
357000
3
1
1
3
358000
0
1
1
2
359000
3
0
1
7
360000
1
0
1
0
362000
2
0
1
1
362500
1
0
1
0
363000
2
0
1
1
363500
1
0
1
0
364000
3
0
1
7
365000
2
0
1
4
366000
3
2
1
5
367000
0
0
1
6
368000
3
1
1
3
370000
1
0
1
6
370500
2
0
1
0
371000
1
0
1
1
371500
2
0
1
0
372000
0
1
1
2
373000
3
1
1
3
374000
0
1
1
2
375000
3
2
1
5
376000
0
1
1
2
378000
2
0
1
1
378500
1
0
1
0
379000
2
0
1
1
379500
1
0
1
0
380000
3
0
1
7
381000
0
0
1
6
382000
3
0
1
7
383000
0
1
1
2
384000
3
2
1
5
385000
0
1
1
2
386000
2
0
1
1
386500
1
0
1
0
387000
2
0
1
1
387500
1
0
1
0
388000
3
0
1
7
389000
2
0
1
4
390000
3
2
1
5
391000
0
0
1
1
392000
0
2
1
0
394000
3
0
1
7
394500
1
0
1
0
395000
2
0
1
1
395500
1
0
1
0
396000
3
1
1
3
397000
3
2
1
4
398000
0
0
1
6
399000
1
2
1
5
400000
3
0
1
7
402000
1
0
1
0
402500
2
0
1
1
403000
1
0
1
0
403500
2
0
1
1
404000
0
0
1
0
405000
3
1
1
3
406000
0
1
1
2
407000
3
2
1
5
408000
0
1
1
2
410000
2
0
1
1
410500
1
0
1
0
411000
2
0
1
1
411500
1
0
1
0
412000
3
0
1
7
413000
0
0
1
6
413500
0
0
1
5
414000
3
0
1
7
415000
0
0
1
6
416000
2
0
1
3
416000
3
0
1
3
432000
0
0
1
2
432000
1
0
1
2
446000
2
0
1
3
446000
3
0
1
3
448000
2
0
1
1
449000
3
1
1
8
449500
0
1
1
8
450000
3
1
1
8
450500
2
0
1
1
451000
2
0
1
0
452000
0
0
1
1
453000
3
0
1
0
453500
2
0
1
1
454000
2
0
1
0
454500
3
1
1
8
455000
0
1
1
8
455500
3
1
1
8
456000
2
0
1
1
457000
0
0
1
0
457500
1
0
1
1
458000
0
0
1
0
458500
1
0
1
1
459000
2
0
1
0
460000
3
0
1
1
461000
2
0
1
0
461500
1
0
1
1
462000
2
0
1
0
462500
0
0
1
6
464000
2
0
1
0
465000
3
1
1
8
465500
0
1
1
8
466000
3
1
1
8
466500
2
0
1
1
467000
2
0
1
0
468000
0
0
1
1
469000
2
0
1
0
469500
1
0
1
1
470000
2
0
1
0
470500
3
1
1
8
471000
0
2
1
8
471500
3
2
1
8
472000
0
1
1
8
473000
1
0
1
1
473500
1
0
1
0
474000
2
0
1
1
474500
1
0
1
0
475000
1
0
1
1
475500
0
0
1
0
476000
1
0
1
1
476500
1
0
1
0
477000
2
0
1
1
477500
1
0
1
0
478000
1
0
1
1
478500
0
0
1
0
479000
1
0
1
1
479500
0
0
1
4
480000
2
0
1
3
480000
3
0
1
3
481000
0
0
3
3
481000
1
0
3
3
481000
2
0
3
3
481000
3
0
3
3
482000
2
0
1
1
482500
1
0
1
0
483000
2
0
1
1
484000
0
0
1
0
485000
2
0
1
1
485500
1
0
1
0
486000
2
0
1
1
486500
0
1
1
8
487000
3
1
1
8
487500
0
0
1
8
488000
2
0
1
3
488000
3
0
1
3
489000
0
0
3
3
489000
1
0
3
3
489000
2
0
3
3
489000
3
0
3
3
490000
2
0
1
1
490500
3
0
1
0
491000
2
0
1
1
492000
0
0
1
0
493000
2
0
1
1
493500
1
0
1
0
494000
2
0
1
1
494500
0
0
1
4
496000
2
0
1
3
496000
3
0
1
3
497000
0
0
3
3
497000
1
0
3
3
497000
2
0
3
3
497000
3
0
3
3
498000
2
0
1
1
498500
3
0
1
0
499000
2
0
1
1
500000
1
0
1
0
501000
2
0
1
1
501500
3
0
1
0
502000
2
0
1
1
502500
0
1
1
8
503000
3
1
1
8
503500
0
0
1
8
504000
2
0
1
3
504000
3
0
1
3
505000
1
0
1
6
505500
2
0
1
0
506000
3
0
1
1
506500
2
0
1
0
507000
1
0
1
1
508000
2
0
1
0
508500
3
0
1
1
509000
1
0
1
0
509500
2
0
1
1
510000
0
0
1
0
519000
2
0
1
3
519000
3
0
1
3
520000
3
0
1
1
520500
2
0
1
0
521000
2
0
1
1
521500
2
0
1
0
522000
1
0
1
1
522500
2
0
1
0
523000
2
0
1
1
523500
3
0
1
0
524000
2
0
1
1
524500
2
0
1
0
525000
1
0
1
1
525500
2
0
1
0
526000
2
0
1
1
526500
3
0
1
0
527000
2
0
1
1
527500
0
0
1
0
528000
1
0
1
1
528500
1
0
1
0
529000
1
0
1
1
529500
1
0
1
0
530000
2
0
1
1
530500
1
0
1
0
531000
1
0
1
1
531500
0
0
1
0
532000
1
0
1
1
532500
1
0
1
0
533000
2
0
1
1
533500
1
0
1
0
534000
0
0
1
1
534500
1
0
1
0
535000
1
0
1
1
535500
3
0
1
0
536000
2
0
1
1
536500
2
0
1
0
537000
2
0
1
1
537500
2
0
1
0
538000
1
0
1
1
538500
2
0
1
0
539000
2
0
1
1
539500
3
0
1
0
540000
2
0
1
1
540500
2
0
1
0
541000
1
0
1
1
541500
2
0
1
0
542000
2
0
1
1
542500
3
0
1
0
543000
2
0
1
1
543500
1
0
1
0
544000
2
0
1
1
544500
1
0
1
0
545000
1
0
1
1
545500
2
0
1
0
546000
3
0
1
1
546500
2
0
1
0
552000
2
0
1
1
552500
1
0
1
0
553000
1
0
1
1
553500
2
0
1
0
554000
3
0
1
1
554500
2
0
1
0
555000
0
1
1
2
556000
2
0
1
1
556250
1
0
1
0
556500
2
0
1
1
557000
3
0
1
0
557250
2
0
1
1
557500
3
0
1
0
558000
1
0
1
1
558500
1
0
1
0
559000
1
0
1
1
559500
1
0
1
0
560000
2
0
1
1
560500
1
0
1
0
561000
1
0
1
1
561500
2
0
1
0
562000
3
0
1
1
562500
2
0
1
0
563000
0
1
1
2
564000
3
0
1
3
564500
2
0
1
2
565000
3
0
1
3
565500
2
0
1
2
566000
3
0
1
3
566500
1
0
1
2
567000
3
0
1
7
567500
3
1
1
0
568000
2
0
1
1
568500
1
0
1
0
569000
1
0
1
1
569500
2
0
1
0
570000
3
0
1
1
570500
2
0
1
0
572000
1
0
1
2
572000
0
0
1
2
576000
3
0
1
1
576500
2
0
1
0
577000
2
0
1
1
577500
1
0
1
0
578000
2
0
1
1
578500
2
0
1
0
579000
2
0
1
1
579500
2
0
1
0
580000
3
0
1
1
580500
2
0
1
0
581000
2
0
1
1
581500
1
0
1
0
582000
2
0
1
1
582500
0
1
1
8
583000
3
1
1
8
583500
0
1
1
8
584000
3
0
1
1
584500
2
0
1
0
585000
2
0
1
1
585500
1
0
1
0
586000
2
0
1
1
586500
2
0
1
0
587000
2
0
1
1
587500
2
0
1
0
588000
3
0
1
1
588500
2
0
1
0
589000
2
0
1
1
589500
1
0
1
0
590000
2
0
1
1
590500
3
1
1
8
591000
0
1
1
8
591500
3
1
1
8
592000
3
0
1
1
592500
2
0
1
0
593000
2
0
1
1
593500
1
0
1
0
594000
2
0
1
1
594500
2
0
1
0
595000
2
0
1
1
595500
2
0
1
0
596000
3
0
1
1
596500
2
0
1
0
597000
2
0
1
1
597500
1
0
1
0
598000
2
0
1
1
598500
2
0
1
0
599000
2
0
1
1
599500
2
0
1
0
600000
3
0
1
7
601000
0
0
1
6
602000
3
0
1
7
603000
0
0
1
6
604000
2
0
1
3
604000
3
0
1
3
605500
0
0
1
2
605500
1
0
1
2
607000
2
1
1
5
607000
3
2
1
5
608000
2
0
1
1
608000
2
1
1
1
610000
3
2
1
5
611000
3
0
1
1
611000
3
1
1
1
624000
2
0
1
1
625000
2
0
1
0
626000
2
0
1
1
627000
1
0
1
0
628000
2
0
1
1
629000
3
0
1
0
630000
2
0
1
1
631000
1
0
1
0
632000
2
0
1
1
632500
2
0
1
0
633000
2
0
1
1
633500
2
0
1
0
634000
2
0
1
1
634500
1
0
1
0
635000
2
0
1
1
635500
1
0
1
0
636000
2
0
1
1
636500
1
0
1
0
637000
3
0
1
1
637500
1
0
1
0
638000
3
0
1
1
638500
1
0
1
0
639000
3
0
1
1
639500
1
0
1
0
640000
3
0
1
7
641000
0
0
1
6
642000
3
0
1
7
643000
0
0
1
6
644000
2
0
1
3
644000
3
0
1
3
645000
2
0
1
1
645500
2
0
1
0
646000
2
0
1
1
646500
2
0
1
0
647000
2
0
1
1
647500
3
0
1
0
648000
1
0
1
1
648500
0
0
1
0
649000
2
0
1
1
649500
3
1
1
5
650000
1
0
1
1
650500
0
1
1
4
651000
2
0
1
1
651500
2
2
1
0
652000
1
0
1
1
652500
1
2
1
0
653000
2
0
1
1
653500
0
2
1
4
654000
1
0
1
1
654500
3
2
1
5
655000
2
0
1
1
655500
0
2
1
4
656000
0
0
1
1
656500
3
2
1
0
657000
1
0
1
1
657500
2
2
1
0
658000
2
0
1
1
659000
3
0
1
0
659000
3
1
1
0
660000
2
0
1
1
661000
1
0
1
0
661500
2
0
1
1
662000
0
0
1
0
662500
2
0
1
1
663000
0
0
1
0
663500
3
1
1
3
664000
3
1
1
2
664500
2
0
1
1
665000
1
0
1
0
665500
2
0
1
1
666000
0
0
1
0
666500
2
0
1
1
667000
0
0
1
0
667500
3
1
1
3
668000
3
1
1
2
668500
2
0
1
1
669000
1
0
1
0
669500
2
0
1
1
670000
0
0
1
0
670500
2
0
1
1
671000
0
0
1
0
671500
3
1
1
3
672000
3
1
1
2
672500
2
0
1
1
673000
1
0
1
0
673500
2
0
1
1
674000
3
2
1
5
675000
0
1
1
2
676000
2
0
1
7
678000
0
0
3
2
678000
0
1
1
2
679000
2
0
1
1
679500
2
0
1
0
680000
1
0
1
1
680500
1
0
1
0
681000
2
0
1
1
681500
2
0
1
0
682000
1
0
1
1
682500
1
0
1
0
683000
3
0
1
7
683500
3
0
1
4
684000
1
0
1
1
684500
1
0
1
0
685000
3
1
1
3
685500
3
1
1
2
686000
1
0
1
1
686500
1
0
1
0
687000
3
0
1
7
687500
3
0
1
4
688000
2
0
1
1
688500
2
0
1
0
689000
0
1
1
2
689500
0
1
1
3
690000
2
0
1
1
690500
2
0
1
0
691000
3
0
1
7
692000
0
0
1
2
692000
1
0
1
2
693000
0
0
3
3
693000
1
0
3
3
693000
2
0
3
3
693000
3
0
3
3
694000
3
0
1
3
695000
0
0
1
2
696000
3
0
1
3
696500
1
0
1
2
697000
3
0
1
3
698000
0
0
1
2
699000
3
2
1
5
700000
1
0
1
1
701000
3
0
1
0
701500
2
0
1
1
702000
3
0
1
0
702500
1
0
1
1
703000
2
0
1
0
703500
1
0
1
1
704000
2
0
1
0
704500
0
0
1
1
705000
2
0
1
0
705500
1
0
1
1
706000
3
2
1
5
707000
0
1
1
2
708000
3
0
1
7
710000
0
0
1
2
710000
1
0
1
2
711000
2
0
1
1
711500
2
0
1
0
712000
2
0
1
1
712500
2
0
1
0
713000
2
0
1
1
713500
1
0
1
0
714000
2
0
1
1
714500
1
0
1
0
715000
3
0
1
1
715500
1
0
1
0
716000
2
0
1
1
716500
0
0
1
0
717000
3
0
1
1
717500
1
0
1
0
718000
3
0
1
1
718500
1
0
1
0
719000
2
0
1
1
719500
0
0
1
0
720000
2
0
1
1
720500
0
0
1
0
721000
3
0
1
1
721500
0
0
1
0
722000
3
0
1
7
723000
1
2
1
4
724000
3
0
1
7
725000
1
0
1
2
725500
3
0
1
3
726000
1
0
1
2
727000
3
0
1
3
728000
0
0
1
2
728500
2
0
1
3
729000
0
0
1
2
730000
3
1
1
3
731000
0
1
1
2
732000
3
2
1
5
733000
2
0
1
1
733500
2
0
1
0
734000
3
0
1
1
734500
2
0
1
0
735000
2
0
1
1
735500
1
0
1
0
736000
2
0
1
1
736500
2
0
1
0
737000
3
0
1
1
737500
2
0
1
0
738000
2
0
1
1
738500
1
0
1
0
739000
2
0
1
1
739500
2
0
1
0
740000
0
0
1
6
742500
2
0
1
3
742500
3
0
1
3
