Backbone
Droeloe
151
32000
1
0
0
1
35000
2
0
1
1
38000
0
0
0
2
40000
2
0
1
1
43000
1
0
0
1
46000
3
0
1
3
48000
1
0
0
1
51000
2
0
1
1
54000
1
0
0
1
56000
3
0
1
3
59000
0
0
0
2
62000
3
0
1
1
64000
0
1
0
2
67000
3
1
1
3
72000
0
0
0
2
75000
3
0
1
3
80000
0
2
0
8
83000
3
2
1
8
88000
1
0
1
2
91000
2
0
0
3
96000
1
0
0
1
97000
2
0
1
1
98000
0
0
0
2
100000
3
1
1
3
102000
0
0
0
2
104000
2
0
1
1
105000
1
0
0
1
106000
3
0
1
3
108000
1
0
0
0
110000
2
0
1
0
112000
0
0
0
1
113000
2
0
1
1
114000
1
0
0
1
116000
3
1
1
3
118000
0
0
0
2
120000
3
0
1
1
122000
0
0
0
1
124000
1
1
0
0
124000
2
1
1
0
128000
3
0
1
3
130000
2
0
1
1
132000
3
1
1
3
134000
0
0
0
2
136000
1
0
0
1
137000
2
0
1
1
138000
0
0
0
1
140000
3
0
1
0
142000
1
0
0
0
144000
3
0
1
1
145000
3
0
1
0
146000
1
0
0
1
148000
0
1
0
2
150000
3
1
1
3
152000
0
0
0
1
153000
0
0
0
0
154000
2
0
1
1
156000
0
1
0
2
158000
3
1
1
3
160000
1
0
0
1
160000
2
0
1
1
162000
1
0
0
0
162000
2
0
1
0
164000
3
1
1
3
166000
0
1
0
2
168000
3
0
1
1
169000
2
0
0
1
170000
3
0
1
1
172000
0
1
0
2
174000
2
0
1
0
176000
0
0
0
1
177000
1
0
1
1
178000
0
0
0
1
180000
3
1
1
3
182000
1
0
0
0
184000
2
0
1
1
185000
1
0
0
1
186000
3
0
1
0
188000
3
1
1
3
190000
0
0
0
0
192000
1
0
0
1
194000
1
0
1
2
198000
1
0
0
1
200000
1
0
0
0
200000
2
0
1
0
202000
3
1
1
3
206000
2
0
0
1
208000
0
0
0
0
208000
1
0
1
0
210000
0
0
0
1
211000
1
0
1
1
214000
3
0
1
3
216000
1
0
0
0
217500
2
0
1
1
219000
1
0
0
1
220500
2
0
1
0
222000
1
0
0
0
224000
1
0
0
1
225000
2
0
1
1
226000
0
0
0
2
228000
3
1
1
3
230000
0
0
0
2
232000
2
0
1
1
233000
1
0
0
1
234000
3
0
1
3
236000
1
0
0
0
238000
2
0
1
0
240000
0
0
0
1
241000
2
0
1
1
242000
1
0
0
1
244000
3
1
1
3
246000
0
0
0
2
248000
3
0
1
1
250000
0
0
0
1
256000
1
0
1
2
259000
2
0
0
3
264000
3
1
1
3
267000
0
1
0
2
272000
3
0
1
1
275000
0
0
0
1
280000
2
1
1
0
283000
1
1
0
0
288000
1
0
0
1
290000
2
0
1
1
292000
1
0
0
1
294000
2
0
1
1
296000
0
0
0
2
298000
3
0
1
3
300000
0
0
0
2
302000
3
0
1
3
304000
1
0
0
1
306000
2
0
1
1
308000
0
1
0
2
310000
3
1
1
3
312000
0
1
0
2
314000
3
1
1
3
316000
0
0
0
2
318000
3
0
1
3
320000
0
0
0
1
322000
3
0
1
1
324000
0
0
0
1
326000
3
0
1
1
328000
0
1
0
8
330000
3
1
1
8
332000
0
2
0
8
334000
3
2
1
8
336000
0
0
0
2
338000
3
0
1
3
340000
0
1
0
2
342000
3
1
1
3
344000
0
0
0
2
346000
3
0
1
3
352000
3
0
1
3
354000
2
0
1
1
356000
3
1
1
3
358000
0
0
0
2
360000
1
0
0
1
361000
2
0
1
1
362000
0
0
0
1
364000
3
0
1
0
366000
1
0
0
0
368000
3
0
1
1
369000
3
0
1
0
370000
1
0
0
1
372000
0
1
0
2
374000
3
1
1
3
376000
0
0
0
1
377000
0
0
0
0
378000
2
0
1
1
380000
0
1
0
2
382000
3
1
1
3
384000
1
0
0
1
387000
0
0
0
2
388000
2
0
1
1
390000
2
0
1
0
392000
2
0
1
1
395000
3
0
1
3
396000
1
0
0
1
398000
1
0
0
0
400000
0
0
1
2
400000
0
1
0
2
403000
3
0
0
3
403000
3
1
1
3
406000
1
0
0
1
406000
2
0
1
1
408000
0
0
0
2
409500
3
0
1
3
411000
0
1
0
2
412000
2
0
1
1
414000
1
0
0
1
415000
2
0
1
1
