OH NO!
Marina and the Diamonds
127
5000
1
0
0
1
5000
2
0
1
1
6500
0
1
0
2
6500
3
1
1
3
9000
2
0
1
1
9500
1
0
0
1
10500
0
1
0
2
11000
3
1
1
3
13000
1
0
0
1
13000
2
0
1
1
14500
0
1
0
2
14500
3
1
1
3
17000
3
0
1
7
17500
0
0
0
6
18500
1
0
0
1
19000
2
0
1
1
20000
0
0
1
2
20000
0
1
0
2
21000
3
0
1
7
22000
1
0
0
0
23000
0
0
0
6
24000
3
1
1
3
25000
2
0
1
1
26000
1
0
0
1
27000
3
0
1
3
28000
0
0
0
2
29000
2
0
1
1
29500
1
0
0
1
30000
2
0
1
0
31000
1
0
0
0
32000
0
1
0
2
33000
3
0
1
7
34000
0
0
0
6
35000
1
0
0
0
35500
3
1
1
3
36000
0
1
0
2
37000
3
0
1
7
38000
1
0
0
0
38500
2
0
1
0
39000
0
0
0
6
40000
3
1
1
3
41000
2
0
1
1
41500
1
0
0
0
42000
1
0
0
1
43000
3
0
1
3
44000
0
0
0
2
45000
2
0
1
0
45500
1
0
0
0
46000
2
0
1
1
47000
1
0
0
1
48000
0
1
0
2
49000
3
0
1
7
50000
0
0
0
6
51000
1
0
0
0
51500
3
1
1
3
52000
0
1
0
2
52500
2
0
1
1
53000
1
0
0
1
54000
2
0
1
0
55000
1
0
0
0
56000
2
0
1
1
57000
1
0
0
3
57500
0
0
0
2
58000
2
0
1
0
59000
1
0
0
0
59500
2
0
1
1
60000
3
0
1
0
61000
2
0
1
1
61500
1
0
0
1
62000
2
0
1
0
62500
1
0
0
0
63000
3
0
1
7
63000
0
0
0
6
64000
1
0
0
0
64000
2
0
1
0
65000
1
0
0
1
65500
2
0
1
1
66000
1
0
0
0
66500
2
0
1
0
67000
0
0
0
6
67500
3
0
1
7
68000
1
0
0
0
69000
0
1
1
2
70000
3
0
1
7
71000
3
1
0
3
72000
0
0
0
6
73000
1
0
0
0
73500
2
0
1
0
74000
0
1
0
2
75000
2
0
1
1
75500
1
0
0
1
76000
3
1
1
3
76500
0
1
0
2
77000
2
0
1
1
78000
2
0
1
0
78500
1
0
0
0
79000
1
0
0
1
79500
2
0
1
1
80000
1
0
0
0
81000
3
1
1
3
81500
0
1
0
2
82000
2
0
1
1
82500
1
0
0
1
84000
0
2
0
4
84000
3
2
1
5
85000
1
0
0
1
85000
2
0
1
1
86000
1
0
0
0
86000
2
0
1
0
87000
3
1
1
3
87500
1
0
0
1
88000
2
0
1
1
89000
0
0
1
2
89000
0
1
0
2
90000
3
0
0
3
90000
3
1
1
3
91000
2
0
1
1
91000
1
0
0
1
92000
0
1
0
2
92000
3
1
1
3
93000
2
0
1
1
93000
1
0
0
1
94000
2
0
1
0
94000
1
0
0
0
95000
3
1
1
3
95500
0
1
0
2
96000
2
0
1
1
97000
2
0
1
0
97000
1
0
0
1
98000
1
0
0
0
98000
2
0
1
1
99000
2
0
1
0
99000
1
0
0
1
100000
0
1
0
2
100500
3
1
1
3
101000
2
0
1
1
101000
1
0
0
1
102000
1
0
0
0
102000
2
0
1
0
103000
0
1
0
2
103500
3
1
1
3
104000
1
0
0
1
105000
2
0
1
1
106000
1
0
0
0
107000
3
0
1
0
107500
1
0
0
1
108000
2
0
1
1
109000
0
0
1
2
109000
0
1
0
2
111000
3
0
0
3
111000
3
1
1
3
113000
2
0
1
1
113000
1
0
0
1
114500
1
0
0
0
115000
2
0
0
1
116000
3
0
1
1
118000
3
1
0
3
119000
0
0
0
6
120000
0
1
1
2
121000
3
0
1
7
122000
3
1
0
3
123000
0
0
0
6
124000
0
1
1
2
125000
3
0
1
7
126000
3
1
0
3
127000
0
0
0
6
128000
0
1
1
2
129000
3
0
1
7
130000
3
1
0
3
131000
0
0
0
6
132000
0
1
1
2
133000
3
0
1
7
134000
3
1
0
3
135000
0
0
0
6
136000
0
1
1
2
137000
3
0
1
7
138000
3
1
0
3
139000
0
0
0
6
140000
0
1
1
2
141000
1
0
0
1
142000
2
0
1
1
143000
1
0
0
1
144000
2
0
1
0
145000
1
0
0
0
145500
2
0
1
1
146000
1
0
0
1
146500
2
0
1
0
147000
1
0
0
0
148000
3
1
1
3
148000
0
1
0
2
149000
1
0
0
1
150000
2
0
1
0
151000
1
0
0
0
152000
2
0
1
1
153000
1
0
0
3
153500
0
0
0
2
154000
2
0
1
0
155000
1
0
0
0
155500
2
0
1
1
156000
3
0
1
0
157000
2
0
1
1
157500
1
0
0
1
158000
2
0
1
0
158500
1
0
0
0
159000
3
0
1
7
159000
0
0
0
6
160000
1
0
0
0
160000
2
0
1
0
161000
1
0
0
1
161500
2
0
1
1
162000
1
0
0
0
162500
2
0
1
0
163000
0
0
0
6
163500
3
0
1
7
164000
1
0
0
0
165000
0
1
1
2
166000
3
0
1
7
167000
3
1
0
3
168000
0
0
0
6
169000
1
0
0
0
169500
2
0
1
0
170000
0
1
0
2
171000
2
0
1
1
171500
1
0
0
1
172000
3
1
1
3
172500
0
1
0
2
173000
2
0
1
1
174000
2
0
1
0
174500
0
0
0
0
175000
1
0
0
1
175500
2
0
1
1
176000
1
0
0
0
177000
3
1
1
3
177500
0
1
0
2
178000
2
0
1
1
178500
1
0
0
1
180000
0
2
0
4
180000
3
2
1
5
181000
1
0
0
1
181000
2
0
1
1
182000
1
0
0
0
182000
2
0
1
0
183000
3
1
1
3
183500
1
0
0
1
184000
2
0
1
1
185000
0
0
1
2
185000
0
1
0
2
186000
3
0
0
3
186000
3
1
1
3
187000
1
0
0
1
187000
2
0
1
1
188000
0
1
0
2
188000
3
1
1
3
189000
1
0
0
1
189000
2
0
1
1
190000
1
0
0
0
190000
2
0
1
0
191000
3
1
1
3
191500
0
1
0
2
192000
2
0
1
1
193000
2
0
1
0
193000
1
0
0
1
194000
1
0
0
0
194000
2
0
1
1
195000
2
0
1
0
195000
1
0
0
1
196000
0
1
0
2
196500
3
1
1
3
197000
2
0
1
1
197000
1
0
0
1
198000
1
0
0
0
198000
2
0
1
0
199000
0
1
0
2
199500
3
1
1
3
200000
1
0
0
1
201000
2
0
1
1
202000
1
0
0
0
203000
3
0
1
0
203500
1
0
0
1
204000
2
0
1
1
205000
0
0
1
2
205000
0
1
0
2
207000
3
0
0
3
207000
3
1
1
3
209000
1
0
0
1
209000
2
0
1
1
211000
0
1
0
2
212000
3
1
1
3
212500
1
0
0
1
213000
1
0
0
0
214000
2
0
1
1
214500
1
0
0
1
215000
1
0
0
0
216000
3
0
1
3
217000
0
0
0
2
218000
2
0
1
0
219000
1
0
0
0
220000
3
1
1
3
220000
0
1
0
2
221000
2
0
1
1
222000
1
0
0
1
222500
1
0
0
0
223000
2
0
1
1
224000
2
0
1
0
224500
2
0
1
1
225000
1
0
0
1
226000
0
0
0
0
227000
3
0
1
0
228000
1
0
0
1
228500
1
0
0
0
229000
3
1
1
3
230000
1
0
0
1
230500
1
0
0
0
231000
2
0
1
1
232000
2
0
1
0
233000
1
0
0
1
233500
1
0
0
0
234000
2
0
1
1
234500
2
0
1
0
235000
0
0
0
2
236000
3
0
1
3
237000
1
0
0
1
237000
2
0
1
1
239000
0
0
1
2
239000
0
1
0
2
241000
3
0
0
3
241000
3
1
1
3
243000
2
0
1
1
244000
1
0
0
1
251000
0
0
3
3
251000
2
0
3
3
251000
3
0
3
3
251000
1
0
3
3
251000
3
2
3
3
251000
0
2
3
3
251000
1
2
3
3
251000
2
2
3
3
261000
1
0
0
1
262500
0
1
0
2
263000
2
0
1
1
265000
1
0
0
1
265500
2
0
1
1
266500
3
0
1
0
267000
1
0
0
2
269000
2
0
1
0
270500
1
0
0
1
271000
2
0
1
1
273000
3
1
1
3
273750
0
1
0
2
274750
2
0
1
1
275875
1
0
0
1
277000
3
0
1
1
277500
2
0
0
1
278000
2
2
1
8
278500
1
2
0
8
279000
1
0
1
1
279500
0
0
0
1
280000
2
0
1
0
280000
1
0
0
0
281000
2
0
1
1
281000
1
0
0
1
282000
1
0
0
0
282000
2
0
1
0
283000
3
1
1
3
283500
1
0
0
1
284000
2
0
1
1
285000
0
0
1
2
285000
0
1
0
2
286000
3
0
0
3
286000
3
1
1
3
287000
1
0
0
1
287000
2
0
1
1
288000
0
1
0
2
288000
3
1
1
3
289000
1
0
0
1
289000
2
0
1
1
290000
1
0
0
0
290000
2
0
1
0
291000
3
1
1
3
291500
0
1
0
2
292000
2
0
1
1
293000
2
0
1
0
293000
1
0
0
1
294000
1
0
0
0
294000
2
0
1
1
295000
2
0
1
0
295000
1
0
0
1
296000
0
1
0
2
296500
3
1
1
3
297000
2
0
1
1
297000
1
0
0
1
298000
1
0
0
0
298000
2
0
1
0
299000
0
1
0
2
299500
3
1
1
3
300000
1
0
0
1
301000
2
0
1
1
302000
1
0
0
0
303000
3
0
1
0
303500
1
0
0
1
304000
2
0
1
1
305000
0
0
1
2
305000
0
1
0
2
307000
3
0
0
3
307000
3
1
1
3
309000
1
0
0
1
309000
2
0
1
1
311000
0
1
0
2
312000
3
1
1
3
312500
1
0
0
1
313000
1
0
0
0
314000
2
0
1
1
314500
1
0
0
1
315000
1
0
0
0
316000
3
0
1
3
317000
0
0
0
2
318000
2
0
1
0
319000
1
0
0
0
320000
3
1
1
3
320000
0
1
0
2
321000
2
0
1
1
322000
1
0
0
1
322500
1
0
0
0
323000
2
0
1
1
324000
2
0
1
0
324500
2
0
1
1
325000
1
0
0
1
326000
0
0
0
0
327000
3
0
1
0
328000
1
0
0
1
328500
1
0
0
0
329000
3
1
1
3
330000
1
0
0
1
330500
1
0
0
0
331000
2
0
1
1
332000
2
0
1
0
333000
1
0
0
1
333500
1
0
0
0
334000
2
0
1
1
334500
2
0
1
0
335000
0
0
0
2
336000
3
0
1
3
337000
2
0
1
1
337000
1
0
0
1
339000
0
0
1
2
339000
0
1
0
2
341000
3
0
0
3
341000
3
1
1
3
343000
2
0
1
1
344000
3
1
1
3
344500
1
0
0
1
345000
1
0
0
0
346000
2
0
1
1
346500
1
0
0
1
347000
1
0
0
0
348000
3
0
1
3
349000
0
0
0
2
350000
2
0
1
0
351000
1
0
0
0
352000
0
1
0
2
352000
3
1
1
3
353000
2
0
1
1
354000
1
0
0
1
354500
1
0
0
0
355000
3
1
1
3
356000
2
0
1
1
356500
2
0
1
0
357000
1
0
0
1
358000
0
0
0
0
359000
2
0
1
1
360000
1
0
0
1
360500
1
0
0
0
361000
3
1
1
3
362000
1
0
0
1
362500
1
0
0
0
363000
2
0
1
1
364000
2
0
1
0
365000
1
0
0
1
365500
1
0
0
0
366000
2
0
1
1
366500
2
0
1
0
367000
0
0
0
2
368000
3
0
1
3
369000
1
0
0
1
369000
2
0
1
1
371000
0
0
1
2
371000
0
1
0
2
373000
3
0
0
3
373000
3
1
1
3
374500
1
0
0
0
374500
2
0
1
0
375000
1
0
0
1
375000
2
0
1
1
376000
0
1
0
2
376000
3
1
1
3
