DJ Okawari
Flower Dance
100
3983
1
0
1
2
5233
3
0
1
1
5483
2
0
1
0
5733
1
0
1
1
5983
0
0
1
0
6983
3
1
1
3
7983
0
0
1
2
7983
1
0
1
2
8733
0
1
1
0
8983
1
0
1
7
9733
3
2
1
5
9983
2
0
1
6
10983
2
2
1
0
11983
2
0
1
1
12983
2
2
1
0
13983
3
1
1
3
14483
2
0
1
8
14608
2
0
1
8
14733
2
0
1
8
14983
2
0
1
8
15483
3
1
1
3
15983
1
0
1
6
16483
3
1
1
3
16983
0
1
1
2
17483
2
2
1
5
17983
3
0
1
7
18483
1
1
1
2
18983
3
1
1
3
19483
2
0
1
1
19983
1
1
1
4
21233
3
0
1
1
21483
2
0
1
0
21733
1
0
1
1
21983
0
1
1
0
21983
0
0
1
0
22983
3
1
1
3
22983
2
1
1
3
23983
0
0
1
6
24483
0
0
1
0
24983
1
0
1
1
25483
2
0
1
0
25983
3
0
1
1
26233
2
0
1
0
26483
3
0
1
1
26733
1
0
1
0
26983
2
0
1
1
27233
0
0
1
0
27483
1
0
1
1
27733
0
0
1
0
27983
3
1
1
3
28233
2
0
1
1
28483
2
0
1
0
28733
2
0
1
1
28983
3
1
1
3
29233
2
0
1
1
29483
2
0
1
0
29733
2
0
1
1
29983
3
1
1
3
30233
2
0
1
1
30483
2
0
1
0
30733
2
0
1
1
30983
3
1
1
3
31233
2
0
1
1
31483
2
0
1
0
31733
2
0
1
1
31983
3
1
1
3
32233
2
0
1
1
32483
2
0
1
0
32733
2
0
1
1
32983
3
1
1
3
33233
2
0
1
1
33483
2
0
1
0
33733
2
0
1
1
33983
3
1
1
3
34233
2
0
1
1
34483
2
0
1
0
34733
2
0
1
1
34983
0
1
1
2
34983
1
1
1
2
35483
3
0
1
7
35983
1
1
1
2
36483
3
2
1
5
36983
2
0
1
1
37483
2
2
1
0
37983
3
0
1
1
38483
2
0
1
0
38983
1
0
1
1
39483
0
0
1
0
39733
1
0
1
1
39983
2
0
1
0
40483
0
1
1
2
40983
1
2
1
0
41483
2
0
1
7
41983
3
0
1
0
42483
2
0
1
1
42983
1
0
1
0
43483
0
0
1
1
43733
1
0
1
0
43983
2
0
1
1
44483
3
1
1
3
44983
1
0
1
6
45483
2
2
1
0
45983
0
1
1
2
46483
3
0
1
7
46983
1
0
1
4
47483
3
2
1
5
47983
0
0
1
6
48483
3
1
1
3
48983
2
0
1
1
49483
2
0
1
0
49983
3
0
1
1
49983
3
1
1
1
50483
2
1
1
0
50483
2
0
1
0
50983
1
1
1
1
50983
1
0
1
1
51983
0
1
1
2
52483
2
0
1
7
52983
2
2
1
0
53483
3
1
1
3
53983
3
0
1
1
54483
2
0
1
0
54983
1
0
1
1
55483
2
0
1
0
55733
2
0
1
1
55983
2
0
1
0
56483
1
0
1
1
56983
2
2
1
0
57483
0
1
1
2
57983
0
0
1
1
58483
1
0
1
0
58983
2
0
1
1
59483
3
0
1
0
59733
2
0
1
1
59983
1
0
1
0
60483
0
1
1
2
60983
3
0
1
7
61483
1
1
1
2
61983
3
1
1
3
62483
0
0
1
6
62983
2
1
1
3
63483
0
1
1
2
63983
1
0
1
1
64483
1
2
1
0
64983
2
0
1
1
65483
2
2
1
0
65983
3
1
1
3
67983
3
0
1
0
68108
3
1
1
0
68233
3
2
1
0
69233
3
0
1
1
69483
2
0
1
0
69733
1
0
1
1
69983
0
1
1
0
69983
0
0
1
0
70983
3
2
1
5
70983
2
1
1
5
71983
1
0
1
2
71983
0
0
1
2
72733
1
2
1
5
72983
0
1
1
6
73733
2
2
1
0
73983
2
0
1
1
74983
3
2
1
5
75983
0
0
1
6
75983
1
1
1
6
76983
3
2
1
5
77983
1
0
1
6
78483
2
0
1
8
78608
2
0
1
8
78733
2
0
1
8
78983
2
0
1
8
79483
0
0
1
2
79983
3
0
1
3
80483
2
0
1
1
80983
2
2
1
0
81483
3
0
1
7
81983
0
1
1
2
82483
1
0
1
1
82983
1
2
1
0
83483
2
0
1
1
83983
2
0
1
0
84983
3
0
1
1
85233
2
0
1
0
85483
1
0
1
1
85733
0
0
1
0
85983
1
0
1
1
85983
1
1
1
1
86983
2
1
1
0
86983
2
2
1
0
87983
3
0
1
3
87983
2
0
1
3
88483
1
0
1
2
88483
0
0
1
2
88983
3
1
1
3
88983
2
1
1
3
89483
1
1
1
2
89483
0
1
1
2
89983
3
0
1
1
90233
3
0
1
0
90483
2
0
1
1
90733
2
0
1
0
90983
1
0
1
1
91233
1
0
1
0
91483
0
0
1
1
91733
0
0
1
0
91983
1
0
1
1
92233
3
0
1
0
92483
1
0
1
1
92733
3
0
1
0
92983
1
0
1
1
93233
2
0
1
0
93483
0
0
1
1
93733
2
0
1
0
93983
0
0
1
1
94233
2
0
1
0
94483
1
0
1
1
94733
3
0
1
0
94983
1
0
1
1
95233
3
0
1
0
95483
1
0
1
1
95733
2
0
1
0
95983
0
0
1
1
96233
2
0
1
0
96483
0
0
1
1
96733
2
0
1
0
96983
1
0
1
1
97233
3
0
1
0
97483
1
0
1
1
97733
3
0
1
0
97983
1
0
1
1
98233
2
0
1
0
98483
0
0
1
1
98733
2
0
1
0
98983
3
0
1
1
98983
3
1
1
1
99733
1
1
1
4
99796
0
2
1
4
100983
3
0
1
1
101233
2
0
1
0
101483
3
0
1
1
101733
2
0
1
0
101983
3
0
1
1
101983
3
1
1
1
102983
2
2
1
0
102983
2
1
1
0
103983
0
0
1
6
104733
3
2
1
5
104983
3
0
1
1
105733
2
2
1
0
105983
3
1
1
3
106983
2
2
1
0
107983
1
1
1
6
107983
0
0
1
6
108983
3
2
1
5
109983
3
0
1
1
110483
2
0
1
8
110608
2
0
1
8
110733
2
0
1
8
110983
2
0
1
8
111483
3
1
1
3
111983
0
1
1
2
112483
0
0
1
1
112983
1
0
1
0
113483
2
0
1
1
113983
3
1
1
3
114483
3
0
1
1
114983
2
0
1
0
115483
1
0
1
1
115983
1
2
1
0
115983
1
1
1
0
116983
3
0
1
1
117233
2
0
1
0
117483
1
0
1
1
117733
0
0
1
0
117983
1
1
1
3
118983
3
1
1
0
118983
3
2
1
0
119983
2
1
1
6
119983
1
0
1
6
120483
0
0
1
0
120983
1
0
1
1
121483
2
0
1
0
121983
3
0
1
1
122233
2
0
1
0
122483
3
0
1
1
122733
1
0
1
0
122983
2
0
1
1
123233
0
0
1
0
123483
1
0
1
1
123733
0
0
1
0
123983
3
0
1
1
124233
2
0
1
0
124483
3
0
1
1
124733
2
0
1
0
124983
2
0
1
1
125233
1
0
1
0
125483
2
0
1
1
125733
1
0
1
0
125983
3
0
1
1
126233
2
0
1
0
126483
3
0
1
1
126733
2
0
1
0
126983
2
0
1
1
127233
1
0
1
0
127483
2
0
1
1
127733
1
0
1
0
127983
3
0
1
1
128233
2
0
1
0
128483
3
0
1
1
128733
2
0
1
0
128983
2
0
1
1
129233
1
0
1
0
129483
2
0
1
1
129733
1
0
1
0
129983
3
0
1
1
130233
2
0
1
0
130483
3
0
1
1
130733
2
0
1
0
130983
0
1
1
2
131483
3
1
1
3
131983
3
0
1
1
132233
2
0
1
0
132483
3
0
1
1
132733
1
0
1
0
132983
2
0
1
1
133233
0
0
1
0
133483
1
0
1
1
133733
0
0
1
0
133983
0
0
1
1
133983
0
1
1
1
134483
1
1
1
0
134483
1
0
1
0
134983
2
1
1
1
134983
2
0
1
1
135483
3
0
1
1
135733
2
0
1
0
135983
3
0
1
1
136483
2
2
1
4
136983
0
1
1
2
137483
2
2
1
5
137983
1
0
1
6
138483
3
1
1
3
138983
1
0
1
2
138983
0
0
1
2
139483
3
0
1
1
139733
2
0
1
0
139983
3
0
1
1
140483
2
0
1
0
140983
1
0
1
1
141483
0
0
1
0
141983
3
0
1
1
142483
2
0
1
0
142983
1
0
1
1
143483
0
0
1
0
143983
3
0
1
1
144483
2
0
1
0
144983
1
0
1
1
145483
0
0
1
0
145983
1
1
1
1
145983
1
0
1
1
146483
2
0
1
0
146483
2
1
1
0
146983
3
1
1
1
146983
3
0
1
1
147983
1
0
1
6
148483
3
1
1
3
148983
0
0
1
6
149483
2
2
1
0
149983
3
0
1
1
150483
2
0
1
0
150983
1
0
1
1
151483
0
0
1
0
151733
1
0
1
1
151983
2
0
1
0
152483
3
0
1
1
152733
2
0
1
0
152983
3
0
1
1
153233
1
0
1
0
153483
2
0
1
1
153733
0
0
1
0
153983
1
0
1
1
154483
2
0
1
0
154983
3
0
1
1
155483
3
0
1
1
155733
2
0
1
0
155983
3
0
1
1
156483
2
0
1
0
156983
1
0
1
1
157483
0
0
1
0
157983
3
0
1
1
158483
2
0
1
0
158983
1
0
1
1
159483
0
0
1
0
159983
0
0
1
1
160483
0
2
1
0
160983
1
0
1
1
161483
1
2
1
0
161983
2
0
1
1
162483
3
1
1
3
162983
0
1
1
2
163983
2
0
1
6
164233
1
0
1
0
164483
2
0
1
7
164733
3
0
1
0
164983
2
0
1
6
165233
1
0
1
0
165483
2
0
1
7
165733
3
0
1
0
165983
2
0
1
6
166233
1
0
1
0
166483
2
0
1
7
166733
3
0
1
0
166983
2
0
1
6
167233
1
0
1
0
167483
2
0
1
7
167733
3
0
1
0
167983
1
1
1
2
168483
3
2
1
5
168983
1
0
1
6
169483
2
0
1
0
169983
3
1
1
3
170483
2
0
1
1
170983
2
0
1
0
171483
3
0
1
1
171983
1
1
1
2
172233
2
0
1
1
172483
2
0
1
0
172733
2
0
1
1
172983
1
1
1
2
173233
2
0
1
1
173483
2
0
1
0
173733
2
0
1
1
173983
1
1
1
2
174233
2
0
1
1
174483
2
0
1
0
174733
2
0
1
1
174983
1
1
1
2
175233
2
0
1
1
175483
2
0
1
0
175733
2
0
1
1
175983
3
0
1
0
175983
3
1
1
0
176483
0
1
1
2
176983
2
2
1
5
177483
1
1
1
2
177983
3
1
1
3
178483
1
0
1
6
179483
2
0
1
1
179983
2
0
1
1
180233
2
0
1
0
180483
1
0
1
1
180733
0
0
1
0
180983
2
0
1
1
181233
2
0
1
0
181483
1
0
1
1
181733
0
0
1
0
181983
2
0
1
1
182233
2
0
1
0
182483
1
0
1
1
182733
0
0
1
0
182983
2
0
1
1
183233
2
0
1
0
183483
1
0
1
1
183733
0
0
1
0
183983
3
1
1
3
183983
2
1
1
3
184483
0
2
1
4
184983
2
0
1
7
185483
0
1
1
2
185983
2
2
1
5
186483
0
1
1
2
186983
2
0
1
7
187483
2
0
1
0
187983
3
0
1
1
188233
3
0
1
0
188483
3
0
1
1
188733
3
0
1
0
188983
2
0
1
1
189233
2
0
1
0
189483
2
0
1
1
189733
2
0
1
0
189983
1
0
1
1
190233
1
0
1
0
190483
1
0
1
1
190733
1
0
1
0
190983
0
0
1
1
191233
0
0
1
0
191483
0
0
1
1
191733
0
0
1
0
191983
1
0
1
1
192483
2
0
1
0
192983
3
0
1
1
193483
2
0
1
0
193983
1
0
1
1
194483
0
0
1
0
194983
0
0
1
1
195483
0
0
1
0
195983
3
0
1
1
196233
1
0
1
0
196483
3
0
1
1
196733
1
0
1
0
196983
3
0
1
1
197233
1
0
1
0
197483
3
0
1
1
197733
1
0
1
0
197983
3
0
1
1
198233
1
0
1
0
198483
3
0
1
1
198733
1
0
1
0
198983
3
0
1
1
199233
1
0
1
0
199483
3
0
1
1
199733
1
0
1
0
199983
2
0
1
1
200483
2
2
1
0
200983
0
0
1
6
201483
3
1
1
3
201983
1
0
1
1
202483
2
0
1
0
202983
3
0
1
1
203483
1
1
1
2
203983
3
0
1
1
204233
2
0
1
0
204483
3
0
1
1
204733
1
0
1
0
204983
2
0
1
1
205233
0
0
1
0
205483
1
0
1
1
205733
0
0
1
0
205983
2
0
1
1
206233
1
0
1
0
206483
3
0
1
1
206733
2
0
1
0
206983
3
0
1
1
207233
1
0
1
0
207483
2
0
1
1
207733
0
0
1
0
207983
1
0
1
1
207983
1
1
1
1
208483
2
0
1
0
208983
3
0
1
1
209483
3
2
1
0
209983
0
1
1
2
210483
2
0
1
7
211483
3
0
1
1
211983
3
1
1
5
212233
2
0
1
6
212483
1
1
1
4
212733
2
0
1
7
212983
3
1
1
5
213233
2
0
1
6
213483
1
1
1
4
213733
2
0
1
7
213983
3
1
1
5
214233
2
0
1
6
214483
1
1
1
4
214733
2
0
1
7
214983
3
1
1
5
215233
2
0
1
6
215483
1
1
1
4
215733
2
0
1
7
215983
3
1
1
3
216483
1
0
1
6
216983
2
0
1
0
217483
3
0
1
1
217983
2
0
1
0
218483
1
0
1
1
218983
0
0
1
0
219483
1
0
1
1
219983
2
0
1
5
220233
3
0
1
1
220483
2
0
1
4
220733
1
0
1
1
220983
2
0
1
5
221233
3
0
1
1
221483
2
0
1
4
221733
1
0
1
1
221983
2
0
1
5
222233
3
0
1
1
222483
2
0
1
4
222733
1
0
1
1
222983
2
0
1
5
223233
3
0
1
1
223483
2
0
1
4
223733
1
0
1
1
223983
3
0
1
3
227983
3
1
1
3
228233
2
0
1
2
228483
3
1
1
3
228733
2
0
1
2
228983
3
1
1
3
229233
2
0
1
2
229483
3
1
1
3
229733
2
0
1
2
229983
3
1
1
3
230233
2
0
1
2
230483
3
1
1
3
230733
2
0
1
2
230983
3
1
1
3
231233
2
0
1
2
231483
3
1
1
3
231733
2
0
1
2
231983
1
1
1
0
232483
2
0
1
1
232983
2
2
1
0
233483
3
0
1
7
233983
1
1
1
2
234483
3
0
1
3
234983
2
0
1
2
235483
3
0
1
1
235983
3
1
1
3
236483
2
0
1
1
236733
1
0
1
0
236983
3
1
1
3
237483
2
0
1
1
237733
1
0
1
0
237983
3
1
1
3
238483
2
0
1
1
238733
1
0
1
0
238983
3
1
1
3
239483
2
0
1
1
239733
1
0
1
0
239983
0
0
1
1
240483
1
2
1
0
240983
3
0
1
7
241483
2
2
1
0
241983
0
1
1
2
242483
2
0
1
7
243983
3
0
1
0
244233
3
0
1
1
244483
1
0
1
0
244733
1
0
1
1
244983
3
0
1
0
245233
3
0
1
1
245483
1
0
1
0
245733
1
0
1
1
245983
3
0
1
0
246233
3
0
1
1
246483
1
0
1
0
246733
1
0
1
1
246983
3
0
1
0
247233
3
0
1
1
247483
1
0
1
0
247733
1
0
1
1
247983
2
0
1
0
247983
2
1
1
0
248483
0
1
1
2
248983
2
2
1
5
249483
3
0
1
7
249983
1
1
1
2
250483
2
2
1
0
250983
2
0
1
1
251483
3
1
1
5
251983
2
0
1
2
252483
1
1
1
0
252983
2
2
1
3
253233
3
1
1
1
253483
2
0
1
2
253733
1
1
1
0
253983
2
2
1
3
254233
3
1
1
1
254483
2
0
1
2
254733
1
1
1
0
254983
2
2
1
3
255233
3
1
1
1
255483
2
0
1
2
255733
1
1
1
0
255983
2
1
1
7
255983
3
0
1
7
259983
1
0
1
2
260233
1
1
1
3
260483
3
0
1
3
260733
3
1
1
2
260983
1
0
1
2
261233
1
1
1
3
261483
3
0
1
3
261733
3
1
1
2
261983
1
0
1
2
262233
1
1
1
3
262483
3
0
1
3
262733
3
1
1
2
262983
1
0
1
2
263233
1
1
1
3
263483
3
0
1
3
263733
3
1
1
2
263983
2
0
1
6
264483
1
2
1
4
264983
3
0
1
7
265483
0
1
1
2
265983
1
2
1
5
266483
3
0
1
7
266983
2
0
1
0
267483
2
0
1
1
267983
3
0
1
1
268233
3
0
1
0
268483
3
0
1
1
268733
2
0
1
0
268983
1
0
1
1
269233
1
0
1
0
269483
1
0
1
1
269733
2
0
1
0
269983
3
0
1
1
270233
3
0
1
0
270483
3
0
1
1
270733
2
0
1
0
270983
1
0
1
1
271233
1
0
1
0
271483
1
0
1
1
271733
2
0
1
0
271983
3
0
1
1
272483
3
0
1
0
272983
1
1
1
2
273483
2
2
1
0
273983
3
0
1
7
274483
3
2
1
0
274983
2
0
1
6
275483
3
2
1
0
275983
3
0
1
1
276233
3
0
1
0
276483
3
0
1
1
276733
3
0
1
0
276983
3
0
1
1
277233
2
0
1
0
277483
3
0
1
1
277733
2
0
1
0
277983
3
0
1
1
278233
1
0
1
0
278483
3
0
1
1
278733
1
0
1
0
278983
3
0
1
1
279233
2
0
1
0
279483
3
0
1
1
279733
2
0
1
0
279983
3
1
1
3
280483
1
0
1
6
280983
3
1
1
5
281483
2
0
1
1
281983
2
0
1
0
282483
3
1
1
3
282983
2
0
1
1
283483
2
0
1
0
283983
3
0
1
1
284233
2
0
1
0
284483
3
0
1
0
284733
2
0
1
0
284983
3
0
1
1
285233
2
0
1
0
285483
3
0
1
1
285733
2
0
1
0
285983
3
0
1
1
286233
2
0
1
0
286483
3
0
1
1
286733
2
0
1
0
286983
3
0
1
1
287233
2
0
1
0
287483
3
0
1
1
287733
2
0
1
0
287983
0
1
1
2
287983
1
1
1
2
294483
3
0
1
1
294733
2
0
1
0
294983
3
0
1
1
295233
1
0
1
0
295483
2
0
1
1
295733
0
0
1
0
295983
3
0
1
1
296233
2
0
1
0
296483
3
0
1
1
296733
1
0
1
0
296983
2
0
1
1
297233
0
0
1
0
297483
1
0
1
1
297733
0
0
1
1
297983
3
0
1
0
298483
2
0
1
1
298983
1
0
1
0
299483
3
0
1
1
299733
2
0
1
0
299983
3
0
1
1
300483
1
1
1
2
300983
3
0
1
7
301483
3
2
1
0
301983
3
0
1
1
302483
2
0
1
0
302983
1
0
1
1
303483
3
0
1
1
303733
2
0
1
0
303983
3
0
1
1
304483
2
0
1
0
304983
1
0
1
1
305483
0
0
1
0
305983
3
0
1
1
306483
2
0
1
0
306983
1
0
1
1
307483
0
0
1
0
307983
3
0
1
1
308483
2
0
1
0
308983
1
0
1
1
309483
0
0
1
0
309983
0
1
1
1
309983
0
0
1
1
310483
1
1
1
0
310483
1
0
1
0
310983
2
1
1
1
310983
2
0
1
1
311983
3
0
1
1
312233
2
0
1
0
312483
3
0
1
1
312733
1
0
1
0
312983
2
0
1
1
313233
0
0
1
0
313483
1
0
1
1
313733
0
0
1
0
313983
1
0
1
1
314483
2
0
1
0
314983
3
0
1
1
315483
3
0
1
1
315733
2
0
1
0
315983
3
0
1
1
316233
2
0
1
0
316483
3
0
1
1
316733
1
0
1
0
316983
2
0
1
1
317233
0
0
1
0
317483
1
0
1
1
317733
0
0
1
0
317983
1
0
1
1
318483
2
0
1
0
318983
3
0
1
1
319483
3
0
1
1
319733
2
0
1
0
319983
1
0
1
1
320483
0
0
1
0
320983
1
0
1
1
321483
2
0
1
0
321983
0
0
1
1
322483
1
0
1
0
322983
2
0
1
1
323483
3
0
1
0
323983
2
0
1
1
324483
2
2
1
0
324983
2
0
1
1
325483
2
2
1
0
325983
3
1
1
3
327983
3
1
1
3
328483
1
0
1
6
328983
2
2
1
0
329483
3
0
1
7
329983
3
0
1
0
330483
2
0
1
1
330983
1
0
1
0
331483
0
0
1
1
331733
1
0
1
0
331983
0
0
1
1
332483
1
0
1
0
332983
2
0
1
1
333233
3
0
1
0
333483
2
0
1
1
333733
3
0
1
0
333983
2
0
1
1
334483
1
0
1
0
334983
0
0
1
0
335483
0
0
1
1
335733
1
0
1
0
335983
0
0
1
1
336483
3
0
1
1
336733
2
0
1
0
336983
3
0
1
1
337233
1
0
1
0
337483
2
0
1
1
338483
3
0
1
1
338733
2
0
1
0
338983
3
0
1
1
339233
1
0
1
0
339483
2
0
1
1
340483
3
0
1
1
340733
2
0
1
0
340983
3
0
1
1
341233
1
0
1
0
341483
2
0
1
1
341733
0
0
1
0
341983
1
0
1
1
342233
0
0
1
0
342483
2
0
1
1
342733
1
0
1
0
342983
3
0
1
1
343233
2
0
1
0
343483
3
0
1
1
343733
2
0
1
0
343983
3
0
1
1
344483
2
0
1
0
344983
1
0
1
1
345483
0
1
1
2
345983
0
0
1
1
346483
1
0
1
0
346983
2
0
1
1
347483
3
0
1
0
347733
2
0
1
1
347983
3
0
1
0
348483
2
0
1
1
348983
1
0
1
0
349233
0
0
1
1
349483
1
0
1
0
349733
0
0
1
1
349983
1
0
1
0
350483
2
0
1
1
350983
3
0
1
0
351483
3
0
1
1
351733
2
0
1
0
351983
3
0
1
1
352483
2
0
1
0
352983
1
0
1
1
353483
0
1
1
2
353983
0
0
1
1
354483
1
0
1
0
354983
2
0
1
1
355483
3
1
1
3
355983
2
0
1
1
356483
2
2
1
0
356983
2
0
1
1
357483
2
2
1
0
357983
3
1
1
3
358483
2
0
1
1
358983
1
0
1
0
359983
2
0
1
1
360483
1
0
1
0
360983
3
1
1
3
361483
2
0
1
1
361983
0
1
1
2
362483
3
1
1
3
362983
2
0
1
1
363483
2
0
1
0
363983
1
0
1
1
364483
2
0
1
0
364983
3
1
1
3
365483
2
0
1
6
365983
0
1
1
2
366483
3
1
1
3
366983
2
0
1
1
367483
1
2
1
4
367983
2
0
1
1
368483
3
1
1
3
376733
3
0
1
1
377233
2
0
1
0
377796
1
0
1
1
378233
0
0
1
0
378858
0
1
1
2
381171
3
0
1
1
381733
2
0
1
0
382421
1
0
1
1
383046
0
0
1
0
383733
1
1
1
3
386358
3
0
1
1
387046
2
0
1
0
387655
1
0
1
1
388233
1
0
1
0
388983
2
0
1
1
