Hold Me Down
Halsey
146
16805
0
0
0
1
17805
1
0
1
1
18805
2
0
0
0
19805
3
0
1
0
20805
3
0
1
1
21805
2
0
0
1
22805
1
0
1
0
23805
0
0
0
0
24805
0
0
0
1
25805
1
0
1
1
26805
2
0
0
0
27805
3
0
1
0
28805
2
0
0
1
29805
3
0
1
1
30805
1
0
0
0
31805
2
0
1
0
32805
0
0
0
1
33805
1
0
1
1
34805
0
0
0
0
35805
1
0
1
0
36805
0
0
0
1
37805
1
0
1
1
38805
0
0
0
0
39805
1
0
1
0
40805
2
0
0
7
41805
3
0
1
7
42805
1
0
0
0
43805
2
0
1
0
44805
2
0
0
1
44805
3
0
1
1
45805
1
0
0
0
45805
2
0
1
0
46805
0
0
0
1
46805
1
0
1
1
47805
1
0
0
0
47805
2
0
1
0
48805
1
0
0
1
48805
2
0
1
1
50805
3
0
0
3
50805
3
1
1
3
52305
1
0
0
1
52805
1
0
0
0
53305
2
0
1
1
53805
2
0
1
0
54305
2
0
1
1
54805
0
0
0
6
55805
1
1
0
5
56805
2
1
1
0
57805
0
2
0
4
58805
1
0
0
1
58805
2
0
1
1
62805
2
2
0
5
62805
3
1
1
5
64305
1
0
0
1
64805
2
0
1
1
65805
2
0
0
0
65805
3
0
1
0
66805
0
1
0
6
66805
1
0
1
6
68305
1
0
0
0
68805
2
0
1
0
69305
1
0
0
1
69805
2
0
1
1
70805
1
0
0
0
70805
2
0
1
0
71805
0
0
0
1
71805
1
0
1
1
72805
3
0
0
3
72805
3
1
1
3
73805
0
0
1
2
73805
0
1
0
2
74805
3
0
0
3
74805
3
1
1
3
80305
0
1
0
2
80805
3
1
1
3
81805
1
0
0
1
81805
2
0
1
1
82805
1
2
0
0
82805
2
2
1
0
84805
2
0
1
1
85305
2
0
1
0
85805
1
0
0
1
86305
1
0
0
0
86805
2
0
1
1
87805
1
0
0
1
88805
0
1
0
0
88805
1
1
1
0
89805
1
0
0
1
89805
2
0
1
1
90805
2
1
0
0
90805
3
1
1
0
94805
1
0
0
1
94805
2
0
1
1
96305
0
1
0
2
96305
3
1
1
3
96805
1
0
0
1
96805
2
0
1
1
97805
1
0
0
0
97805
2
0
1
0
98805
1
0
0
1
98805
2
0
1
1
100805
1
0
0
0
101305
2
0
1
0
101805
1
0
0
1
102305
2
0
1
1
102805
0
1
0
2
103805
3
1
1
3
104805
1
0
0
1
105805
2
0
1
1
106805
0
1
0
4
106805
3
1
1
5
108805
1
0
0
1
108805
2
0
1
1
112805
1
0
0
0
112805
2
0
1
0
113805
1
0
0
1
114805
0
0
0
0
115805
1
0
0
1
116805
2
0
1
1
117805
3
0
1
0
118805
2
0
1
1
119805
1
0
0
0
119805
2
0
1
0
120805
0
1
0
6
120805
1
0
1
6
121805
1
0
0
0
121805
2
0
1
0
122805
2
0
0
7
122805
3
1
1
7
123805
1
0
0
0
123805
2
0
1
0
124805
1
0
1
1
125805
0
0
0
1
125805
1
0
1
0
126805
2
0
0
0
126805
3
0
1
1
127805
0
0
0
1
127805
1
0
1
0
128805
0
1
0
2
128805
3
1
1
3
129805
2
0
1
1
130805
0
1
0
2
130805
3
1
1
3
131805
1
0
0
1
132805
2
0
1
1
133805
1
0
0
0
134805
0
1
0
2
135805
1
0
0
1
136805
0
0
1
2
136805
0
1
0
2
137805
1
0
0
1
138805
2
0
1
1
139305
0
0
0
0
139805
0
0
0
1
140305
3
0
1
0
140805
3
0
1
1
141305
3
0
1
0
141805
1
0
0
0
141805
2
0
1
1
142805
0
0
1
2
142805
0
1
0
2
143805
1
1
0
0
143805
2
1
1
0
144805
0
0
0
1
144805
1
0
1
1
145805
2
1
0
0
145805
3
1
1
0
146805
1
0
0
1
146805
2
0
1
1
148805
0
0
0
6
149805
3
0
1
7
150805
1
0
0
0
150805
2
0
1
0
152805
2
0
0
1
152805
3
0
1
1
153305
2
0
0
0
153305
3
0
1
0
153805
0
0
0
1
153805
1
0
1
1
154305
0
0
0
0
154305
1
0
1
0
154805
2
0
0
7
154805
3
1
1
7
155805
0
0
1
2
155805
0
1
0
2
156805
2
1
0
0
156805
3
1
1
0
157805
0
0
0
1
157805
1
0
1
1
158805
1
0
0
0
158805
2
0
1
0
160805
0
1
0
2
160805
3
1
1
3
161805
0
1
0
3
161805
3
1
1
2
162805
1
0
0
1
162805
2
0
1
1
164805
3
0
0
3
164805
3
1
1
3
165805
0
0
1
2
165805
0
1
0
2
166805
2
0
0
7
166805
3
1
1
7
168805
0
0
0
1
169305
1
0
1
1
169805
0
0
0
0
170305
1
0
1
0
170805
2
0
0
7
170805
3
1
1
7
171805
0
0
0
0
171805
1
0
1
0
172805
2
0
0
1
173305
3
0
1
1
173805
2
0
0
0
174305
3
0
1
0
174805
1
0
0
1
174805
2
0
1
1
175805
0
1
0
0
175805
1
1
1
0
176805
2
0
0
1
176805
3
0
1
1
177805
0
1
0
0
177805
1
1
1
0
178805
2
0
0
1
178805
3
0
1
1
180805
0
1
0
2
180805
3
1
1
3
181805
0
2
0
0
181805
3
2
1
0
182805
0
0
0
1
182805
3
0
1
1
184805
2
0
0
1
185305
3
0
1
1
185805
1
1
0
0
186305
2
1
1
0
186805
0
0
0
1
187805
1
0
1
1
188805
2
0
0
0
188805
3
0
1
0
189805
0
0
1
2
189805
0
1
0
2
190805
3
0
0
3
190805
3
1
1
3
192805
1
0
1
6
193805
3
1
1
3
194805
2
0
1
1
196805
2
0
0
7
197805
0
1
0
2
198805
1
0
0
1
200805
1
0
0
0
201305
2
0
1
0
201805
0
0
0
1
202305
2
0
1
1
202805
0
0
0
0
203805
2
0
1
0
204805
0
0
0
1
205305
1
0
1
1
205805
0
1
0
0
206305
1
1
1
0
206805
2
0
0
1
206805
3
0
1
1
207805
0
0
1
2
207805
0
1
0
2
208805
1
0
0
1
208805
2
0
1
1
209805
2
1
0
0
209805
3
1
1
0
212805
0
0
0
1
213305
0
0
0
0
213805
1
0
1
1
214305
1
0
1
0
214805
0
0
0
1
214805
1
0
1
1
215805
1
0
0
0
215805
2
0
1
0
216805
2
0
0
1
216805
3
0
1
1
217805
0
0
0
4
217805
1
1
1
4
218805
3
0
0
3
218805
3
1
1
3
222805
0
1
0
0
222805
1
1
1
0
224305
2
0
0
1
224305
3
0
1
1
224805
2
0
0
0
224805
3
0
1
0
225805
0
0
0
1
225805
1
0
1
1
226805
2
1
0
0
226805
3
1
1
0
228805
1
0
0
1
229305
2
0
1
1
229805
2
1
0
0
230305
3
1
1
0
230805
1
0
0
1
230805
2
0
1
1
231805
1
0
0
0
231805
2
0
1
0
232805
0
0
0
6
232805
3
0
1
7
233805
1
1
0
0
234805
2
1
1
0
240305
2
0
1
1
240805
3
1
1
3
241805
2
0
1
1
242805
2
1
1
0
244805
0
0
0
1
245305
1
0
1
1
245805
0
0
0
0
246305
1
0
1
0
246805
2
0
0
1
246805
3
0
1
1
247805
1
1
0
0
247805
2
1
1
0
248805
0
0
0
1
248805
1
0
1
1
249805
3
0
0
3
249805
3
1
1
3
250805
0
0
1
2
250805
0
1
0
2
254805
2
0
0
0
254805
3
0
1
0
256305
2
0
0
1
256305
3
0
1
1
256805
0
0
0
0
256805
1
0
1
0
257805
1
0
0
1
257805
2
0
1
1
260805
2
0
1
0
261305
1
0
0
0
261805
3
0
1
1
262305
0
0
0
1
262805
2
1
1
0
263305
1
1
0
0
263805
0
0
0
6
263805
3
0
1
7
264805
1
0
0
0
264805
2
0
1
0
265805
0
0
0
6
265805
3
0
1
7
266805
1
0
1
0
266805
2
0
0
0
268805
0
1
0
2
268805
3
1
1
3
269805
1
0
0
1
270805
0
1
0
2
270805
3
1
1
3
271805
3
0
1
1
272805
2
0
0
1
273805
1
0
1
0
274805
0
0
0
0
275805
0
0
0
1
276805
1
0
1
1
277805
2
0
0
0
278805
3
0
1
0
279805
3
0
1
1
280805
2
0
0
1
280805
3
0
1
0
282805
0
0
0
0
282805
1
0
1
1
284805
1
0
0
1
284805
2
0
1
0
286805
0
1
0
2
287805
3
1
1
3
288805
1
1
0
3
289805
2
1
1
2
299305
0
1
0
2
299805
3
1
1
3
300305
1
0
0
1
300805
2
0
1
1
301305
0
0
0
0
301305
3
0
1
0
301805
1
0
0
1
301805
2
0
1
1
302805
1
0
0
0
302805
2
0
1
0
303805
0
1
0
1
303805
3
1
1
1
304805
1
0
0
0
304805
2
0
1
0
305805
3
0
0
3
305805
3
1
1
3
306805
1
0
0
1
306805
2
0
1
1
307805
0
0
1
2
307805
0
1
0
2
308805
2
0
0
1
308805
3
0
1
1
309805
0
1
0
0
309805
1
1
1
0
310805
2
1
0
1
310805
3
1
1
1
312805
0
0
0
0
313305
1
0
1
0
313805
2
0
0
1
314305
3
0
1
1
314805
0
0
0
0
314805
1
0
1
0
315805
2
0
0
7
315805
3
0
1
7
316805
0
1
0
2
316805
3
1
1
3
317805
0
1
0
3
317805
3
1
1
2
318805
1
0
0
1
318805
2
0
1
1
320805
0
0
1
2
320805
0
1
0
2
321805
3
0
0
3
321805
3
1
1
3
322805
0
0
1
2
322805
0
1
0
2
324805
3
0
0
3
324805
3
1
1
3
325805
0
0
1
2
325805
0
1
0
2
326805
3
0
0
3
326805
3
1
1
3
327805
0
1
0
6
327805
1
0
1
6
328805
2
0
0
0
328805
3
0
1
0
329305
0
0
0
1
329305
1
0
1
1
329805
2
0
0
0
329805
3
0
1
0
330305
0
0
0
1
330305
1
0
1
1
330805
2
0
0
0
330805
3
0
1
0
331805
0
0
0
1
331805
1
0
1
1
332805
3
1
1
3
333305
2
0
1
1
333805
0
1
0
2
334305
1
0
0
1
334805
0
1
0
2
334805
3
1
1
3
335805
1
0
1
1
335805
2
0
0
1
336805
2
0
0
0
336805
3
0
1
0
337805
0
1
0
6
337805
1
0
1
6
338805
2
0
0
7
338805
3
2
1
5
340805
0
2
0
4
340805
1
0
1
6
341805
3
0
0
3
341805
3
1
1
3
342805
0
0
1
2
342805
0
1
0
2
344805
3
1
1
3
345305
0
1
0
2
345805
2
0
1
1
346305
1
0
0
1
346805
2
0
1
0
347805
1
0
0
0
348805
2
0
0
7
348805
3
0
1
7
349805
0
0
0
6
349805
1
0
1
6
350805
2
0
0
7
350805
3
0
1
7
352805
0
0
0
6
352805
1
0
1
6
353805
1
0
0
0
353805
2
0
1
0
354805
2
0
0
7
354805
3
0
1
7
355805
1
0
0
0
355805
2
0
1
0
356805
0
0
0
6
356805
1
0
1
6
357805
1
0
0
0
357805
2
0
1
0
358805
2
0
0
7
358805
3
0
1
7
360805
1
0
1
0
361305
0
0
0
0
361805
2
0
1
1
362305
1
0
0
1
362805
2
0
0
0
362805
3
0
1
0
363805
0
0
0
1
363805
1
0
1
1
364805
2
0
0
7
364805
3
1
1
7
365305
2
0
0
4
365305
3
1
1
4
365805
0
1
0
6
365805
1
0
1
6
366305
0
1
0
5
366305
1
0
1
5
366805
2
0
0
1
367805
3
0
1
1
368805
1
0
0
0
368805
2
0
1
0
392805
1
0
0
0
392805
2
0
1
0
393805
1
0
0
1
393805
2
0
1
1
396805
2
0
1
0
397305
1
0
0
0
397805
2
0
1
1
403305
3
0
1
1
403805
2
0
1
0
404305
2
0
1
1
404805
3
0
1
0
405305
0
1
0
2
405305
2
0
1
1
405805
1
0
0
1
406305
1
0
0
0
406805
2
0
1
0
407805
0
1
0
2
407805
1
0
1
1
408805
2
2
0
0
408805
3
2
1
0
410805
0
0
0
1
410805
1
0
1
1
412805
2
0
0
0
412805
3
0
1
0
414805
0
2
0
4
414805
1
0
1
6
415805
2
0
0
7
415805
3
2
1
5
416805
1
0
0
1
416805
2
0
1
1
417805
0
1
0
4
417805
3
1
1
5
419305
1
0
0
1
419805
2
0
1
1
420305
0
0
0
0
420805
3
0
1
0
421805
1
0
0
1
421805
2
0
1
1
422805
2
0
0
0
422805
3
0
1
0
423305
0
0
0
1
423305
1
0
1
1
423805
2
1
0
0
423805
3
1
1
0
424805
0
1
0
6
424805
1
0
1
6
425805
0
1
0
5
425805
1
0
1
5
427305
2
0
0
1
427805
3
0
1
1
428305
1
0
0
0
428805
2
0
1
0
429305
0
0
0
1
429805
1
0
1
1
430805
3
2
1
5
431305
0
2
0
4
431805
0
0
0
1
431805
1
0
1
1
432805
0
0
0
0
432805
1
0
1
0
433805
1
0
0
1
433805
2
0
1
1
434805
1
0
0
0
434805
2
0
1
0
435805
0
0
0
1
435805
3
0
1
1
436805
0
1
0
2
436805
3
1
1
3
437805
0
2
0
0
437805
3
2
1
0
438805
1
0
0
1
438805
2
0
1
1
440805
0
1
0
2
440805
3
1
1
3
441305
1
0
0
1
441805
2
0
1
1
442305
0
1
0
2
442305
3
1
1
3
442805
2
0
1
1
443305
1
0
0
1
443805
0
1
0
2
443805
3
1
1
3
444805
1
0
0
1
444805
2
0
1
1
445805
0
1
0
4
445805
1
2
1
4
446805
2
0
0
7
446805
3
1
1
7
448805
0
0
1
2
448805
0
1
0
2
449805
3
0
0
3
449805
3
1
1
3
450805
0
0
1
2
450805
0
1
0
2
452805
3
0
0
3
452805
3
1
1
3
453805
0
1
0
4
453805
1
2
1
4
454805
1
0
0
1
454805
2
0
1
1
456805
2
0
0
0
456805
3
0
1
0
457305
1
0
0
1
457305
2
0
1
1
457805
0
0
0
0
457805
1
0
1
0
458305
2
0
0
1
458305
3
0
1
1
458805
2
0
0
0
458805
3
0
1
0
459805
0
0
0
1
459805
1
0
1
1
460805
3
1
1
0
461305
2
1
0
0
461805
1
0
1
1
462305
0
0
0
1
462805
1
0
1
0
463805
0
0
0
0
463805
2
0
1
1
464805
1
0
0
1
464805
2
0
1
0
465805
1
0
0
0
465805
2
0
1
1
466805
0
1
0
2
466805
3
1
1
3
468805
0
2
0
4
468805
1
0
1
6
469805
2
0
0
7
469805
3
2
1
5
470805
0
0
1
2
470805
0
1
0
2
472805
0
0
0
1
473305
1
0
0
0
473805
2
0
1
1
474305
1
0
1
0
474805
0
0
0
1
475805
2
0
1
1
476805
1
0
0
0
476805
2
0
1
0
477805
0
0
0
1
477805
3
0
1
1
478805
1
0
1
0
478805
2
0
0
0
480805
0
1
0
2
480805
3
1
1
3
481805
0
1
0
3
481805
3
1
1
2
482805
0
2
0
4
482805
3
2
1
5
484805
2
0
0
7
484805
3
0
1
7
485805
0
0
0
6
485805
1
0
1
6
486805
1
2
0
0
486805
2
2
1
0
488805
0
0
0
1
489305
1
0
1
1
489805
0
1
0
0
490305
1
1
1
0
490805
2
0
0
1
491805
3
0
1
1
492805
2
0
0
0
492805
3
0
1
0
493305
2
0
0
1
493305
3
0
1
1
493805
0
0
0
0
493805
1
0
1
0
494305
0
0
0
1
494305
1
0
1
1
494805
1
0
0
0
494805
2
0
1
0
495805
0
1
0
2
495805
3
1
1
3
496805
1
0
0
1
496805
2
0
1
1
