Whatever It Takes
Imagine Dragons
135
33955
2
0
1
1
34955
1
0
0
0
35955
2
0
1
0
36705
0
1
0
2
37955
1
0
0
1
38955
2
0
1
0
39955
1
0
0
0
40705
3
1
1
3
41955
0
0
0
1
42955
2
0
1
1
43955
1
0
0
0
44705
1
1
1
2
45955
3
1
1
3
46705
1
2
0
4
47955
0
0
0
6
48705
2
2
1
4
49955
1
0
1
1
50955
1
2
0
0
51955
2
0
1
0
52705
3
0
0
7
53955
0
1
0
2
54955
2
0
1
1
55955
1
0
0
1
56705
3
1
1
5
57955
1
0
1
1
58955
0
1
0
2
59955
3
1
1
3
60705
1
0
0
1
61955
2
0
1
1
62705
3
0
1
3
63455
1
1
0
0
63955
3
2
1
0
64455
0
0
0
1
64955
3
0
1
1
65955
2
1
0
5
65955
3
0
1
5
66955
0
0
0
4
66955
1
1
1
4
67955
3
1
1
3
68955
1
2
0
0
69955
2
0
1
1
70955
1
0
0
1
71955
3
1
1
3
72955
0
1
0
2
73955
1
0
0
7
73955
2
2
1
4
74955
1
0
0
0
74955
2
0
1
1
75955
3
0
1
3
76955
0
1
0
2
77955
0
0
1
6
78955
2
2
1
5
79955
3
0
0
7
80955
1
2
0
4
81955
0
0
0
6
81955
2
0
1
6
82955
1
0
0
5
82955
3
0
1
5
83955
0
1
0
2
84955
1
2
1
4
85955
1
0
0
1
86955
2
0
1
1
87955
0
1
0
2
88955
3
1
1
3
89955
1
0
0
1
89955
2
0
1
1
90955
0
1
0
2
90955
3
1
1
3
91955
1
0
0
1
92955
2
0
1
1
93955
3
0
1
3
94955
0
1
0
0
95455
1
0
0
1
95955
2
2
1
0
96455
1
2
0
0
96955
1
0
0
1
97455
2
0
1
1
102955
0
0
0
1
103455
2
0
1
1
103955
1
2
0
0
104955
0
0
0
6
105455
0
1
1
2
105955
2
0
1
7
106455
1
2
0
0
106955
2
2
1
0
107955
2
0
1
1
108455
0
1
0
2
109455
1
0
0
1
109455
2
0
1
0
110955
1
2
0
0
111455
3
1
1
3
111955
0
0
0
1
112455
2
0
1
1
112955
1
2
0
0
113455
2
0
1
0
118955
1
0
0
1
119455
3
0
1
7
119955
0
1
0
4
120955
1
0
0
7
121455
1
1
1
2
121955
3
1
1
3
122955
2
0
1
6
123455
2
2
1
0
123955
0
1
0
2
124955
2
0
1
1
125455
0
0
0
1
127455
2
2
1
0
127955
0
0
0
0
128455
3
0
1
7
128955
1
0
0
7
129455
2
2
1
4
137955
2
0
1
1
138455
1
0
0
1
138955
3
1
1
3
139455
0
1
0
2
139955
1
2
0
0
139955
2
2
1
0
140955
0
1
0
6
140955
1
0
1
6
141955
2
0
1
3
142455
2
1
0
3
142955
0
1
0
2
144455
1
0
0
1
144955
2
0
1
1
145455
0
2
0
0
145455
2
2
1
0
150955
0
0
0
1
151455
1
0
1
1
151955
0
2
0
0
151955
2
2
1
0
152955
3
0
1
7
153455
2
0
0
7
153955
1
2
0
0
154455
2
2
1
0
154955
0
0
0
1
154955
1
0
1
1
155955
2
0
1
5
156455
0
0
0
0
157455
1
0
1
2
157455
2
1
0
3
159455
3
1
1
3
159955
0
1
0
2
160455
2
0
1
1
160955
1
0
0
1
161455
1
2
0
0
161455
2
2
1
0
161955
0
0
0
1
161955
3
0
1
1
162955
2
2
1
4
163955
1
2
0
5
164705
0
0
0
6
164705
3
1
1
3
165955
1
0
0
0
165955
2
0
1
1
166955
3
1
1
5
167955
1
0
0
1
168705
1
2
1
4
169955
2
0
1
1
170955
0
0
0
4
170955
1
1
1
4
171955
3
0
0
3
171955
3
1
1
3
172705
0
1
0
2
173955
1
0
0
1
173955
2
0
1
1
174705
3
1
1
5
175955
1
0
0
1
175955
2
0
1
1
176705
0
1
0
4
177955
0
0
0
6
177955
2
0
1
6
178955
2
2
0
0
179955
3
1
1
3
180705
0
1
0
2
181955
1
0
0
7
181955
3
0
1
7
182955
2
2
1
0
183955
1
0
1
6
184705
2
2
0
5
185955
3
1
1
3
186455
1
0
0
6
186955
0
1
0
0
187955
2
0
1
1
188705
3
1
0
3
189955
1
0
0
1
189955
2
0
1
0
190705
3
1
1
3
191455
0
1
0
2
192455
2
2
1
0
192955
1
0
0
1
193955
3
0
1
7
194955
1
0
1
6
195955
0
0
0
1
196455
1
0
1
0
196955
1
2
0
5
197455
3
1
1
3
197955
0
0
0
6
198955
2
0
0
7
199955
2
2
1
0
200455
0
1
0
2
200955
1
0
0
1
200955
2
0
1
1
201955
1
1
1
4
202955
3
0
1
7
203955
1
2
0
0
204455
2
2
1
0
204955
1
0
0
1
204955
2
0
1
1
205955
3
1
1
3
206955
0
1
0
2
207955
2
0
1
1
208455
1
0
0
1
208955
3
1
1
3
209455
1
2
0
0
209955
0
0
0
6
210955
2
0
0
7
211955
3
0
1
1
212455
2
0
0
0
212955
2
2
1
4
213455
0
1
0
2
213955
3
0
1
7
214955
1
0
1
6
215955
1
2
0
0
216455
3
1
1
3
216955
1
0
0
1
216955
2
0
1
1
217955
2
1
0
5
218955
0
0
0
6
219955
2
2
1
0
220455
1
2
0
0
220955
1
0
0
1
220955
2
0
1
1
221955
0
1
0
2
222955
3
1
1
3
223955
1
0
0
1
223955
1
0
0
1
224455
2
0
1
1
224455
2
0
1
1
224955
1
2
0
0
225455
2
2
1
0
225955
0
0
0
6
225955
3
0
1
7
227955
2
0
1
0
228455
3
0
1
1
228955
1
0
0
0
229455
0
0
0
1
229955
3
2
1
0
230955
0
2
0
0
231955
1
0
0
1
232455
2
0
1
1
232955
0
1
0
2
233455
3
1
1
3
233955
1
0
0
1
233955
2
0
1
1
234955
1
0
0
0
234955
3
0
1
0
235955
0
0
0
6
236455
1
1
1
2
237455
3
0
1
7
237955
1
0
0
0
237955
2
0
1
0
238955
0
1
0
2
238955
3
1
1
3
239955
1
0
0
1
239955
2
0
1
1
240955
1
2
0
0
240955
2
2
1
0
241955
0
0
0
6
241955
3
0
1
7
243955
1
0
0
0
244455
0
0
0
1
244955
2
0
1
0
245455
3
0
1
1
245955
0
2
0
0
246955
3
2
1
0
247955
2
0
1
1
248455
1
0
0
1
248955
0
1
0
2
248955
3
1
1
3
249955
1
0
0
1
249955
2
0
1
1
250955
2
0
1
0
251455
1
0
0
0
251955
0
0
0
1
251955
3
0
1
1
253955
1
0
0
0
253955
2
0
1
0
254955
0
1
0
2
254955
3
1
1
3
255955
1
0
0
1
255955
2
0
1
1
256955
1
2
0
0
256955
2
2
1
0
257955
0
0
0
6
257955
3
0
1
7
259955
1
0
1
6
260455
3
1
1
5
260955
2
0
0
7
261455
0
1
0
4
261955
2
0
1
1
262955
1
0
0
1
263955
3
1
1
3
264455
0
1
0
2
264955
2
2
1
0
265455
1
2
0
0
265955
1
0
0
1
265955
2
0
1
1
266955
0
1
0
4
266955
3
1
1
5
267955
1
1
1
2
267955
2
0
0
3
268955
3
1
1
3
269955
0
0
0
6
270455
2
0
1
1
270955
1
0
0
0
271455
2
0
1
0
271955
1
0
0
1
271955
2
0
1
1
272955
1
2
0
0
272955
2
2
1
0
273955
0
1
0
2
273955
3
1
1
3
275955
1
0
0
1
275955
2
0
1
1
276455
0
0
0
0
276955
1
1
1
2
277955
1
0
0
7
277955
3
0
1
7
278955
0
0
0
2
279455
1
0
1
6
279955
0
2
0
0
279955
1
2
1
0
280955
1
0
0
1
281455
2
0
1
1
281955
3
1
1
5
282455
0
1
0
2
282955
1
0
1
6
283955
1
2
0
0
284455
2
2
1
0
285455
0
1
0
6
285455
3
1
1
7
289955
2
0
1
1
290955
1
0
0
1
291955
0
1
0
4
291955
1
2
1
4
292955
1
0
0
1
293955
2
0
1
1
294955
2
2
0
5
294955
3
1
1
5
295955
1
0
1
6
296955
0
0
0
6
297955
1
2
0
0
297955
2
2
1
0
298955
2
0
0
7
299955
1
2
0
0
299955
3
1
1
3
300955
0
0
0
1
301955
1
0
1
6
302955
0
1
0
0
302955
3
1
1
5
303955
1
0
0
1
304955
2
0
1
1
305955
0
1
0
2
305955
3
1
1
3
306955
1
2
0
0
307955
0
0
1
2
307955
0
1
0
2
308955
1
2
0
5
308955
2
1
1
5
309955
2
0
1
1
311455
3
2
1
0
312455
0
1
0
6
312955
1
0
1
6
313455
3
1
1
3
314955
1
0
0
1
315455
2
0
1
1
315955
1
0
0
0
316955
3
1
1
3
317455
1
0
0
1
317955
2
2
1
4
318955
0
1
0
4
319455
3
0
1
7
320455
3
1
1
0
320955
1
0
0
1
321955
2
2
0
5
321955
3
0
1
1
322955
1
0
0
1
323455
0
0
0
4
324955
3
1
1
3
325955
1
0
1
2
326955
2
0
1
3
327955
2
0
0
3
328955
1
0
0
2
329955
0
1
0
0
329955
1
0
1
1
330955
2
0
1
0
331455
3
0
1
7
332955
2
2
1
0
333955
2
0
0
3
334955
1
0
0
2
335955
1
0
1
2
336955
2
0
1
3
337955
1
2
0
0
337955
3
1
1
0
338955
1
0
1
6
339455
0
0
0
6
340955
2
0
0
7
341955
0
1
0
2
341955
2
2
1
0
342955
2
0
0
3
343455
3
1
1
3
344955
1
0
1
6
345955
1
2
0
5
345955
3
0
1
5
346955
1
0
0
1
347455
2
0
1
1
348955
3
1
0
3
349955
1
1
0
4
349955
2
2
1
4
350955
2
0
1
1
351455
3
1
1
5
352955
1
0
0
1
353955
2
0
1
1
354955
3
1
1
0
355455
0
1
0
4
355955
2
0
1
1
356955
1
0
0
1
357955
0
1
0
2
358955
3
2
1
5
359455
2
2
0
5
360955
2
0
1
1
361955
1
0
0
6
362955
3
1
1
0
363955
0
1
0
0
364955
3
0
1
7
365955
2
0
0
7
366955
0
2
0
4
367455
1
2
1
4
377955
1
0
0
1
377955
2
0
1
1
378955
0
1
0
2
378955
3
1
1
3
379955
1
2
0
0
379955
2
2
1
0
381955
0
0
0
1
381955
3
0
1
1
382955
1
0
0
0
382955
2
0
1
0
383955
0
0
1
2
383955
0
1
0
2
385955
1
0
1
3
385955
1
1
0
3
386955
1
0
0
1
386955
2
0
1
1
387955
0
1
0
4
387955
3
1
1
5
389955
0
0
0
6
389955
2
0
1
6
390955
1
0
0
7
390955
3
0
1
7
391955
0
2
0
4
391955
2
2
1
4
393955
2
0
1
1
394455
1
0
0
1
394955
2
0
1
0
395455
1
0
0
0
395955
0
0
0
1
395955
2
0
1
1
397955
1
2
0
0
398455
2
2
1
0
398955
0
0
0
6
399455
3
0
1
7
399955
0
1
0
0
399955
3
1
1
0
401955
2
0
1
1
402455
1
0
0
1
402955
3
2
1
5
403455
2
2
0
5
403955
0
0
1
2
403955
0
1
0
2
405955
3
0
1
7
406455
2
0
0
7
406955
2
2
1
0
407455
1
2
0
0
407955
1
0
0
1
407955
2
0
1
1
408955
0
2
0
0
408955
1
2
1
0
409955
2
0
1
1
410288
1
0
0
1
410622
2
0
1
0
410955
1
0
0
0
411288
2
0
1
1
411622
0
0
0
1
411955
1
1
0
5
411955
3
1
1
5
413955
1
0
0
1
414288
2
0
1
1
414622
1
0
0
0
414955
2
0
1
0
415288
1
0
0
1
415622
3
0
1
1
415955
0
1
0
4
415955
2
1
1
4
417955
0
0
0
1
418288
1
0
1
1
418622
0
0
0
0
418955
1
0
1
0
419289
0
0
0
1
419622
1
0
1
1
419955
0
1
0
0
419955
2
1
1
0
421955
3
0
1
1
422288
2
0
0
1
422622
3
0
1
0
422955
2
0
0
0
423288
3
0
1
1
423622
2
0
0
1
423955
1
1
0
0
423955
3
1
1
0
425955
1
0
0
1
425955
2
0
1
1
426955
1
2
0
0
426955
2
2
1
0
427955
0
0
0
6
427955
3
0
1
7
429955
0
0
1
2
429955
0
1
0
2
430955
2
2
0
5
430955
3
1
1
5
431955
0
0
0
6
431955
1
1
0
6
433955
3
0
0
3
433955
3
1
1
3
434955
0
1
0
4
434955
1
2
1
4
435955
2
1
1
7
435955
3
0
1
7
