Get Schwifty
Andromulus Remix
200
17633
1
0
0
1
17633
2
0
1
1
25633
2
2
1
0
25633
1
2
0
0
33633
1
0
0
1
35633
2
0
1
1
36633
1
0
0
1
39633
3
0
1
7
39633
0
0
0
6
41633
2
0
1
1
43633
1
0
0
1
44633
2
0
1
1
47633
3
1
1
3
47633
0
1
0
2
49633
1
0
0
1
51633
3
1
1
3
52633
0
2
0
0
55633
3
2
1
5
57633
2
0
1
1
59633
0
1
0
2
60633
3
0
1
1
63633
0
1
0
2
63633
3
1
1
3
65633
2
0
1
1
67633
1
0
0
0
68633
2
0
1
0
70633
0
0
0
1
71633
1
0
1
1
72633
0
0
0
0
73633
1
1
0
1
73633
2
0
1
0
75633
2
0
1
1
76633
1
0
0
0
78633
3
0
1
0
79633
2
0
0
1
80633
3
0
1
1
81633
2
2
1
0
81633
1
2
0
0
83633
1
0
0
1
84633
2
0
1
1
86633
0
0
0
0
87633
1
0
1
0
88633
0
0
0
1
89633
1
0
0
0
89633
2
1
1
1
91633
2
0
1
0
92633
1
0
0
1
94633
3
0
1
1
95633
2
0
0
0
96633
3
0
1
0
97633
2
0
1
1
97633
1
0
0
1
102633
1
0
0
1
103633
2
0
1
1
105633
2
0
1
1
105633
1
0
0
1
109633
1
0
0
3
109633
1
1
1
3
113633
2
2
1
0
113633
1
2
0
0
118633
1
0
0
2
119633
2
0
1
3
121633
2
0
1
1
121633
1
0
0
1
125633
2
1
0
2
125633
2
0
1
2
129633
0
0
0
6
131633
3
0
1
7
133633
1
0
0
1
135633
2
0
1
1
137633
0
0
0
6
138633
3
0
1
7
139633
1
0
0
1
140633
2
0
1
1
141633
0
0
0
6
142633
3
0
1
7
143633
1
0
0
1
144633
2
0
1
1
145633
1
0
0
1
146133
2
0
1
1
146633
1
1
0
0
147133
2
1
1
0
147633
1
0
0
1
148133
2
0
1
1
148633
1
1
0
0
149133
2
1
1
0
149633
1
0
0
1
150133
2
0
1
1
150633
1
1
0
0
151133
2
1
1
0
151633
1
0
0
1
152133
2
0
1
1
152633
1
1
0
0
153133
2
1
1
0
153633
1
0
0
1
161633
3
0
1
7
161633
0
0
0
6
163633
2
0
0
7
164633
1
0
1
6
165633
0
1
0
0
166633
3
1
1
0
167633
1
2
0
1
167633
2
2
1
1
169633
3
0
0
3
170633
3
2
1
0
171633
0
2
0
2
172633
1
0
1
1
173633
0
0
0
1
174633
0
1
0
0
175633
0
0
0
1
177633
3
2
1
5
177633
0
2
0
4
179633
2
0
0
7
180633
1
0
1
6
181633
3
1
1
3
182633
0
1
0
2
183633
3
1
1
3
185633
0
1
0
2
187133
1
0
0
1
187633
2
0
1
1
188633
1
2
0
0
190633
3
2
1
0
191633
3
0
1
1
192633
2
1
0
3
198633
0
1
0
2
198633
3
1
1
3
199633
2
0
1
1
199633
1
0
0
1
201633
3
2
1
0
202633
3
0
1
1
203133
2
0
0
1
203633
3
0
1
0
204633
3
0
1
1
205133
2
0
0
1
205633
3
0
1
0
206633
1
1
0
0
207633
2
0
1
1
209633
0
0
0
1
210633
0
1
0
0
211633
3
0
1
1
212633
3
1
1
0
213633
0
1
0
2
214633
3
1
1
3
215633
1
2
0
0
215633
2
2
1
0
217633
3
0
1
3
219633
2
0
0
3
220633
1
0
1
2
221633
2
2
1
0
222633
2
0
1
1
222633
1
0
0
1
223633
0
1
0
0
223633
3
1
1
0
224633
2
2
1
1
224633
1
2
0
1
233633
3
0
1
3
234633
0
0
0
2
237633
0
0
0
2
238633
3
0
1
3
241633
0
1
0
0
245633
3
1
1
0
249633
0
0
0
2
250633
3
0
1
3
251633
0
1
0
2
257633
0
1
0
0
259633
1
0
0
1
262633
3
1
1
0
263633
2
0
1
1
265633
1
2
0
0
266633
3
1
1
3
267633
2
0
0
1
268633
1
1
1
2
269633
1
2
0
0
270633
3
1
1
3
271633
2
0
0
1
273633
3
1
1
0
275633
1
0
1
1
278633
0
1
0
0
279633
2
0
0
1
281633
0
1
0
2
282633
1
0
1
1
283633
3
1
0
3
284633
2
0
1
1
285633
0
0
0
2
286633
3
1
1
3
287633
0
2
0
2
288633
2
0
0
1
288633
1
0
1
1
305633
3
1
1
3
305633
3
0
0
3
313633
0
1
0
2
313633
0
0
1
2
321633
3
0
1
7
322633
0
0
0
6
326633
0
2
0
0
328633
1
0
1
1
329633
3
1
1
3
334633
3
1
1
3
336633
1
0
0
1
337633
0
2
0
0
342633
0
1
1
2
342633
0
2
0
2
344633
2
0
0
1
345633
3
0
1
7
347633
3
2
1
0
347633
0
2
0
0
349633
2
0
0
1
349633
1
0
1
1
350633
3
2
1
5
350633
0
2
0
4
352633
0
0
0
6
353633
3
0
1
7
358633
3
1
1
3
358633
0
1
0
2
360633
2
1
0
7
361633
1
1
1
6
366633
3
1
1
0
366633
0
1
0
0
368633
1
0
0
1
369633
2
0
1
1
374633
3
2
1
0
374633
0
2
0
0
376633
2
0
0
1
377633
1
0
1
1
379633
2
0
0
1
381633
1
0
1
1
382633
3
1
1
0
382633
0
1
0
0
385633
0
1
0
2
387133
2
0
1
1
387633
1
0
0
1
388633
2
0
1
0
389633
0
1
0
2
391133
2
0
1
1
391633
1
0
0
1
392633
2
0
1
0
393633
3
1
0
3
395133
1
0
0
1
395633
2
0
1
1
396633
1
0
0
0
397633
0
1
1
2
399133
1
0
0
1
399633
2
0
1
1
400633
1
0
0
0
401633
3
1
1
3
403133
2
0
1
1
403633
1
0
0
1
404633
0
1
0
2
405633
3
0
1
1
407133
1
0
0
1
407633
2
0
1
1
408633
3
1
0
3
409633
2
0
1
1
411633
2
1
1
0
411633
1
1
0
0
413633
3
0
1
1
414633
1
2
0
0
416633
0
1
0
1
417633
3
1
1
1
419133
1
0
0
0
419633
2
0
1
0
420633
0
0
0
1
421633
3
0
1
1
423133
1
0
0
0
423633
2
0
1
0
424633
0
0
0
1
425633
3
0
1
1
427133
1
0
0
0
427633
2
0
1
0
428633
0
0
0
1
429633
3
0
1
1
431133
1
0
0
0
431633
2
0
1
0
432633
0
1
0
2
433633
3
1
1
3
435133
0
0
0
0
435633
3
0
1
0
436633
1
2
0
1
437633
2
2
1
1
439133
0
0
0
0
439633
3
0
1
0
440633
1
2
0
1
441633
2
2
1
1
443633
3
0
1
3
445633
0
0
0
2
446633
0
1
0
3
448633
2
1
0
0
448633
1
1
1
0
449633
0
0
0
1
449633
3
0
1
1
457633
3
1
0
3
457633
3
2
1
3
465633
0
1
1
2
465633
0
2
0
2
473633
0
0
0
6
473633
3
2
1
5
481633
3
0
1
7
481633
0
2
0
4
485633
3
1
1
1
485633
2
1
0
1
489633
1
1
1
1
489633
0
1
0
1
493633
3
0
1
1
493633
2
0
0
1
497633
1
0
1
1
497633
0
0
0
1
513633
0
2
0
2
514633
0
1
1
2
515633
1
0
0
1
516633
2
0
1
1
517633
3
1
0
3
518633
3
2
1
3
519633
1
0
0
1
520633
2
0
1
1
521633
0
2
0
2
522633
0
1
1
2
523633
1
0
0
1
524633
2
0
1
1
525633
3
1
0
3
526633
3
2
1
3
527633
1
2
0
0
528633
2
2
1
0
529633
0
2
0
2
530633
0
1
1
2
531633
1
0
0
1
532633
2
0
1
1
533633
3
1
0
3
534633
3
2
1
3
535633
1
0
0
1
536633
2
0
1
1
537633
0
0
0
1
538133
3
0
1
1
538633
0
1
0
0
539133
3
1
1
0
539633
0
0
0
1
540133
3
0
1
1
540633
0
1
0
0
541133
3
1
1
0
541633
1
0
0
1
542633
2
0
1
1
543633
1
1
0
3
545633
2
2
1
0
545633
1
2
0
0
546633
0
0
0
1
547633
3
0
1
1
548633
0
2
0
2
549633
3
2
1
3
550633
2
0
0
1
551633
1
0
1
1
552633
3
1
0
3
553633
0
0
0
1
554633
1
0
1
1
555633
1
1
0
0
556633
2
1
1
0
557633
0
1
0
2
558633
3
1
1
3
559633
2
1
0
0
560633
3
1
1
3
561633
1
0
0
1
562633
2
0
1
1
563633
3
1
0
3
564633
0
1
1
2
565633
2
0
1
1
566633
2
1
1
0
567633
1
0
0
1
568633
1
1
0
0
569633
3
0
1
1
570633
3
1
1
0
571633
0
0
0
1
572633
0
1
0
0
577633
0
0
0
1
578633
3
0
1
1
579633
1
0
0
1
580633
2
0
1
1
581633
0
1
0
2
582633
3
1
1
3
583633
3
1
0
3
584633
0
1
1
2
585633
1
0
0
1
586633
2
0
1
1
587633
0
1
0
0
588633
3
1
1
0
589633
0
1
0
2
590633
1
0
0
1
591633
2
0
1
1
592633
1
0
0
1
593633
3
0
1
1
594133
3
1
1
0
594633
3
0
1
1
595633
0
1
0
2
596633
3
1
1
3
597633
1
2
0
0
598633
2
0
1
1
599633
1
0
0
1
600633
2
0
1
1
601633
3
1
1
3
601633
0
1
0
2
602633
1
0
0
1
602633
2
0
1
1
603633
2
2
1
0
603633
1
2
0
0
604633
1
0
0
1
605633
2
0
1
1
606633
0
0
0
1
607633
0
1
0
0
608633
0
0
0
1
609633
3
1
1
3
611633
0
1
0
2
612633
1
2
1
0
613633
2
2
0
0
614633
3
1
1
3
615633
2
0
0
1
616633
1
0
1
1
617633
0
1
0
2
618633
3
1
1
3
619633
0
1
0
2
620633
3
1
1
3
621633
2
0
1
1
622633
1
2
0
0
623633
1
0
0
1
624633
2
2
1
0
625633
2
0
1
1
625633
1
0
0
1
627633
3
1
1
3
628633
2
2
0
0
629633
1
2
1
0
630633
0
1
0
2
631633
1
0
1
1
632633
2
0
0
1
633633
3
1
1
3
634633
0
1
0
2
635633
3
1
1
3
636633
0
1
0
2
641633
1
2
0
1
641633
2
2
1
1
644633
2
0
0
3
647633
2
0
1
2
649633
0
0
1
2
649633
0
1
0
2
652633
1
0
0
3
655633
1
0
1
2
657633
3
0
0
3
657633
3
1
1
3
660633
1
0
0
6
663633
1
1
1
2
665633
1
2
0
0
665633
2
2
1
0
668633
3
1
1
3
668633
3
0
0
7
671633
0
1
0
2
671633
0
0
1
6
673633
3
0
1
7
673633
0
0
0
6
676633
0
2
0
4
676633
0
1
1
2
679633
3
1
0
3
679633
3
2
1
5
681633
2
0
1
0
681633
1
0
0
0
684633
2
2
1
0
684633
0
1
0
2
687633
1
2
0
0
687633
3
1
1
3
689633
1
2
0
1
692633
2
2
1
1
695633
1
0
0
1
697633
2
0
1
1
698633
0
0
0
1
699633
3
0
1
1
700633
0
1
0
2
701633
3
1
1
3
702633
0
2
0
0
703633
3
2
1
0
704633
2
0
0
1
705633
1
0
1
1
710633
0
0
1
2
710633
0
1
0
2
712633
2
0
0
7
713633
3
0
1
7
718633
3
1
1
3
718633
3
0
0
3
720633
1
0
1
6
721633
0
0
0
6
726633
2
2
1
4
726633
1
2
0
5
728633
0
0
0
1
729633
3
0
1
1
731633
2
0
1
1
731633
1
0
0
1
733633
0
1
0
0
734633
3
1
1
0
736633
1
0
0
1
737633
2
0
1
1
742633
0
0
0
2
742633
3
0
1
3
744633
3
1
1
0
744633
0
1
0
0
745633
1
0
1
6
745633
2
0
0
7
750633
0
2
0
4
750633
3
2
1
5
752633
2
0
0
1
752633
1
0
1
1
753633
0
0
0
0
753633
3
0
1
0
758633
0
0
0
6
758633
3
0
1
7
760633
3
1
0
3
761633
0
1
1
2
769633
1
0
1
6
770633
0
0
0
6
771633
3
1
1
0
772633
0
1
0
2
773633
3
1
1
3
774633
1
2
0
0
775633
0
0
0
1
777633
3
1
1
3
778633
2
0
1
1
779133
1
0
0
1
779633
2
0
1
0
780633
1
0
1
1
781133
0
0
0
1
781633
1
0
1
0
782633
2
1
0
3
783633
3
2
1
3
785633
0
0
0
1
786633
3
0
1
1
787633
0
1
0
2
788633
3
0
1
1
789633
1
0
0
1
790633
0
1
1
2
791633
1
2
0
0
793633
3
0
1
1
793633
2
0
0
1
795633
0
0
0
1
795633
1
0
1
1
797633
0
0
0
1
798633
3
0
1
1
800633
0
2
0
0
801633
2
0
0
1
802633
3
1
1
3
803633
1
0
0
1
804133
2
0
1
1
804633
1
1
0
0
805133
2
1
1
0
805633
1
0
0
1
806633
2
0
1
1
807633
0
0
0
1
808633
3
0
1
1
809633
0
2
0
2
810633
3
2
1
3
811633
0
0
0
2
812633
3
0
1
3
813633
2
0
1
1
813633
1
0
0
1
814633
2
2
1
0
814633
1
2
0
0
815633
0
0
0
1
815633
3
0
1
1
817633
0
0
0
1
818133
1
0
1
1
818633
0
0
0
0
819133
1
0
1
0
819633
0
0
0
1
820633
2
0
0
1
821133
3
0
1
1
821633
2
0
0
0
822133
3
0
1
0
822633
2
0
0
1
823633
1
0
0
1
824133
2
0
1
1
824633
1
0
0
0
825133
2
0
1
0
825633
1
0
0
1
826133
2
0
1
1
826633
1
0
0
0
827633
2
0
1
0
828633
0
1
0
2
829633
3
1
1
3
830633
0
2
0
0
831633
3
2
1
0
832633
0
0
0
6
833633
3
0
1
7
835633
2
2
1
0
835633
1
2
0
0
838633
3
1
0
3
840633
1
0
1
2
841633
0
1
0
2
843633
2
0
0
7
843633
3
1
1
7
846633
0
1
1
2
848633
2
0
0
3
849633
3
1
1
3
851633
1
0
1
6
851633
0
1
0
6
854633
0
1
0
2
856633
2
2
0
1
857633
3
2
1
1
859633
0
1
0
2
861633
1
0
1
1
862633
2
1
0
3
864633
3
0
1
1
865633
0
0
0
6
867633
2
0
0
1
867633
1
0
1
1
870633
3
0
1
7
872633
2
0
1
1
873633
0
0
0
1
875633
2
0
1
3
875633
1
1
0
2
878633
0
0
0
6
880633
1
0
0
1
881633
3
0
1
1
883633
3
1
0
3
883633
3
2
1
3
886633
2
0
1
1
886633
1
0
0
1
888633
0
0
0
6
889633
3
0
1
7
891633
2
1
1
0
891633
1
1
0
0
893633
0
0
0
2
894633
3
0
1
3
896633
3
2
1
0
896633
0
2
0
0
897633
1
0
0
1
897633
2
0
1
1
914633
2
2
0
0
914633
1
2
1
0
