Jaroslav Beck
Beat Saber
166
8000
2
0
1
1
14000
3
0
1
0
16000
1
2
1
8
20000
2
0
1
3
24000
3
0
1
1
30000
1
0
1
3
32000
2
0
1
2
36000
0
0
1
1
40000
0
0
1
2
42000
2
0
1
3
44000
1
0
1
2
46000
3
0
1
3
48000
1
0
1
1
50000
0
1
1
2
52000
2
0
1
1
54000
3
1
1
3
56000
3
0
1
0
57000
2
0
1
1
58000
3
0
1
3
59000
2
0
1
2
60000
1
0
1
1
61000
0
0
1
0
62000
2
0
1
3
63000
1
0
1
2
64000
2
0
1
1
64500
1
0
1
0
65000
2
0
1
1
65500
1
0
1
0
66000
3
0
1
1
66500
1
0
1
0
67000
2
0
1
1
67500
0
0
1
0
70000
2
2
1
8
72000
0
0
1
1
73000
2
0
1
0
73500
3
0
1
1
74000
2
0
1
0
75000
1
0
1
2
76000
0
0
1
1
77000
2
0
1
0
77500
3
0
1
1
78000
2
0
1
0
79000
1
0
1
2
80000
0
0
1
1
81000
3
1
1
3
82000
3
0
1
1
83000
3
0
1
0
83500
2
0
1
1
84000
1
0
1
0
85000
0
0
1
1
85500
1
0
1
0
86500
0
0
1
1
87000
3
0
1
3
87500
2
0
1
0
88000
1
0
1
1
89000
2
0
1
0
89500
3
0
1
1
90000
2
0
1
0
91000
1
0
1
2
92000
0
0
1
1
93000
2
0
1
0
93500
3
0
1
1
94000
2
0
1
0
95000
1
0
1
1
96000
2
0
1
0
97000
1
0
1
1
97500
2
0
1
0
98500
0
0
1
2
99000
2
1
1
3
99500
2
0
1
1
100000
1
0
1
0
102000
3
1
1
0
104000
0
0
1
2
105000
2
0
1
0
105500
3
0
1
1
106000
2
0
1
0
107000
1
0
1
2
108000
0
0
1
1
109000
2
0
1
0
109500
3
0
1
1
110000
2
0
1
0
111000
1
0
1
2
112000
0
0
1
1
113000
3
1
1
3
114000
3
0
1
1
115000
3
0
1
0
115500
2
0
1
1
116000
1
0
1
0
117000
0
0
1
1
117500
1
0
1
0
118500
0
0
1
1
119000
3
0
1
3
119500
1
0
1
0
120000
0
0
1
1
121000
2
0
1
0
121500
3
0
1
1
122000
2
0
1
0
123000
1
0
1
2
124000
0
0
1
1
125000
2
0
1
0
125500
3
0
1
1
126000
2
0
1
0
127000
1
0
1
1
128000
2
0
1
0
129000
1
0
1
1
129500
2
0
1
0
130500
0
0
1
2
131000
3
0
1
3
131500
2
0
1
1
132000
1
0
1
0
134000
3
1
1
0
136000
2
0
3
1
136000
3
0
1
1
138000
2
0
1
0
139000
0
0
1
2
141000
0
1
1
2
144000
1
0
3
1
144000
2
0
1
0
146000
3
0
1
1
147000
0
0
1
2
149000
0
0
1
1
150000
2
0
1
0
152000
2
0
3
1
152000
3
0
1
1
154000
2
0
1
1
155000
0
0
1
1
157000
0
0
1
2
158000
2
0
1
1
160000
1
0
3
1
160000
2
0
1
0
162000
3
0
1
1
163000
0
0
1
0
165000
3
0
1
3
166000
2
0
1
1
168000
3
0
1
1
170000
3
1
1
3
171000
2
0
1
1
173000
2
0
1
0
174000
3
0
1
3
176000
1
0
1
1
178000
1
1
1
3
179000
0
0
1
2
181000
0
0
1
1
182000
1
0
1
3
184000
3
0
1
3
186000
3
0
1
3
187000
0
0
1
2
189000
0
0
1
2
190000
3
0
1
3
192000
3
0
1
3
194000
3
0
1
3
195000
0
0
1
2
197000
0
0
1
2
198000
2
0
1
0
198500
1
0
1
1
199000
2
0
1
0
200000
1
0
1
1
201000
3
1
1
3
202000
0
0
1
2
203000
3
1
1
3
204000
2
0
1
1
205000
0
1
1
2
206000
3
0
1
3
207000
0
1
1
2
208000
1
0
1
1
209000
3
1
1
3
210000
0
0
1
2
211000
3
1
1
3
212000
2
0
1
1
213000
0
1
1
2
214000
3
0
1
3
215000
0
1
1
2
216000
1
0
1
1
217000
3
1
1
3
218000
0
0
1
2
219000
3
1
1
3
220000
2
0
1
1
221000
0
1
1
2
222000
3
0
1
3
223000
0
1
1
2
224000
2
0
1
1
225000
1
0
1
0
225500
2
0
1
1
226500
0
0
1
2
227000
3
0
1
1
227500
2
0
1
0
228000
1
0
1
1
230000
3
1
1
0
232000
0
0
1
1
233000
2
0
1
0
233500
3
0
1
1
234000
2
0
1
0
235000
1
0
1
2
236000
0
0
1
1
237000
2
0
1
0
237500
3
0
1
1
238000
2
0
1
0
239000
1
0
1
1
240000
0
0
1
2
241000
3
1
1
3
242000
3
0
1
1
243000
3
0
1
0
243500
2
0
1
1
244000
1
0
1
0
245000
0
0
1
1
245500
1
0
1
0
246500
0
0
1
2
247000
3
0
1
3
247500
2
0
1
0
248000
1
0
1
1
249000
2
0
1
0
249500
3
0
1
1
250000
2
0
1
0
251000
1
0
1
2
252000
0
0
1
1
253000
2
0
1
0
253500
3
0
1
1
254000
2
0
1
0
255000
1
0
1
1
256000
2
0
1
0
257000
1
0
1
1
257500
2
0
1
0
258500
0
0
1
2
259000
3
0
1
3
259500
2
0
1
0
260000
1
0
1
1
262000
3
1
1
0
264000
2
0
3
1
264000
3
0
1
1
265000
1
0
3
1
265000
3
0
3
1
272000
1
0
3
1
272000
2
0
1
0
273000
0
0
3
1
273000
2
0
3
1
280000
2
0
3
1
280000
3
0
1
1
281000
1
0
3
1
281000
3
0
3
1
288000
1
0
3
1
288000
2
0
1
0
289000
0
0
3
1
289000
2
0
3
1
296000
2
0
3
1
296000
3
0
1
1
