Paul
   18.   
   29.   
87101.   
 009.000
 000.180
1S13
 000.000
 005.000
 001.000
 000.000
 002.000
 002.000
 001.000
 002.000
 002.000
 002.000
 002.000
 002.000
 001.000
 001.000
 001.000
 001.000
 001.000
 001.000
 001.000
 001.000
 001.000
 001.000
 001.000
 001.000
 001.000
 003.000
 105.000
 000.000
 001.000
 000.000
-001.000
 000.000
 000.000
 000.000
 000.000
 001.000
 003.000
 000.000
 000.000
 000.000
 020.000
 115.000
 000.000
 000.000
 000.000
 000.000
 001.000
 000.000
-001.000
 000.000
