Paul
   23.   
   54.   
87008.   
 016.000
 000.180
1S26
 000.000
 005.000
 001.000
 000.000
 002.000
 002.000
 001.000
 002.000
 002.000
 002.000
 002.000
 002.000
 002.000
 002.000
 002.000
 002.000
 001.000
 002.000
 002.000
 002.000
 001.000
 002.000
 001.000
 001.000
 001.000
 004.000
 098.000
 000.000
 001.000
 000.000
 000.000
 000.000
 000.000
 000.000
 000.000
 001.000
 003.000
 000.000
 000.000
 000.000
 020.000
 000.000
 999.00
 000.00
 000.00
 000.00
 001.00
 000.00
-001.00
 000.00
