Paul
   12.   
   39.   
87027.   
 009.000
 000.180
1S75
 000.000
 005.000
 001.000
 000.000
 001.000
 001.000
 002.000
 001.000
 002.000
 002.000
 002.000
 002.000
 002.000
 002.000
 002.000
 002.000
 001.000
 001.000
 001.000
 001.000
 001.000
 002.000
 002.000
 001.000
 001.000
 001.000
 080.000
 000.000
 001.000
 000.000
-001.000
 000.000
 000.000
 000.000
 000.000
 001.000
 003.000
 000.000
 000.000
 000.000
 020.000
 115.000
 999.00
 000.00
 000.00
 000.00
 001.00
 000.00
-001.00
 000.00
