Paul
   17.   
   24.   
87030.   
 009.000
 000.180
1S89
 000.000
 005.000
 001.000
 000.000
 001.000
 001.000
 002.000
 002.000
 002.000
 002.000
 002.000
 002.000
 002.000
 001.000
 002.000
 002.000
 001.000
 002.000
 002.000
 002.000
 001.000
 002.000
 002.000
 002.000
 001.000
 001.000
 095.000
 000.000
 001.000
 000.000
-001.000
 000.000
 000.000
 000.000
 000.000
 001.000
 003.000
 000.000
 000.000
 000.000
 020.000
 115.000
 999.00
 000.00
 000.00
 000.00
 001.00
 000.00
-001.00
 000.00
