Paul
   18.   
   29.   
87101.   
 010.000
 000.180
1S94
 000.000
 005.000
 001.000
 000.000
 002.000
 001.000
 001.000
 002.000
 002.000
 002.000
 002.000
 002.000
 001.000
 001.000
 001.000
 001.000
 001.000
 001.000
 001.000
 001.000
 001.000
 002.000
 002.000
 002.000
 001.000
 002.000
 105.000
 000.000
 001.000
 000.000
 000.000
 000.000
 000.000
 000.000
 000.000
 001.000
 000.000
 000.000
 000.000
 000.000
 020.000
 115.000
 000.000
 000.000
 000.000
 000.000
 001.000
 000.000
 000.000
 000.000
