SIZE 7
 2
 1
 0
-2
-2
-2
 24
 24
 24
 24
 24
-2
-2
-2
-2
-2
-2
-2
-2
-2
-2
-2
-2
 24
-1
-1
-1
 24
-2
-2
-2
-2
-2
-2
-2
-2
-2
-2
-2
-2
 24
-1
-1
-1
 24
-2
-2
-2
-2
-2
-2
-2
-2
-2
-2
-2
-2
 24
-1
-1
-1
 24
-2
-2
-2
-2
-2
-2
-2
-2
-2
-2
-2
-2
 24
-1
-1
-1
-1
 24
-2
-2
-2
-2
-2
-2
-2
-2
-2
-2
-2
 24
-1
-1
-1
-1
 24
-2
-2
-2
-2
-2
-2
-2
-2
-2
-2
-2
 24
-1
 3
 0
-1
-1
 24
 24
 24
 24
-2
-2
-2
-2
-2
-2
 24
-1
-1
 3
 3
-1
-1
-1
-1
-1
-1
 24
-2
-2
-2
-2
-2
 24
-1
-1
 5
 14
-1
-1
-1
-1
-1
-1
-1
 24
-2
-2
-2
-2
 24
 4
 4
 24
 24
 24
-1
 1
 4
-1
 2
 13
 24
-2
-2
-2
-2
 24
 24
 24
 24
-2
-2
 24
 24
 24
 24
 24
 24
 24
-2
-2
-2
