THE SUMIT
 3
 4
 5
-2
-2
-2
-2
-2
-2
-2
-2
-2
-2
-2
-2
-2
-2
-2
-2
-2
-2
-2
-2
-2
-2
-2
-2
 24
 24
-2
-2
-2
-2
-2
-2
-2
-2
-2
-2
-2
-2
-2
-2
 24
-1
-1
 24
-2
-2
-2
-2
-2
-2
-2
-2
-2
-2
-2
-2
 24
-1
-1
-1
-1
 24
-2
-2
-2
-2
-2
-2
-2
-2
-2
-2
-2
 24
-1
 8
 13
-1
 24
-2
-2
-2
-2
-2
-2
-2
-2
-2
-2
 24
-1
-1
 13
 2
-1
-1
 24
-2
-2
-2
-2
-2
-2
-2
-2
-2
 24
-1
-1
 2
 4
-1
-1
 24
-2
-2
-2
-2
-2
-2
-2
-2
-2
 24
-1
-1
 1
 3
-1
-1
 24
-2
-2
-2
-2
-2
-2
-2
-2
 24
 0
-1
 3
 0
 3
 3
-1
 1
 24
-2
-2
-2
-2
-2
-2
 24
 24
 24
 24
 24
 24
 24
 24
 24
 24
 24
 24
-2
-2
-2
-2
-2
-2
-2
-2
-2
-2
-2
-2
-2
-2
-2
-2
-2
-2
-2
-2
-2
