THE NORTH POLE
 1
 2
 4
-2
-2
-2
-2
-2
-2
-2
-2
-2
-2
-2
-2
-2
-2
-2
-2
-2
-2
-2
-2
-2
-2
-2
-2
 24
 24
-2
-2
-2
-2
-2
-2
-2
-2
-2
-2
-2
-2
-2
-2
 24
 15
-1
 24
-2
-2
-2
-2
-2
-2
-2
-2
-2
-2
-2
-2
-2
 24
 0
-1
 24
-2
-2
-2
-2
-2
-2
-2
-2
-2
-2
-2
-2
-2
-2
 24
 24
-2
-2
-2
-2
-2
-2
-2
-2
-2
-2
-2
-2
-2
-2
 24
 2
 5
 24
-2
-2
-2
-2
-2
-2
-2
-2
-2
-2
-2
-2
-2
 24
 24
 4
 24
-2
-2
-2
-2
-2
-2
-2
-2
-2
-2
-2
-2
-2
 24
-1
 3
 24
-2
-2
-2
-2
-2
-2
-2
-2
-2
-2
-2
-2
-2
 24
-1
 24
 24
-2
-2
-2
-2
-2
-2
-2
-2
-2
-2
-2
-2
-2
 24
 15
 14
 24
-2
-2
-2
-2
-2
-2
-2
-2
-2
-2
-2
-2
-2
 24
 24
 24
 24
-2
-2
-2
-2
-2
-2
-2
-2
