THE KILLER PLANTS
 1
 3
 0
-2
-2
-2
-2
-2
-2
-2
-2
-2
-2
-2
-2
-2
-2
-2
-2
-2
-2
-2
-2
-2
-2
-2
-2
-2
-2
-2
 24
-2
 24
-2
-2
-2
-2
-2
-2
-2
-2
-2
-2
-2
 24
-2
-2
-2
 24
-2
-2
-2
 24
-2
-2
-2
-2
 24
 24
 24
-2
-2
 24
 24
 24
 24
 24
 24
 24
-2
-2
-2
 24
 24
-1
-1
 9
 24
-2
 24
 6
-1
 24
 6
 5
 24
-2
-2
 24
 0
 4
-1
-1
 24
-2
-2
-2
 24
-1
-1
 14
 24
-2
-2
-2
 24
 24
 24
-1
-1
 13
 24
-2
-2
-2
 24
 0
 24
-2
-2
-2
-2
 24
-2
-2
 24
 24
 24
-2
-2
-2
-2
 24
 3
 24
-2
-2
 24
-2
 24
-2
-2
-2
-2
-2
-2
-2
-2
-2
-2
 24
-2
-2
 24
 24
 24
 24
-2
-2
-2
-2
-2
-2
-2
-2
-2
-2
 24
-2
-2
-2
 24
-2
 24
-2
-2
-2
-2
-2
-2
-2
-2
-2
-2
 24
-2
-2
-2
 24
-2
-2
