THE FALLS
 2
 0
 0
 24
 24
 24
 24
 24
 24
-2
-2
-2
-2
-2
 24
 24
 24
 24
 24
 24
 24
 8
-1
 4
 3
-1
 24
 24
 24
 24
 24
 6
-1
-1
 4
-1
 24
 24
 24
 24
 24
 24
-1
-1
 2
-1
-1
-1
 10
 24
 24
 24
 24
 24
-2
-2
-2
-2
-2
 24
-1
 24
-1
 1
-1
 24
-2
-2
-2
-2
-2
-2
-2
-2
-2
-2
 24
-1
 24
-1
 24
-1
 24
-2
-2
-2
-2
-2
-2
-2
-2
-2
-2
 24
-1
-1
-1
 24
-1
 24
-2
-2
-2
-2
-2
-2
-2
-2
-2
-2
 24
-1
-1
 5
-1
-1
 24
-2
-2
-2
-2
-2
-2
-2
-2
-2
-2
 24
-1
-1
 24
-1
-1
 24
-2
-2
-2
-2
-2
-2
-2
-2
-2
 24
 24
-1
-1
 24
-1
-1
 24
 24
-2
-2
-2
-2
-2
-2
-2
 24
-1
-1
-1
-1
-1
-1
-1
-1
-1
 24
-2
-2
-2
-2
-2
-2
 24
 24
 24
 24
 24
 24
 24
 24
 24
 24
 24
-2
-2
-2
-2
