HELLO GRANDMA
 2
 1
 5
-2
-2
-2
 24
 24
 24
 24
-2
-2
-2
 24
 24
 24
 24
-2
-2
-2
-2
-2
 24
-1
-1
-1
-1
 24
 24
 24
-1
-1
 12
-1
 24
-2
-2
-2
 24
-1
 3
 24
 24
-1
-1
 2
-1
 1
 24
 24
 3
-1
 24
-2
-2
 24
-1
 24
-1
 9
 24
-1
 24
-1
 24
 8
-1
 24
-1
 24
-2
-2
 24
-1
 24
-1
 6
 24
 4
 24
-1
 24
 7
-1
 24
-1
 24
-2
-2
 24
 0
-1
 24
 24
-1
 11
 24
-1
-1
 24
 24
-1
 5
 24
-2
-2
-2
 24
 3
-1
-1
 2
 24
 24
 24
 0
-1
-1
-1
 24
-2
-2
-2
-2
-2
 24
-1
-1
 24
 24
 7
 24
 24
-1
-1
 24
-2
-2
-2
-2
-2
-2
-2
 24
 24
 24
-1
 12
-1
 24
 24
 24
-2
-2
-2
-2
-2
-2
-2
-2
-2
-2
 24
 2
 24
 0
 24
-2
-2
-2
-2
-2
-2
-2
-2
-2
-2
-2
-2
-2
 24
 24
 24
-2
-2
-2
-2
-2
-2
-2
-2
