THE MUD TRIBE VILLAGE
 1
 4
 5
-2
-2
-2
-2
-2
-2
-2
-2
-2
-2
-2
-2
-2
-2
-2
-2
-2
-2
-2
-2
-2
-2
-2
-2
-2
-2
-2
-2
-2
-2
-2
-2
-2
-2
-2
 24
 24
-2
-2
-2
 24
 24
 24
 24
-2
-2
-2
 24
 24
-2
-2
 24
 24
 24
 24
-2
 24
 24
-1
 15
 24
 24
-2
 24
 24
 24
 24
-2
 24
-1
 8
 24
-2
 24
-1
 13
 13
-1
 24
-2
 24
 8
-1
 24
-2
 24
-1
 3
 24
-2
 24
-1
 15
 24
-1
 24
-2
 24
 6
-1
 24
-2
 24
 4
 9
 24
-2
 24
-1
 6
 24
 5
 24
-2
 24
 7
 12
 24
-2
 24
 24
 24
 24
-2
 24
 24
 24
 24
 24
 24
-2
 24
 24
 24
 24
-2
-2
-2
-2
-2
-2
-2
-2
-2
-2
-2
-2
-2
-2
-2
-2
-2
-2
-2
-2
-2
-2
-2
-2
-2
-2
-2
-2
-2
-2
-2
-2
-2
-2
-2
-2
-2
-2
-2
-2
-2
-2
-2
-2
-2
-2
-2
-2
-2
-2
-2
-2
-2
