 0
 0
 0
 0
 0
 1
 0
 0
 0
 0
 0
 0
 0
 0
 0
 0
 0
 0
 0
 0
 0
 0
 0
 0
 0
 0
 0
 0
 0
 0
 0
 0
 0
 0
 0
 0
 0
 0
 0
 0
 0
 0
 0
 0
 0
 0
 0
 0
 0
 0
 0
 0
 0
 0
 0
 1
 0
 0
 0
 0
 0
 0
 0
 0
 0
 0
 0
 0
 0
 0
 0
 0
 0
 0
 0
 0
 0
 0
 0
 0
 0
 0
 0
 0
 0
 0
 0
 0
 0
 0
 0
 0
 0
 0
 0
 0
 0
 0
 0
 0
 0
 2
 0
 1
 1
 1
 0
 0
 0
 0
 1
 1
 0
 1
 0
 0
 0
 0
 0
 0
 0
 0
 0
 0
 0
 0
 0
 0
 0
 0
 0
 0
 0
 0
 0
 0
 0
 0
 0
 0
 0
 0
 0
 0
 0
 0
 0
 0
 0
 0
 0
 0
 0
 0
 0
 0
 0
 1
 0
 0
 0
 0
 0
 0
 0
 0
 0
 0
 0
 0
 0
 0
 0
 0
 0
 0
 0
 0
 0
 0
 0
 0
 0
 0
 0
 0
 0
 0
 0
 0
 0
 0
 0
 0
 0
 0
 0
 0
 0
 0
 0
 0
 0
 0
 0
 0
 0
 0
 0
 0
 0
 0
 0
 0
 0
 0
 0
 0
 0
 0
 0
 0
 0
 0
 0
 0
 0
 0
 0
 0
 0
 0
 0
 0
 0
 0
 0
 0
 0
 0
 0
 0
 0
 0
 0
 0
 0
 0
 0
 0
 13
 8
 4
 6
 3
 5
 10
 3
 11
 6
 6
 2
 0
 0
 0
 0
 0
 0
 0
 0
 0
 0
 0
 0
 0
 0
 0
 0
 0
 0
 0
 0
 0
 0
 0
 0
 0
 0
 0
 0
 0
 0
 0
 0
 0
 0
 0
 0
 0
 0
 251903
 254720
 262143
 16263
 0
 0
 0
 0
 0
 0
 0
 0
 0
 0
 0
 0
 0
 0
 0
 0
0000000000000000
7006350000000000000000000000000100000000000000000000000000000000000000000000000000000000000000000000000000000000000000000000000000000000000000000000000000000000000000000000000000000000000000000000000000000000000000000000000000000000000000000000000000000000
 5
 5
 1
 22
 16
 7
11111100000000000001000000000000000000000000000000
 6303
begin
1110000000000000000000000
 2
 1
 3
-1
-1
-1
-1
-1
Bob
 8
 40
 54
 5838
 13
 3
 13
 6
 13
 7
 13
 6
 13
 6
000000000000
Turing
 2
 91
 52
 4734
 16
 7
 18
 1
 13
 7
 12
 3
 11
 2
000000000000
Sean
 3
 55
 35
 3389
 13
 3
 11
 2
 24
 15
 9
 4
 8
 12
000000000000
Eihko
 4
 77
 41
 3986
 14
 1
 16
 3
 15
 14
 10
 3
 10
 13
000000000000
Kira
 5
 0
 72
 4053
 6
 6
-10
 4
 10
 8
 21
 2
 19
 0
000000000000
Ruby
 20
 52
 71
 5618
 7
 3
 6
 1
 19
 12
 16
 7
 17
 12
000000000000
Carter
 24
 62
 35
 2754
 16
 3
 15
 3
 11
 10
 14
 8
 9
 5
000000000000
-1
-1
-1
-1
-1
-1
-1
-1
-1
-1
-1
-1
-1
-1
-1
-1
