3DG1
72
-0.5399 17 12.9888 
-0.5399 19 12.9888 
-9.603 17 8.7626 
-9.603 19 8.7626 
0.5399 17 -12.9888 
9.603 17 -8.7626 
9.603 19 -8.7626 
0.5399 19 -12.9888 
-0.5399 15 12.9888 
9.603 15 -8.7626 
-9.603 15 8.7626 
0.5399 15 -12.9888 
-7.4899 15 4.2311 
-6.0107 15 1.059 
-6.0107 17 1.059 
-7.4899 17 4.2311 
-3.0524 15 -5.2852 
-1.5732 15 -8.4572 
-1.5732 17 -8.4572 
-3.0524 17 -5.2852 
-0.5399 13 12.9888 
-9.603 13 8.7626 
0.5399 13 -12.9888 
9.603 13 -8.7626 
9.603 9 -8.7626 
9.603 11 -8.7626 
0.5399 9 -12.9888 
0.5399 11 -12.9888 
-0.5399 9 12.9888 
-9.603 9 8.7626 
-9.603 11 8.7626 
-0.5399 11 12.9888 
-1.5732 11 -8.4572 
-1.5732 13 -8.4572 
-6.0107 11 1.059 
-3.0524 11 -5.2852 
-3.0524 13 -5.2852 
-6.0107 13 1.059 
-7.4899 11 4.2311 
-7.4899 13 4.2311 
9.603 5 -8.7626 
9.603 7 -8.7626 
0.5399 5 -12.9888 
0.5399 7 -12.9888 
-0.5399 5 12.9888 
-9.603 5 8.7626 
-9.603 7 8.7626 
-0.5399 7 12.9888 
-1.5732 7 -8.4572 
-1.5732 9 -8.4572 
-6.0107 7 1.059 
-3.0524 7 -5.2852 
-3.0524 9 -5.2852 
-6.0107 9 1.059 
-7.4899 7 4.2311 
-7.4899 9 4.2311 
9.603 1 -8.7626 
9.603 3 -8.7626 
0.5399 1 -12.9888 
0.5399 3 -12.9888 
-0.5399 1 12.9888 
-9.603 1 8.7626 
-9.603 3 8.7626 
-0.5399 3 12.9888 
-1.5732 3 -8.4572 
-1.5732 5 -8.4572 
-6.0107 3 1.059 
-3.0524 3 -5.2852 
-3.0524 5 -5.2852 
-6.0107 5 1.059 
-7.4899 3 4.2311 
-7.4899 5 4.2311 
4 1 3 2 0 201
4 3 7 4 2 204
4 7 6 5 4 201
4 0 2 10 8 64
4 4 5 9 11 64
4 2 15 12 10 64
4 14 19 16 13 64
4 18 4 11 17 64
4 15 14 13 12 196
4 19 18 17 16 196
4 8 10 21 20 201
4 10 11 22 21 204
4 11 9 23 22 201
4 44 45 62 63 64
4 42 40 57 59 64
4 45 71 70 62 64
4 69 68 67 66 64
4 65 42 59 64 64
4 71 69 66 70 196
4 68 65 64 67 196
4 63 62 61 60 201
4 62 59 58 61 204
4 59 57 56 58 201
4 28 29 46 47 64
4 26 24 41 43 64
4 29 55 54 46 64
4 53 52 51 50 64
4 49 26 43 48 64
4 55 53 50 54 196
4 52 49 48 51 196
4 47 46 45 44 201
4 46 43 42 45 204
4 43 41 40 42 201
4 20 21 30 31 64
4 22 23 25 27 64
4 21 39 38 30 64
4 37 36 35 34 64
4 33 22 27 32 64
4 39 37 34 38 196
4 36 33 32 35 196
4 31 30 29 28 201
4 30 27 26 29 204
4 27 25 24 26 201
