3DG1
61
0 5.8 -105 
0 5.8 0 
0 13.2 45 
0 5.8 105 
0 13.2 105 
0 12.8 105 
0 12.8 45 
0 11 75 
0 11 74.6 
0 15 74.6 
0 15 75 
9 17 105 
9 17 45 
2 17 45 
2 17 105 
12 11 105 
0 11 105 
0 15 105 
12 15 105 
0 11 45 
12 11 45 
12 15 45 
0 15 45 
12 8 -105 
9 10 -105 
0 8 45 
0 8 0 
0 8 -105 
2 10 -105 
2 10 0 
0 4 105 
12 4 105 
12 8 105 
12 4 -105 
0 8 -65.4 
0 8 -25.4 
0 8 24.6 
0 4 24.6 
0 8 64.6 
0 4 64.6 
0 6.2 105 
0 4 65 
0 6.2 0 
0 4 25 
0 4 0 
0 4 -25.4 
0 4 -65.4 
0 4 -25 
0 4 -65 
0 6.2 -105 
0 8 105 
0 8 85 
0 11 85 
0 8 65 
0 11 65 
0 8 25 
0 8 -25 
0 8 -45 
0 8 -65 
0 8 -85 
0 4 -105 
4 15 16 50 32 196
4 17 22 19 16 -66
  2
    4 4 2 6 5 3
    4 10 9 8 7 3
4 11 14 17 18 9
4 13 12 21 22 9
4 14 13 22 17 11
4 18 17 16 15 204
4 22 21 20 19 204
4 28 24 23 27 9
4 19 29 26 25 11
4 29 28 27 26 11
4 32 50 30 31 196
4 27 23 33 60 204
4 50 26 44 30 -66
  3
    4 40 42 1 3 3
    4 55 36 37 43 3
    4 53 38 39 41 3
4 26 27 60 44 -66
  3
    4 42 49 0 1 3
    4 58 34 46 48 3
    4 56 35 45 47 3
4 16 52 51 50 170
4 52 54 53 51 170
4 54 19 25 53 170
