3DG1
50
6 12 0 
6 15 -105 
6 12 -105 
12 12 0 
6 15 0 
6 9 105 
6 12 105 
0 4 105 
12 4 105 
12 9 105 
12 12 -105 
12 9 -105 
12 4 -105 
0 9 -65.4 
0 9 -25.4 
0 9 24.6 
0 4 24.6 
0 9 64.6 
0 4 64.6 
0 6.7 105 
0 6.3 105 
0 4 65 
0 6.7 0 
0 6.3 0 
0 4 25 
0 4 0 
0 4 -25.4 
0 4 -65.4 
0 4 -25 
0 4 -65 
0 6.7 -105 
0 6.3 -105 
0 9 105 
0 9 85 
0 9 65 
0 9 45 
0 9 25 
0 9 0 
0 12 0 
0 9 -25 
0 12 -25 
0 9 -45 
0 12 -45 
0 9 -65 
0 12 -65 
0 9 -85 
0 12 -85 
0 12 -105 
0 9 -105 
0 4 -105 
4 6 0 37 32 11
4 4 1 47 38 11
4 1 10 2 47 9
4 4 38 37 3 9
4 6 32 5 9 9
4 9 32 7 8 196
4 47 10 11 48 204
4 48 11 12 49 196
4 32 37 25 7 -66
  3
    4 36 15 16 24 3
    4 34 17 18 21 3
    4 19 22 23 20 3
4 37 48 49 25 -66
  3
    4 43 13 27 29 3
    4 39 14 26 28 3
    4 22 30 31 23 3
4 38 40 39 37 145
4 40 42 41 39 145
4 42 44 43 41 145
4 44 46 45 43 145
4 46 47 48 45 145
