3DG1
54
3 14 0 
0 4 105 
3 14 105 
12 4 105 
12 9 105 
12 12 105 
9 14 105 
9 14 -105 
12 12 -105 
12 9 -105 
12 4 -105 
0 9 -65.4 
0 9 -25.4 
0 9 24.6 
0 4 24.6 
0 9 64.6 
0 4 64.6 
0 6.7 105 
0 6.3 105 
0 4 65 
0 6.7 0 
0 6.3 0 
0 4 25 
0 4 0 
0 4 -25.4 
0 4 -65.4 
0 4 -25 
0 4 -65 
0 6.7 -105 
0 6.3 -105 
0 9 105 
0 9 85 
0 12 85 
0 12 105 
0 9 65 
0 12 65 
0 9 45 
0 12 45 
0 9 25 
0 12 25 
0 9 0 
0 12 0 
0 9 -25 
0 12 -25 
0 9 -45 
0 12 -45 
0 9 -65 
0 12 -65 
0 9 -85 
0 12 -85 
3 14 -105 
0 12 -105 
0 9 -105 
0 4 -105 
4 4 30 1 3 196
4 5 33 30 4 204
4 6 2 33 5 9
4 50 7 8 51 9
4 51 8 9 52 204
4 52 9 10 53 196
4 2 0 41 33 11
4 0 50 51 41 11
4 30 40 23 1 -66
  3
    4 38 13 14 22 3
    4 34 15 16 19 3
    4 17 20 21 18 3
4 40 52 53 23 -66
  3
    4 46 11 25 27 3
    4 42 12 24 26 3
    4 20 28 29 21 3
4 33 32 31 30 145
4 32 35 34 31 145
4 35 37 36 34 145
4 37 39 38 36 145
4 39 41 40 38 145
4 41 43 42 40 145
4 43 45 44 42 145
4 45 47 46 44 145
4 47 49 48 46 145
4 49 51 52 48 145
