3DG1
54
0 14 0 
0 4 -105 
0 14 -105 
-12 4 -105 
-12 9 -105 
-12 12 -105 
-9 14 -105 
-9 14 105 
-12 12 105 
-12 9 105 
-12 4 105 
2 9 65.4 
2 9 25.4 
2 9 -24.6 
0 4 -24.6 
2 9 -64.6 
0 4 -64.6 
1.1 6.6 -105 
0.9 6.4 -105 
0 4 -65 
1.1 6.6 0 
0.9 6.4 0 
0 4 -25 
0 4 0 
0 4 25.4 
0 4 65.4 
0 4 25 
0 4 65 
1.1 6.6 105 
0.9 6.4 105 
2 9 -105 
2 9 -85 
2 12 -85 
2 12 -105 
2 9 -65 
2 12 -65 
2 9 -45 
2 12 -45 
2 9 -25 
2 12 -25 
2 9 0 
2 12 0 
2 9 25 
2 12 25 
2 9 45 
2 12 45 
2 9 65 
2 12 65 
2 9 85 
2 12 85 
0 14 105 
2 12 105 
2 9 105 
0 4 105 
4 49 51 52 48 156
4 47 49 48 46 156
4 45 47 46 44 156
4 43 45 44 42 156
4 41 43 42 40 156
4 39 41 40 38 156
4 37 39 38 36 156
4 35 37 36 34 156
4 32 35 34 31 156
4 33 32 31 30 156
4 40 52 53 23 -66
  3
    4 46 11 25 27 3
    4 42 12 24 26 3
    4 20 28 29 21 3
4 30 40 23 1 -66
  3
    4 38 13 14 22 3
    4 34 15 16 19 3
    4 17 20 21 18 3
4 0 50 51 41 11
4 2 0 41 33 11
4 52 9 10 53 196
4 51 8 9 52 204
4 50 7 8 51 9
4 6 2 33 5 9
4 5 33 30 4 204
4 4 30 1 3 196
