3DG1
32
0 15 -20.16 
0 15 0 
0 18 0 
0 18 -20.16 
0 9 -20.16 
0 9 0 
0 12 0 
0 12 -20.16 
0 3 -20.16 
0 3 0 
0 6 0 
0 6 -20.16 
-0.4 0 -19.8 
-0.4 0 -0.4 
-0.4 18 -0.4 
-0.4 18 -19.8 
-20.16 15 -20.16 
-20.16 18 -20.16 
-20.16 9 -20.16 
-20.16 12 -20.16 
-20.16 3 -20.16 
-20.16 6 -20.16 
-19.8 0 -19.8 
-19.8 18 -19.8 
-20.16 15 0 
-20.16 18 0 
-20.16 9 0 
-20.16 12 0 
-20.16 3 0 
-20.16 6 0 
-19.8 0 -0.4 
-19.8 18 -0.4 
4 15 14 13 12 -66
  3
    4 11 10 9 8 196
    4 7 6 5 4 196
    4 3 2 1 0 196
4 23 15 12 22 -64
  3
    4 21 11 8 20 195
    4 19 7 4 18 195
    4 17 3 0 16 195
4 14 31 30 13 -64
  3
    4 10 29 28 9 195
    4 6 27 26 5 195
    4 2 25 24 1 195
