3DG1
32
0 15 15.12 
0 15 0 
0 18 0 
0 18 15.12 
0 9 15.12 
0 9 0 
0 12 0 
0 12 15.12 
0 3 15.12 
0 3 0 
0 6 0 
0 6 15.12 
0.48 0 14.85 
0.48 0 0.3 
0.48 18 0.3 
0.48 18 14.85 
24.192 15 15.12 
24.192 18 15.12 
24.192 9 15.12 
24.192 12 15.12 
24.192 3 15.12 
24.192 6 15.12 
23.76 0 14.85 
23.76 18 14.85 
24.192 15 0 
24.192 18 0 
24.192 9 0 
24.192 12 0 
24.192 3 0 
24.192 6 0 
23.76 0 0.3 
23.76 18 0.3 
4 15 14 13 12 -66
  3
    4 11 10 9 8 145
    4 7 6 5 4 145
    4 3 2 1 0 145
4 23 15 12 22 -64
  3
    4 21 11 8 20 195
    4 19 7 4 18 195
    4 17 3 0 16 195
4 14 31 30 13 -64
  3
    4 10 29 28 9 195
    4 6 27 26 5 195
    4 2 25 24 1 195
