3DG1
34
-2 2.2 52 
-2 4.4 52 
-2 2.2 39 
-2 4.4 39 
-2 2.2 26 
-2 4.4 26 
-2 2.2 13 
-2 4.4 13 
-2 2.2 0 
-2 4.4 0 
-2 2.2 -13 
-2 4.4 -13 
-2 2.2 -26 
-2 4.4 -26 
-2 2.2 -39 
-2 2.2 -52 
-2 4.4 -52 
-2 4.4 -39 
5 0 52 
5 0 -52 
-5 0 52 
-5 0 -52 
-5 0.5 -52 
-5 0.5 52 
5 6.5 -52 
5 6.5 52 
-5 8 -52 
-5 8 52 
5 7 52 
5 7 -52 
-5 7.5 -52 
-5 7.5 52 
2 2.5 52 
2 2.5 -52 
4 32 33 22 23 -199
  8
    4 17 16 15 14 145
    4 13 17 14 12 145
    4 11 13 12 10 145
    4 9 11 10 8 145
    4 7 9 8 6 145
    4 5 7 6 4 145
    4 3 5 4 2 145
    4 1 3 2 0 145
4 0 15 33 32 0
4 31 30 29 28 0
4 27 26 30 31 195
4 23 22 21 20 197
4 33 19 21 22 2634
4 24 33 15 16 2634
4 25 1 0 32 2634
4 32 23 20 18 2634
4 25 24 16 1 199
