3DG1
34
1.5 3.2 -52 
1.5 4.6 -52 
1.5 3.2 -39 
1.5 4.6 -39 
1.5 3.2 -26 
1.5 4.6 -26 
1.5 3.2 -13 
1.5 4.6 -13 
1.5 3.2 0 
1.5 4.6 0 
1.5 3.2 13 
1.5 4.6 13 
1.5 3.2 26 
1.5 4.6 26 
1.5 3.2 39 
1.5 3.2 52 
1.5 4.6 52 
1.5 4.6 39 
-5 1 -52 
-5 1 52 
5 1 -52 
5 1 52 
5 1.5 52 
5 1.5 -52 
-5 6.5 52 
-5 6.5 -52 
5 8 52 
5 8 -52 
-5 7 -52 
-5 7 52 
5 7.5 52 
5 7.5 -52 
-2 3.5 -52 
-2 3.5 52 
4 25 24 16 1 199
4 32 23 20 18 2634
4 25 1 0 32 2634
4 24 33 15 16 2634
4 33 19 21 22 2634
4 23 22 21 20 197
4 27 26 30 31 195
4 31 30 29 28 0
4 0 15 33 32 0
4 32 33 22 23 -199
  8
    4 17 16 15 14 156
    4 13 17 14 12 156
    4 11 13 12 10 156
    4 9 11 10 8 156
    4 7 9 8 6 156
    4 5 7 6 4 156
    4 3 5 4 2 156
    4 1 3 2 0 156
