48
117
85
117
239
36
52
16
109
3
40
109
3
64
109
3
88
109
3
112
109
3
136
109
3
160
109
3
177
116
4
177
140
4
168
116
4
168
140
4
168
164
4
177
164
4
160
188
3
136
188
3
159
116
4
159
140
4
159
164
4
112
188
3
88
188
3
64
188
3
40
188
3
28
188
3
244
55
4
244
79
4
244
103
4
244
127
4
244
151
4
244
175
4
244
199
4
244
221
4
251
55
4
251
79
4
251
103
4
251
127
4
251
151
4
251
175
4
251
199
4
251
221
4
245
60
5
246
77
5
246
94
5
246
110
5
246
128
5
246
145
5
246
161
5
246
177
5
246
196
5
246
211
5
246
227
5
184
109
3
220
109
3
