279
185
142
187
121
226
66
119
221
4
140
221
4
119
197
4
119
173
4
119
149
4
119
125
4
119
101
4
119
77
4
119
53
4
140
197
4
140
173
4
140
149
4
140
125
4
140
101
4
140
77
4
140
53
4
119
34
3
123
34
3
95
53
3
95
34
3
147
34
3
147
53
3
88
53
4
70
53
4
71
34
3
70
34
4
70
77
4
88
77
4
88
101
4
70
101
4
95
66
3
95
79
3
95
92
3
95
105
3
96
118
3
95
118
3
46
118
3
25
118
3
171
34
3
171
53
3
195
34
3
219
34
3
195
53
3
236
41
4
236
65
4
212
72
3
188
72
3
164
72
3
147
91
3
171
91
3
195
91
3
236
89
4
236
113
4
236
137
4
236
161
4
236
185
4
236
209
4
236
221
4
291
161
4
291
137
4
291
113
4
291
89
4
291
65
4
291
41
4
291
17
4
291
5
4
