257
117
175
116
212
58
50
218
233
5
217
221
6
218
209
5
218
197
6
218
185
5
218
173
6
218
161
5
218
149
6
218
137
5
218
125
6
218
113
5
212
221
4
212
197
4
212
173
4
212
149
4
212
125
4
228
221
4
228
197
4
228
173
4
228
149
4
228
125
4
218
101
6
218
89
5
218
77
6
212
101
4
212
77
4
228
101
4
228
77
4
188
70
3
236
70
3
280
70
3
186
5
4
186
28
4
186
27
4
186
36
4
186
70
3
161
5
4
161
29
4
161
53
4
161
77
4
161
101
4
161
125
4
161
149
4
161
173
4
161
197
4
161
221
4
16
5
5
16
233
6
292
5
6
292
233
5
