45
125
167
156
184
108
63
56
5
4
56
29
4
56
53
4
56
77
4
56
101
4
16
95
3
33
102
4
33
126
4
33
150
4
40
167
3
64
167
3
81
143
4
81
119
4
81
95
4
81
71
4
88
71
3
112
71
3
136
71
3
160
71
3
184
71
3
208
71
3
225
78
4
225
102
4
225
126
4
202
143
3
178
143
3
154
143
3
154
150
4
16
213
3
40
213
3
64
213
3
88
213
3
112
196
4
112
172
4
112
149
4
112
125
4
112
118
3
136
118
3
160
118
3
154
174
4
161
191
3
185
191
3
209
191
3
233
191
3
250
167
4
257
167
3
274
143
4
274
119
4
257
112
3
257
88
4
257
64
4
257
40
4
192
156
3
208
156
3
225
138
4
240
33
3
216
33
3
192
33
3
168
33
3
144
33
3
120
33
3
96
33
3
75
33
3
