60
18
32
183
160
97
53
16
85
3
40
85
3
64
85
3
88
85
3
112
85
3
129
92
4
129
61
4
135
61
3
136
109
3
159
61
3
183
61
3
207
61
3
184
109
3
134
65
5
133
99
6
119
89
6
120
75
5
146
66
5
159
66
5
172
66
5
185
66
5
199
66
5
145
99
6
188
99
6
208
109
3
201
99
6
214
98
6
211
66
5
231
61
3
255
61
3
272
68
4
272
92
4
272
116
4
272
140
4
225
116
4
261
67
5
230
99
5
225
66
5
238
66
5
250
66
5
231
113
5
262
81
5
262
95
5
262
110
5
262
124
5
262
139
5
231
128
5
225
140
4
230
144
5
16
90
5
16
75
6
217
164
3
263
164
3
