187
43
61
113
99
160
54
118
136
4
97
136
4
97
112
4
118
112
4
118
79
4
125
112
3
149
112
3
173
112
3
125
96
3
149
96
3
173
96
3
197
112
3
221
112
3
190
72
4
207
72
4
182
61
6
181
39
4
210
61
5
216
39
4
181
32
3
198
32
3
199
32
3
245
95
4
245
71
4
245
47
4
222
47
3
252
84
3
252
102
3
252
112
3
252
74
3
276
74
4
276
95
4
257
76
5
257
104
5
266
76
5
265
104
5
94
96
3
74
112
3
70
96
3
50
112
3
46
96
3
22
96
3
17
96
3
50
119
4
16
103
4
16
127
4
16
151
4
52
141
6
63
149
3
16
175
4
16
199
4
16
221
4
108
85
5
123
85
6
