42
5
279
194
209
226
77
40
5
4
67
5
4
40
29
4
67
29
4
40
53
4
67
53
4
40
77
4
67
77
4
40
101
4
67
101
4
57
51
5
45
66
6
57
81
5
45
96
6
40
125
4
67
125
4
40
149
4
67
149
4
40
173
4
67
173
4
40
197
4
67
197
4
57
111
5
45
126
6
57
141
5
45
154
6
57
170
5
45
185
6
40
221
4
67
214
3
256
221
4
256
197
4
256
173
4
256
149
4
256
125
4
256
101
4
256
77
4
256
53
4
256
29
4
239
29
3
284
170
4
284
146
4
284
122
4
284
98
4
284
74
4
284
50
4
284
26
4
284
5
4
292
5
5
292
17
6
292
30
5
292
43
6
292
56
5
292
68
6
292
81
5
292
93
6
292
106
5
292
119
6
292
132
5
292
145
6
292
158
5
292
171
6
292
183
5
280
13
3
280
39
3
280
65
3
280
89
3
280
115
3
280
141
3
280
167
3
16
44
3
16
73
3
16
165
3
16
179
3
16
217
3
16
224
3
16
231
3
