125
122
169
123
150
110
50
126
115
3
174
116
3
198
116
3
102
115
3
127
108
3
173
109
3
103
108
3
197
109
3
154
129
4
163
129
4
154
153
4
163
153
4
155
175
6
157
175
5
154
186
4
163
186
4
154
210
4
163
210
4
154
221
4
163
221
4
158
186
4
158
210
4
158
221
4
158
127
4
158
145
4
158
153
4
96
103
4
221
105
4
136
108
5
175
109
6
190
109
6
206
109
6
121
108
5
106
108
5
79
103
4
61
103
4
44
103
4
26
103
4
238
105
4
255
105
4
273
105
4
289
105
4
142
98
6
170
98
5
26
86
3
61
86
3
43
70
3
273
88
3
238
87
3
255
71
3
