215
54
43
157
123
187
55
116
238
3
125
214
4
117
203
6
115
181
4
115
157
4
117
146
5
126
148
6
136
158
6
146
168
6
157
176
3
179
181
6
187
192
4
187
216
3
211
216
3
235
216
3
165
152
4
165
128
4
168
117
5
178
107
5
188
97
5
198
87
5
207
89
6
218
96
3
242
96
3
264
88
5
270
66
4
262
55
6
240
54
3
91
157
3
68
157
3
123
126
4
123
102
4
123
78
4
123
54
4
123
5
4
128
5
5
114
5
6
105
161
6
168
165
6
156
166
5
191
206
6
133
214
4
133
206
4
125
238
3
81
133
4
81
109
4
84
98
5
73
98
6
75
89
5
83
89
6
80
95
5
78
93
5
84
90
6
115
22
3
114
54
3
