7
14
15
14
15
14
15
22
15
22
6
22
7
0
15
0
15
0
15
0
6
0
7
0
15
0
15
0
15
0
15
23
15
0
15
0
15
6
6
8
7
12
15
0
15
22
15
22
15
0
6
12
0
0
0
0
0
0
0
0
4
14
14
14
1
14
14
22
14
22
5
22
12
0
1
0
1
0
1
0
13
0
12
0
1
0
13
0
2
0
12
0
1
0
1
23
1
6
13
9
12
0
1
0
1
0
1
0
1
0
13
0
0
0
0
0
0
0
0
0
9
20
3
0
14
14
3
14
3
0
15
0
1
0
1
0
1
0
1
0
13
0
12
0
1
0
13
0
2
0
4
0
14
0
14
0
14
0
5
24
12
22
1
0
1
22
1
0
1
0
13
22
0
0
0
0
0
0
0
0
0
0
0
0
0
0
0
0
0
0
2
0
12
0
1
0
1
0
1
0
13
0
12
0
1
0
13
0
2
0
7
0
15
5
15
4
6
2
9
21
12
11
1
0
1
0
1
0
1
0
13
22
0
0
0
0
0
0
0
0
0
0
0
0
0
0
0
0
0
0
2
0
12
0
1
0
1
0
1
0
5
0
4
0
14
0
5
0
2
0
12
0
1
0
1
0
1
2
6
1
4
12
14
0
1
11
14
12
14
0
5
0
0
0
0
0
0
0
0
0
0
0
0
0
0
0
0
0
0
0
2
0
12
0
1
0
1
0
13
0
7
0
15
0
15
0
6
0
2
0
12
14
1
0
1
3
1
1
13
1
0
0
7
12
15
11
15
0
15
0
15
0
6
12
0
0
0
0
0
0
7
14
15
14
6
7
0
0
0
0
2
0
4
0
14
0
14
0
5
0
12
0
1
0
1
0
13
0
2
0
12
14
1
14
1
14
1
14
13
0
0
0
12
12
1
0
1
0
1
0
1
0
13
0
7
0
15
0
6
0
12
10
1
0
13
0
7
22
6
22
4
0
3
0
15
0
15
0
15
0
1
0
1
0
1
0
13
0
2
0
12
14
1
14
1
0
14
14
5
0
0
0
12
0
1
0
1
0
1
0
1
0
13
0
12
0
1
0
13
0
12
0
1
14
13
0
12
0
1
0
15
0
6
0
4
0
14
0
14
0
1
0
1
0
1
0
1
0
1
0
14
0
14
14
5
0
7
0
15
0
6
0
12
12
1
0
1
0
1
0
1
0
13
0
12
0
1
0
13
0
12
0
1
0
13
0
12
0
1
0
1
0
1
0
15
0
6
0
11
0
4
0
14
0
14
0
5
0
2
0
7
0
15
0
15
0
1
0
1
0
13
0
4
12
14
12
14
0
1
0
14
0
5
0
12
0
1
0
13
0
12
0
1
14
1
0
12
16
1
0
1
0
1
0
1
0
13
0
12
0
15
0
15
0
15
0
6
0
2
0
12
0
1
0
1
0
1
0
1
0
1
0
3
0
3
0
3
0
1
0
3
0
3
0
1
0
1
0
13
0
4
19
14
14
5
14
4
0
14
0
14
0
14
0
5
0
2
0
12
0
1
0
1
0
1
0
13
0
2
0
12
0
1
0
1
0
1
0
1
0
13
0
0
0
0
0
0
0
2
0
0
0
0
0
12
0
1
0
13
0
0
0
0
0
0
0
0
0
0
0
0
0
0
0
0
0
12
0
14
0
14
0
14
0
14
0
5
0
2
0
4
0
14
0
14
0
14
0
14
0
5
0
0
0
0
0
0
0
2
0
0
0
0
0
4
0
14
0
5
0
9
0
3
0
14
0
3
0
3
0
3
0
3
0
3
0
14
0
3
0
3
0
3
0
3
0
3
0
14
25
3
0
3
0
3
0
3
0
3
0
3
0
3
0
3
0
3
0
14
0
3
0
3
0
3
0
3
0
8
20
