7
0
15
15
15
0
6
0
7
0
15
0
15
0
6
15
9
0
15
0
3
0
8
0
7
0
3
0
3
0
3
0
3
0
3
0
3
0
3
0
15
0
15
0
15
0
15
0
3
0
3
0
3
0
3
0
15
0
8
0
12
0
1
15
1
0
13
16
1
0
1
0
1
0
13
16
8
21
4
0
3
0
3
0
13
0
7
0
15
0
15
0
15
0
6
0
7
12
6
12
12
0
1
0
1
0
13
0
7
6
6
6
7
12
15
0
1
15
6
0
12
0
1
0
1
15
13
0
12
0
1
0
1
0
13
0
7
0
15
0
15
0
6
0
2
0
12
0
1
12
1
15
1
15
13
12
12
0
13
0
12
12
1
0
1
0
13
0
12
6
13
6
12
0
1
0
1
0
13
0
4
0
1
15
1
15
5
0
4
15
14
15
14
0
5
0
12
0
1
15
1
0
13
0
2
0
12
0
1
12
1
0
1
0
13
0
12
0
5
0
4
12
14
0
14
0
5
25
12
6
13
6
12
0
1
12
1
15
13
15
0
0
12
0
1
0
15
0
3
0
3
0
3
0
3
20
1
15
1
15
1
15
13
12
12
0
1
15
1
0
1
15
1
12
13
15
12
0
3
23
3
0
3
23
3
0
3
24
14
6
5
6
12
12
1
12
1
0
13
15
0
0
4
0
14
0
5
0
9
0
3
0
3
0
6
0
12
15
1
12
1
12
13
12
2
0
4
0
14
12
14
12
14
0
5
3
4
0
6
0
7
0
15
0
15
12
15
12
6
12
0
0
4
12
14
0
14
15
5
0
9
0
3
0
3
0
6
0
7
0
15
20
6
0
2
0
4
0
14
0
14
0
5
0
2
0
0
0
0
0
0
0
0
0
0
0
0
0
2
0
12
0
1
0
1
12
1
0
13
0
0
0
0
0
0
0
0
0
0
0
7
0
15
0
15
0
13
0
12
0
1
0
13
0
12
0
3
0
3
0
3
0
3
0
5
0
0
0
7
0
15
15
15
0
6
15
0
0
12
0
1
0
1
0
1
0
1
0
13
0
0
0
0
0
0
0
0
0
0
0
12
0
1
0
13
0
2
0
12
0
1
0
13
0
2
0
7
0
15
0
15
0
15
0
15
0
6
0
12
0
1
0
1
0
13
15
0
0
2
0
12
0
1
0
1
12
1
0
13
12
7
12
15
15
15
0
15
0
6
0
4
0
14
0
5
0
2
0
4
12
1
0
5
0
2
0
12
0
1
0
1
0
1
0
1
0
13
16
1
0
1
15
1
0
13
0
0
0
2
0
4
0
14
0
14
0
14
0
5
0
12
0
1
0
1
15
1
0
13
0
7
6
15
0
6
0
12
0
3
0
13
16
3
0
13
0
12
15
1
15
1
0
1
0
1
0
13
0
12
0
1
0
1
0
13
0
0
0
2
0
7
12
15
0
15
0
15
0
6
19
12
0
1
0
1
0
1
15
13
0
12
0
1
15
1
15
13
0
7
0
1
0
6
0
2
0
12
0
1
0
1
0
1
15
1
0
13
15
4
0
14
15
14
0
5
15
0
0
2
0
12
12
1
0
1
12
1
0
5
0
4
12
14
15
1
0
1
0
13
0
4
6
14
0
5
0
2
0
12
0
1
0
13
15
2
0
4
15
14
15
14
0
1
15
14
0
5
0
0
0
0
0
0
0
0
0
0
0
2
0
4
15
14
15
14
0
14
15
3
15
3
0
15
15
14
0
14
15
5
0
9
12
3
12
3
15
5
15
4
12
14
12
5
15
4
0
3
0
3
0
3
0
14
0
3
0
3
0
3
0
3
0
3
0
3
0
3
0
14
0
3
0
3
0
3
0
3
0
3
0
3
0
14
0
3
0
3
0
8
0
