9
0
15
0
3
0
3
10
3
0
3
0
3
0
3
0
3
0
3
0
3
0
3
0
3
0
3
0
3
0
15
14
15
0
6
0
7
0
15
0
15
25
6
6
0
0
0
0
0
0
0
0
0
0
0
0
0
0
0
0
0
0
2
0
0
0
0
0
0
0
0
0
0
0
0
0
0
0
0
0
0
0
0
0
0
0
7
0
15
0
1
14
1
14
13
0
12
0
1
0
1
0
13
0
9
22
3
22
3
22
3
0
3
0
3
14
3
14
6
14
0
0
2
0
0
0
0
0
0
0
0
0
0
0
0
0
7
0
15
0
15
0
15
0
6
0
12
0
1
0
1
0
1
0
13
0
12
12
1
22
1
0
13
0
7
0
15
0
15
12
15
6
6
6
7
0
6
0
2
0
7
12
1
0
6
12
0
0
0
0
0
0
0
0
0
0
12
0
1
0
1
0
1
0
13
0
12
0
1
0
1
0
1
14
13
0
12
0
1
0
1
0
13
0
12
0
1
0
1
0
1
6
13
16
1
0
13
16
13
0
12
0
1
0
1
0
3
0
3
0
3
3
3
0
3
0
1
0
1
0
1
0
1
0
13
0
4
0
14
0
14
0
14
0
5
21
12
12
1
0
1
0
13
12
12
14
1
0
1
14
1
0
13
5
4
0
5
0
2
0
12
0
1
0
13
0
0
0
0
0
0
0
0
0
0
0
12
0
1
0
1
0
1
0
13
0
0
0
0
0
0
0
0
0
0
0
4
0
14
0
14
0
5
16
4
14
14
14
14
14
14
12
5
5
9
6
3
4
5
14
12
0
1
14
13
0
7
5
15
5
15
22
6
22
0
0
12
0
1
0
1
0
1
0
13
0
0
0
0
0
7
0
15
0
15
14
15
0
15
0
15
0
6
0
0
0
0
0
0
0
0
0
0
0
0
0
0
0
0
0
4
12
14
0
5
12
12
5
1
9
1
22
13
22
0
0
4
0
14
0
14
0
14
0
5
0
0
0
0
0
12
0
1
14
1
14
1
0
1
0
1
0
13
0
0
0
0
0
0
0
0
0
0
0
0
0
0
0
0
0
7
0
15
16
6
3
12
0
1
0
1
24
13
12
0
0
0
0
0
0
0
0
0
0
0
0
0
0
0
0
12
0
1
0
1
14
1
0
1
0
1
0
13
0
0
0
0
0
0
0
0
0
7
0
15
0
15
0
6
19
12
0
1
0
13
0
12
12
1
12
1
0
13
12
0
0
0
0
0
0
0
0
0
0
0
0
0
0
0
0
12
0
1
0
1
0
1
0
1
0
1
12
13
12
0
0
0
0
0
0
0
0
12
0
1
0
1
0
13
0
12
0
1
0
13
22
12
12
1
12
1
12
13
0
0
0
0
0
0
0
0
0
0
0
0
0
0
0
0
0
12
0
1
0
1
0
1
0
1
12
1
12
13
12
0
0
0
0
7
0
15
0
1
0
1
15
1
6
13
0
12
0
1
0
13
0
4
12
14
12
14
0
14
23
3
0
3
23
3
0
3
0
3
0
3
0
3
0
3
0
14
0
14
0
14
14
14
0
14
18
14
11
5
8
0
0
0
0
12
0
1
0
1
15
1
0
1
15
13
0
12
0
1
0
1
0
6
0
7
0
15
0
15
0
6
0
9
20
3
14
3
0
3
14
3
0
15
0
15
0
15
0
6
0
0
0
7
0
6
0
2
0
0
0
0
0
0
0
4
0
14
0
14
0
1
15
14
0
5
15
4
0
14
0
14
0
14
0
14
0
14
0
14
0
14
0
3
0
3
0
3
0
3
0
8
20
4
0
14
0
5
0
4
0
3
0
14
0
14
0
14
0
3
0
3
0
3
0
3
0
3
0
3
0
14
0
3
18
8
12
