0
0
0
0
7
0
15
0
15
0
15
0
15
0
6
0
0
0
0
0
0
0
0
0
0
0
0
0
0
0
7
6
15
0
15
0
15
0
6
0
0
0
0
0
0
0
0
0
0
0
0
0
0
0
0
0
0
0
0
0
0
0
0
0
12
0
1
0
1
0
1
0
1
0
13
0
0
0
0
0
0
0
0
0
0
0
0
0
0
0
12
6
1
0
1
0
1
14
13
14
7
19
15
6
15
0
6
0
0
0
7
6
15
6
15
14
15
12
6
0
0
0
0
0
12
0
1
0
1
0
1
0
1
0
13
0
0
0
0
0
0
0
0
0
0
0
0
0
0
0
4
12
14
0
14
0
14
12
13
14
12
12
1
0
1
0
13
0
0
0
12
12
1
6
1
14
1
14
13
14
7
0
6
0
4
0
14
0
1
0
14
0
14
0
5
0
0
0
0
0
0
0
0
0
0
0
0
0
0
0
0
0
0
0
0
0
0
0
2
0
12
0
1
0
1
14
13
12
0
0
12
6
1
6
1
14
1
14
13
14
12
12
1
12
15
0
6
0
4
0
3
0
3
0
3
0
3
0
3
0
3
0
3
0
3
0
6
0
7
12
15
0
15
12
15
0
6
0
2
0
4
14
1
10
14
0
5
0
0
0
4
6
14
6
14
14
14
14
13
14
12
12
1
0
1
0
1
0
15
0
15
0
6
0
7
12
15
12
15
0
15
12
15
0
6
6
12
0
12
11
1
0
1
0
1
0
13
12
2
0
7
0
15
11
15
0
6
0
0
0
0
0
0
0
0
0
0
0
2
0
4
12
14
0
1
0
14
0
1
0
1
0
13
0
12
12
1
0
1
0
1
12
1
0
13
0
2
0
12
6
1
0
1
0
1
0
13
0
2
0
12
0
1
12
1
0
13
0
0
0
0
0
0
0
0
0
0
0
2
0
7
0
15
0
15
16
6
0
12
0
1
0
13
11
12
11
1
0
1
0
1
0
1
0
13
12
2
18
4
12
14
0
14
0
14
0
14
0
1
0
12
11
1
0
1
12
13
0
0
0
0
0
0
0
0
0
0
0
2
0
12
0
1
0
14
0
5
0
4
0
14
0
5
0
4
0
14
0
14
0
14
12
14
0
5
21
2
0
0
0
0
0
0
0
0
0
0
0
0
0
12
0
1
0
1
0
1
0
3
0
3
0
3
0
15
0
3
0
5
0
12
0
13
0
9
20
3
0
3
14
3
0
3
0
3
14
3
14
3
0
3
0
3
18
3
0
5
0
0
0
0
0
0
0
0
0
0
0
0
0
4
0
14
0
14
0
5
0
7
0
6
0
7
0
15
16
15
0
6
0
12
12
13
0
9
20
3
0
15
0
15
0
15
0
15
0
6
0
0
0
0
0
0
0
0
0
0
0
0
0
7
6
15
0
15
0
15
0
15
0
15
12
15
0
15
0
15
0
1
0
13
0
12
0
1
0
1
0
13
0
12
0
1
0
15
0
15
0
1
0
1
0
1
14
1
14
13
14
0
0
0
0
0
0
0
0
0
0
0
0
12
6
1
12
1
12
1
0
1
0
1
0
1
0
1
12
1
0
1
0
13
11
12
11
1
0
1
0
13
0
12
12
1
0
1
0
1
0
1
0
1
0
1
14
1
14
13
14
0
0
0
0
0
0
0
0
0
0
0
0
12
12
1
0
1
0
1
0
1
0
1
12
1
0
1
0
1
0
1
0
13
0
12
14
1
14
1
25
13
0
4
0
14
12
14
12
14
0
14
0
14
14
14
14
14
14
5
5
0
0
0
0
0
0
0
0
0
0
0
0
4
12
14
6
14
0
14
12
14
0
14
0
14
0
14
0
14
0
14
0
5
0
4
5
14
14
14
14
5
0
