7
5
15
0
6
0
0
0
11
0
0
0
7
15
15
15
15
12
15
12
6
0
11
19
7
15
15
0
15
0
15
3
6
0
9
9
3
15
3
15
15
0
3
0
3
0
3
0
3
0
3
0
3
15
3
15
3
15
8
12
12
0
1
25
1
0
15
0
15
16
6
0
12
15
1
15
1
6
1
0
13
0
2
0
12
15
1
12
1
12
1
4
13
0
9
12
3
0
3
0
15
11
3
0
3
0
3
0
3
0
3
0
3
0
15
0
15
0
6
0
12
0
1
0
1
0
1
0
1
0
13
16
1
0
1
15
1
6
1
0
13
11
13
0
12
0
1
0
1
0
1
4
13
7
7
0
15
0
15
1
1
0
15
0
15
0
6
0
7
0
15
0
6
21
2
0
12
0
13
0
4
0
14
16
14
0
14
0
14
0
5
0
4
15
14
15
14
5
14
0
5
0
10
0
12
15
1
12
1
0
1
0
13
0
12
4
1
0
1
0
1
0
1
0
1
4
13
4
12
0
1
0
13
0
2
0
12
0
13
0
0
0
2
0
0
0
7
15
15
15
15
12
15
12
6
6
7
0
3
0
3
0
3
0
14
0
14
0
14
0
14
0
5
0
12
4
1
0
1
1
1
0
1
0
1
0
13
4
12
0
1
0
13
0
2
0
12
0
13
0
7
0
13
0
0
0
12
15
1
15
1
0
1
0
13
6
2
0
7
0
15
0
15
5
6
5
7
20
15
0
15
0
6
0
4
0
14
2
14
2
14
0
14
0
14
0
5
20
12
0
1
0
13
0
2
0
12
0
13
0
12
0
1
0
6
0
12
0
1
0
1
0
1
0
13
0
2
0
12
0
1
0
1
0
13
6
12
0
1
0
1
0
13
0
7
14
15
0
15
6
15
6
15
6
6
6
0
0
12
0
14
0
5
0
2
0
4
0
5
0
12
0
1
0
13
0
4
0
14
0
1
0
14
15
5
0
2
0
12
15
1
0
1
0
13
6
12
0
1
0
1
0
13
0
12
14
1
0
1
0
1
5
1
5
13
6
7
20
15
16
6
22
7
0
1
0
15
0
6
0
12
0
1
0
13
0
9
0
3
0
14
0
3
0
3
0
1
0
1
15
1
15
1
0
13
6
12
0
1
0
1
0
13
0
12
14
1
0
1
0
1
15
1
15
13
15
12
0
1
0
13
0
12
0
1
0
1
0
13
0
12
0
1
0
13
0
7
0
15
0
15
22
15
22
6
0
2
0
4
15
14
0
14
15
5
0
4
20
14
0
14
0
5
19
4
0
14
0
1
0
1
0
1
15
13
15
12
15
1
15
13
15
12
0
1
0
1
0
13
0
4
0
14
0
13
0
12
0
1
0
1
22
1
22
13
11
1
0
3
0
3
0
3
0
3
0
3
0
15
0
15
0
15
0
15
0
6
0
12
15
1
0
1
15
13
15
12
15
1
15
13
15
12
0
1
0
1
0
13
0
7
0
3
23
5
0
12
0
1
0
1
0
1
0
13
0
12
0
15
0
15
0
15
0
6
0
0
0
12
0
1
0
1
0
1
0
13
0
12
15
1
15
1
15
13
15
12
0
1
0
13
0
12
0
1
0
1
0
13
0
12
23
15
0
15
0
1
0
1
0
1
23
1
0
13
0
12
0
1
0
1
0
1
0
13
0
0
0
12
0
1
0
1
0
14
16
5
0
4
15
1
0
14
15
5
15
4
0
14
0
5
0
4
0
1
0
14
0
5
0
4
0
14
0
14
0
14
0
14
23
14
24
14
23
5
0
4
0
14
0
14
0
14
0
5
0
0
0
4
0
14
0
5
0
4
0
3
0
3
0
14
0
3
0
3
0
3
0
3
0
3
0
3
0
14
0
3
0
8
0
