9
20
3
0
3
0
6
0
7
0
15
0
15
0
15
0
15
0
6
12
7
12
15
0
15
12
6
19
7
0
15
0
15
0
6
15
7
0
3
0
3
0
3
0
3
0
3
0
3
0
3
0
3
0
8
12
9
20
6
0
7
15
15
15
6
15
12
0
1
0
1
0
1
0
14
0
14
0
5
12
12
12
1
0
1
0
13
0
12
0
1
0
1
0
1
15
13
0
7
0
15
0
15
0
15
0
15
0
6
0
7
0
15
0
15
0
6
0
2
0
12
12
1
0
1
15
13
15
12
0
1
0
13
0
7
22
15
22
6
22
12
0
1
0
1
0
13
0
12
0
1
0
1
0
13
0
2
0
12
0
1
0
1
0
1
0
1
0
13
0
12
5
1
6
1
15
13
0
2
0
12
0
1
0
13
22
2
0
12
0
1
22
13
22
12
9
1
6
13
6
12
11
1
0
1
12
13
0
12
0
1
0
1
0
13
0
2
0
12
15
1
15
1
0
1
0
1
0
13
0
12
5
1
0
1
15
1
15
13
0
12
0
1
0
13
22
2
0
4
0
14
22
5
22
12
0
1
24
13
12
4
0
14
0
14
0
5
0
4
0
14
0
14
0
5
0
2
0
4
15
14
15
1
0
14
0
14
0
5
0
12
0
1
7
1
15
13
0
2
0
12
0
1
0
13
0
2
0
7
0
15
0
6
0
12
0
1
12
1
12
15
0
6
0
9
20
3
0
3
0
15
0
3
0
3
0
5
0
0
0
0
0
2
0
0
0
0
0
0
0
4
0
14
0
14
0
5
0
2
0
4
0
14
0
5
0
12
0
1
15
1
0
13
0
4
0
14
0
14
23
14
0
14
23
3
0
3
0
3
23
1
25
3
0
3
0
3
0
3
0
3
0
14
0
3
0
3
0
3
0
3
0
3
0
15
0
8
20
2
0
0
0
0
0
0
0
2
0
12
0
1
12
1
12
15
0
15
0
6
0
0
0
0
0
0
0
0
0
0
0
2
0
0
0
0
0
0
0
0
0
0
0
0
0
0
0
0
0
7
4
15
2
15
15
1
0
6
3
2
0
0
0
0
0
0
0
2
0
12
0
1
0
1
0
1
0
1
0
13
0
0
0
0
0
0
0
0
0
0
0
2
0
0
0
0
0
0
0
0
0
0
0
0
0
0
0
0
0
4
3
14
1
14
15
14
3
5
15
2
0
0
0
0
0
0
0
2
0
4
0
14
12
14
12
14
0
14
0
5
0
0
0
0
0
0
0
0
0
0
0
12
0
3
0
3
0
3
15
3
0
15
0
3
0
3
0
3
0
1
0
3
0
3
0
3
0
3
0
5
0
0
0
0
0
0
0
4
0
3
0
15
0
3
0
3
0
15
0
15
12
15
12
15
0
3
0
3
0
3
0
5
0
7
0
15
0
6
0
7
0
1
0
6
0
7
0
15
0
1
0
6
0
0
0
7
12
15
0
6
12
0
0
0
0
7
0
15
0
15
0
1
15
15
0
6
0
12
0
1
12
1
12
13
0
0
0
0
0
0
0
0
0
12
0
1
0
13
0
12
0
1
0
13
0
12
0
1
0
1
0
13
0
9
21
12
16
1
0
13
0
0
0
0
0
12
0
1
0
1
0
1
15
1
12
13
0
12
0
1
15
1
15
13
15
0
0
0
0
0
0
0
0
4
0
1
0
5
0
4
0
14
16
5
0
4
0
14
0
14
0
5
0
0
0
4
12
1
0
5
12
0
0
0
0
4
0
14
0
14
0
14
0
14
12
5
0
4
0
14
15
14
0
5
0
0
0
0
0
9
15
3
15
3
15
14
0
3
0
3
0
5
0
0
0
9
20
3
0
3
0
3
0
3
0
3
0
14
18
8
12
