0
0
0
0
0
0
0
0
0
0
0
0
0
0
0
0
0
0
0
0
0
0
0
0
0
0
0
0
0
0
0
0
0
0
0
0
0
0
0
0
0
0
0
0
0
0
0
0
0
0
0
0
0
0
7
0
3
0
6
0
0
0
0
0
0
0
0
0
0
0
0
0
0
0
0
0
0
0
0
0
0
0
0
0
0
0
0
0
0
0
0
0
0
0
0
0
0
0
0
0
0
0
0
0
0
0
0
0
0
0
0
0
0
0
2
0
0
0
2
0
0
0
0
0
0
0
0
0
0
0
0
0
0
0
0
0
0
0
0
0
0
0
0
0
0
0
0
0
0
0
0
0
0
0
0
0
0
0
0
0
7
0
15
0
3
0
3
0
3
0
3
0
3
0
5
0
7
12
13
0
0
0
0
0
0
0
0
0
0
0
0
0
0
0
0
0
0
0
7
0
3
0
3
0
3
0
3
0
3
0
3
4
3
0
3
0
3
0
3
0
6
16
5
0
0
0
0
0
0
0
0
0
0
0
0
0
12
0
13
6
7
5
15
0
15
0
15
0
15
15
6
15
0
0
0
0
0
0
2
0
9
6
3
0
3
0
3
0
3
0
3
0
3
0
3
0
3
0
6
0
2
0
0
0
0
0
0
0
0
0
0
0
0
0
0
0
4
9
5
5
12
1
1
0
1
0
1
15
1
0
1
0
6
0
0
0
0
0
12
0
15
0
6
0
7
0
15
0
15
0
15
0
15
0
15
0
15
0
13
0
2
0
0
0
0
0
0
0
0
0
0
0
0
0
0
0
0
0
0
0
12
0
1
0
1
0
1
15
1
0
13
0
2
0
0
0
0
0
2
0
4
0
5
11
12
11
14
0
14
11
14
0
14
0
14
0
14
0
5
0
2
0
0
0
0
0
0
0
0
0
0
0
0
0
0
0
0
0
0
0
12
0
1
0
13
0
13
0
12
0
13
0
2
18
0
0
0
0
2
0
7
0
13
0
12
0
6
0
10
21
7
0
15
0
6
0
7
0
6
0
4
0
3
0
3
0
3
0
3
0
3
0
3
0
3
0
15
0
8
25
12
0
1
0
1
0
1
15
1
0
13
15
2
0
0
0
0
0
2
0
12
0
13
0
12
0
1
0
15
0
1
0
1
0
13
0
12
0
1
0
15
0
15
0
15
0
15
0
15
0
15
0
15
0
15
0
1
0
6
0
4
6
14
0
14
11
14
15
14
15
5
15
2
0
0
0
0
0
2
0
4
0
5
6
4
0
14
0
14
0
14
16
14
0
14
0
14
0
5
0
2
0
12
0
1
1
1
2
1
0
1
12
1
0
1
0
1
0
13
20
0
0
0
0
10
10
0
0
0
0
0
0
2
0
9
20
3
0
14
0
3
0
3
0
3
0
3
0
3
0
15
16
3
0
3
0
3
0
3
0
5
0
12
0
1
0
1
0
1
0
1
0
1
0
1
0
1
0
13
0
0
0
0
0
0
0
0
0
0
0
0
0
2
0
0
0
0
0
0
0
0
0
0
0
0
0
0
0
0
0
2
0
0
0
0
0
0
0
0
0
0
0
12
0
1
0
1
0
1
0
1
0
1
0
1
12
1
0
13
0
0
0
0
0
9
12
3
0
3
18
3
0
14
0
3
0
3
0
3
0
3
0
3
0
3
0
3
0
3
3
5
10
0
0
0
0
0
0
0
0
0
0
12
22
1
0
1
22
1
0
1
0
1
0
1
0
1
0
13
0
0
0
0
0
0
0
0
0
0
0
0
0
0
0
0
0
0
0
0
0
0
0
0
0
0
0
0
0
0
0
0
0
0
0
0
0
0
0
0
0
0
0
4
14
14
22
14
15
14
22
14
0
14
0
14
0
14
0
5
19
