0
0
0
0
0
0
0
0
0
0
0
0
0
0
0
0
0
0
0
0
0
0
7
4
15
15
15
1
15
12
15
1
15
20
15
15
15
15
15
15
15
15
15
0
15
0
15
0
15
0
15
0
3
6
15
3
15
3
6
3
0
0
0
0
0
0
0
0
0
0
0
0
0
0
0
0
0
0
0
0
7
15
14
4
14
15
14
15
14
15
14
15
14
15
14
15
14
15
14
15
14
15
14
0
14
0
14
0
14
0
13
0
0
0
12
3
1
0
13
0
0
0
0
0
0
0
0
0
0
0
0
0
0
0
7
0
3
0
3
0
1
0
3
0
3
0
3
0
3
0
3
0
3
0
3
0
15
0
3
0
15
14
3
0
3
0
6
0
11
0
2
0
0
0
4
12
14
3
13
3
0
0
0
0
0
0
0
0
0
0
0
0
0
0
2
0
0
0
0
0
2
0
7
0
15
0
15
0
6
0
0
0
9
25
6
0
2
0
7
0
1
0
6
0
0
0
2
0
2
0
2
0
0
0
0
0
0
0
2
0
0
0
0
0
0
0
0
0
0
0
0
0
0
0
4
0
3
0
3
0
5
0
12
0
1
0
1
0
1
0
8
18
0
0
2
0
2
0
12
1
1
1
13
3
7
0
1
0
1
0
4
6
3
0
3
0
15
0
13
0
7
4
15
4
15
14
6
0
0
0
0
0
0
0
7
0
3
0
15
0
8
0
12
0
1
0
1
0
13
0
0
0
0
0
2
0
2
0
4
1
14
1
5
3
10
0
2
0
2
0
7
0
15
0
6
0
12
0
13
0
12
4
1
4
1
14
13
0
0
0
0
0
0
0
2
0
7
0
1
0
6
0
12
0
1
0
1
0
1
0
15
0
3
0
14
0
14
0
3
0
3
0
6
0
11
0
2
0
2
0
12
0
1
0
1
0
12
0
13
15
12
14
1
14
1
14
13
0
0
0
0
0
0
0
2
0
12
0
1
0
13
0
4
0
14
0
14
0
5
0
2
0
7
1
3
0
15
0
15
0
6
0
2
0
12
0
1
0
2
0
12
0
1
0
13
0
12
15
13
15
12
14
1
14
1
14
1
14
15
0
15
0
6
0
10
0
4
0
14
0
14
0
15
0
15
0
3
0
6
0
2
0
2
1
0
0
12
0
13
0
2
0
2
0
10
0
10
0
10
0
4
0
14
0
13
0
4
15
5
21
12
1
1
3
1
2
1
0
1
14
1
0
13
14
7
0
15
0
15
0
6
0
4
3
5
3
0
0
2
0
2
0
4
1
3
1
14
0
5
0
12
0
1
0
3
0
3
0
15
0
3
0
3
0
1
0
3
0
8
0
12
1
1
3
1
2
1
12
1
14
1
14
1
15
1
18
1
0
1
0
13
0
7
0
15
0
6
0
2
0
4
0
3
0
3
0
3
0
3
0
13
0
2
0
11
0
11
19
2
0
7
0
15
0
13
0
11
0
0
0
4
0
1
0
14
2
1
14
1
0
1
0
13
14
4
0
14
0
14
0
14
0
12
11
1
0
13
0
4
0
3
0
3
0
3
0
3
0
3
0
14
0
13
0
4
0
3
11
5
0
12
0
1
0
13
0
2
0
0
0
7
9
1
0
6
8
12
0
1
0
1
0
13
0
7
1
15
3
15
2
6
2
4
0
14
0
14
0
3
0
3
0
3
0
3
0
3
0
3
0
3
0
5
0
7
0
1
0
6
0
12
0
1
0
1
0
13
0
0
0
4
20
14
10
5
7
4
0
14
0
14
0
5
0
4
4
14
6
14
5
14
0
3
0
3
0
3
0
3
0
3
0
3
0
3
0
3
0
3
0
3
0
3
0
14
0
14
0
5
0
4
0
14
0
5
0
10
0
0
0
