11
20
0
0
11
12
0
0
11
0
0
0
11
20
0
0
11
12
0
0
11
0
0
0
11
0
0
0
11
0
0
0
11
0
0
0
11
20
0
0
11
0
0
0
11
12
0
0
11
12
0
0
11
0
0
0
7
0
6
21
4
0
3
0
14
25
3
0
14
0
3
0
14
0
3
0
14
15
3
0
14
0
3
0
14
0
3
15
14
0
3
0
14
0
3
0
14
0
3
0
14
0
3
0
14
0
3
0
14
0
3
0
14
0
8
0
12
0
13
0
7
0
3
0
3
0
3
0
15
0
15
0
15
0
15
0
15
0
15
0
15
15
15
0
15
0
15
0
15
0
15
0
15
0
15
0
15
1
3
0
3
0
3
0
3
0
3
0
3
0
3
0
3
0
6
19
12
0
13
0
2
0
9
5
3
15
3
0
12
11
14
0
14
0
14
0
14
0
14
0
14
15
14
0
14
0
14
0
14
0
14
0
14
0
14
0
5
0
7
0
3
0
3
0
3
0
3
0
3
0
3
0
3
0
5
0
12
15
13
15
12
0
3
0
3
0
3
0
5
0
7
0
3
0
3
0
3
0
3
0
3
0
3
0
3
0
3
0
3
0
3
0
3
0
3
0
3
0
5
0
7
0
3
0
3
0
3
0
3
0
3
0
3
0
6
0
12
0
13
0
2
0
7
1
15
0
3
0
3
0
5
0
7
0
15
0
15
0
3
0
3
0
15
0
3
0
3
0
6
0
0
0
0
0
7
0
15
0
6
0
2
0
7
0
15
0
15
0
15
0
6
0
11
2
2
0
12
0
13
0
2
0
12
3
13
0
7
0
3
0
6
0
12
0
1
0
13
0
7
0
15
0
13
15
7
0
6
0
2
0
0
0
0
0
2
0
12
0
13
0
12
0
12
11
1
0
1
0
1
0
13
0
2
1
2
0
12
15
13
15
2
0
12
3
13
0
4
0
6
0
2
0
12
0
1
0
13
0
12
1
1
4
13
0
2
0
10
0
2
0
0
0
0
0
2
0
12
0
5
0
10
0
4
0
1
15
14
0
14
0
5
0
2
3
2
0
12
0
13
0
2
0
12
0
13
0
7
0
5
0
2
0
12
15
14
0
5
0
4
0
14
0
5
0
4
0
6
0
2
0
0
0
0
0
2
0
2
0
0
0
0
0
0
0
2
0
7
3
15
0
15
0
13
0
2
0
12
0
13
0
2
0
12
0
13
0
12
0
8
0
2
0
2
0
7
2
15
10
15
0
15
0
6
0
7
0
5
0
4
0
3
0
15
0
8
16
13
0
9
5
3
0
3
0
13
0
12
0
1
0
1
0
13
0
2
0
12
0
13
0
2
0
12
0
13
0
2
0
11
12
2
0
2
0
12
1
1
3
1
12
1
0
13
0
2
0
7
0
3
0
6
0
2
0
10
1
2
0
7
0
3
0
6
0
2
0
12
0
1
0
1
0
13
0
2
0
12
15
13
15
2
0
12
0
13
0
12
0
5
0
2
0
2
0
12
3
1
12
1
0
1
0
13
0
4
0
5
0
7
0
5
0
7
0
6
0
2
0
12
0
8
12
2
0
2
0
12
0
1
0
1
0
13
0
2
0
12
0
13
0
2
0
12
0
5
0
2
0
7
0
13
0
2
0
12
0
1
0
1
0
1
0
13
0
7
14
6
14
12
0
6
0
12
0
1
0
13
11
1
0
6
0
2
0
2
0
12
0
1
0
1
0
13
0
2
0
12
0
13
0
4
20
14
0
3
0
5
15
10
20
10
0
10
20
4
0
14
0
14
0
14
20
5
0
4
20
5
14
4
20
5
0
4
20
5
0
10
20
4
0
5
20
4
0
5
0
4
0
14
0
14
0
5
20
4
0
14
0
5
0
