7
22
15
22
15
0
15
0
15
0
6
0
0
0
0
0
11
20
0
0
7
0
15
0
3
0
3
0
3
0
3
0
3
0
3
0
3
0
3
0
3
0
15
0
15
0
15
12
15
0
15
0
15
0
15
12
15
0
6
0
12
22
1
0
1
0
1
0
1
14
13
14
0
0
0
0
2
0
0
0
12
0
5
0
0
0
0
0
0
0
0
0
0
0
0
0
0
0
0
0
0
0
4
0
14
0
14
0
14
0
14
12
14
0
14
0
14
11
5
0
4
0
14
0
14
0
14
14
1
14
13
14
0
0
0
0
2
0
0
0
2
0
0
0
0
0
0
0
0
0
0
0
0
0
0
0
0
0
0
0
0
0
0
0
0
0
0
0
0
0
0
0
7
0
15
0
1
0
6
0
7
3
15
0
15
0
6
0
12
0
13
0
0
0
0
0
2
0
0
0
4
0
3
0
3
0
6
0
0
0
0
0
0
0
9
12
15
0
3
0
3
0
15
0
15
0
6
0
0
0
0
0
12
0
1
0
1
0
13
0
12
0
1
0
1
0
13
0
12
0
13
0
0
0
0
0
2
0
0
0
0
0
0
0
0
0
2
0
7
0
3
0
3
0
3
0
14
16
3
0
6
16
12
0
1
0
1
0
15
0
6
0
12
0
1
0
1
0
13
0
12
0
1
0
1
0
13
0
4
0
14
0
6
0
0
0
2
0
0
0
7
0
3
0
3
0
5
0
2
0
7
0
15
0
15
0
15
0
15
0
13
0
4
0
14
0
14
0
14
0
5
0
4
0
14
10
14
0
5
19
12
0
1
0
1
0
1
0
3
0
3
0
14
0
3
0
14
0
3
0
14
0
3
0
6
0
0
0
2
0
4
0
14
0
14
0
14
0
1
0
13
0
7
0
3
0
15
0
3
0
3
0
3
0
3
0
3
0
6
0
12
0
1
0
1
0
13
0
0
0
0
0
0
0
0
0
0
0
0
0
0
0
0
0
4
0
3
0
1
0
3
0
3
0
15
0
8
25
4
0
5
0
2
0
0
0
2
0
7
0
15
0
15
0
15
0
15
0
13
0
12
0
1
0
1
0
13
0
0
0
0
0
0
0
0
0
0
0
0
0
0
0
0
0
0
0
0
0
2
0
0
0
0
0
2
0
7
6
15
5
6
0
2
0
0
0
2
0
12
0
1
8
1
0
1
0
1
0
5
0
12
0
1
15
1
15
13
15
0
0
0
0
0
0
0
0
0
0
0
0
0
0
0
0
0
0
0
0
2
0
0
0
9
1
13
0
4
0
14
0
13
0
2
0
0
0
2
0
4
0
14
0
14
0
14
0
5
0
11
20
4
21
14
0
14
0
5
0
0
0
0
0
0
0
0
0
0
0
0
0
0
0
0
0
0
0
0
0
2
0
0
0
0
0
4
0
3
0
3
0
14
0
14
0
3
0
5
0
7
0
15
0
15
0
15
0
6
0
2
0
0
0
0
0
0
0
0
0
0
0
0
0
0
0
0
0
0
0
0
0
0
0
0
0
0
0
0
0
2
0
9
8
3
0
3
0
3
0
3
0
3
0
3
0
3
0
3
0
12
16
1
0
1
0
1
0
13
0
2
0
0
0
0
0
0
0
0
0
0
0
0
0
0
0
0
0
0
0
0
0
0
0
0
0
0
0
0
0
4
0
3
0
3
0
3
0
3
0
3
0
3
0
3
0
3
0
6
0
4
0
14
0
14
0
14
0
14
0
13
0
0
0
0
0
0
0
0
0
0
0
0
0
0
0
0
0
0
0
0
0
0
0
0
0
0
0
0
0
0
0
0
0
0
0
0
0
0
0
0
0
0
0
0
0
0
0
4
0
3
0
3
0
3
0
3
0
3
0
5
0
