7
0
15
0
15
0
15
0
15
0
15
0
15
0
15
0
6
0
7
6
3
0
3
0
3
0
3
0
3
0
3
0
3
0
3
0
3
0
3
0
3
0
3
0
3
0
3
0
15
0
6
0
7
0
3
0
3
0
6
0
4
21
14
0
14
0
14
0
14
0
14
0
14
0
14
0
13
0
4
16
3
0
3
0
3
0
3
0
15
0
6
0
9
0
3
0
3
0
3
0
3
0
3
0
3
0
3
0
13
0
2
0
2
0
7
0
6
0
2
0
9
0
6
0
11
0
7
0
15
0
15
0
15
0
6
0
12
0
6
12
7
0
6
0
7
0
6
0
4
0
14
0
3
0
3
0
3
0
3
0
3
0
3
0
3
0
6
0
2
0
2
0
2
0
12
0
13
0
2
0
11
25
2
0
2
0
12
0
1
0
1
0
1
0
13
0
4
0
5
20
4
0
14
0
5
0
4
0
3
0
3
0
6
0
7
0
3
0
3
0
3
0
3
0
6
0
2
0
2
0
2
0
2
0
12
0
13
0
2
0
2
0
2
0
2
0
12
0
1
0
1
19
1
0
13
0
9
0
3
0
3
0
3
0
3
0
3
0
3
0
6
0
12
16
5
16
7
0
15
0
15
0
6
0
2
0
1
0
1
0
4
0
5
0
12
0
13
0
2
0
2
0
2
0
13
11
1
0
1
0
1
0
1
0
13
0
7
0
15
0
3
0
3
0
3
0
3
0
6
0
2
0
10
0
7
0
14
0
14
0
14
0
13
0
2
0
2
0
4
0
3
0
3
0
14
0
5
0
2
0
2
0
2
0
2
0
12
0
1
0
1
0
1
0
5
0
12
0
13
0
7
0
15
0
3
0
3
0
5
16
4
0
6
0
12
0
7
0
15
0
6
0
4
0
14
0
13
0
7
0
15
0
15
0
6
0
0
0
2
0
2
0
2
0
2
0
4
0
14
0
14
0
5
0
7
0
12
0
13
0
2
0
12
0
3
0
15
0
3
16
8
0
2
0
2
0
2
0
2
0
2
0
7
0
3
0
5
0
12
0
1
0
1
0
1
0
6
0
2
0
4
0
1
0
13
0
9
0
3
0
3
0
3
0
1
0
1
0
13
0
2
0
2
0
9
20
12
11
3
0
8
0
1
0
5
0
10
0
2
0
2
0
4
0
3
0
6
16
12
0
1
0
1
0
1
0
13
0
2
0
11
0
2
0
12
0
3
0
3
0
3
0
6
0
4
0
14
0
5
0
2
0
12
0
3
0
14
0
3
0
3
0
3
0
3
0
3
0
5
0
4
0
3
0
3
0
3
0
14
0
1
0
1
0
1
0
13
0
2
0
2
0
2
0
2
0
7
0
3
0
6
0
12
0
3
0
3
0
3
0
1
0
14
0
3
0
15
0
15
0
15
0
15
0
15
0
15
0
15
0
15
0
15
0
15
0
15
0
6
12
12
0
1
0
1
0
13
0
2
0
2
0
2
0
2
0
4
0
6
0
2
0
2
0
11
0
7
0
15
0
1
0
15
0
6
0
12
0
1
0
1
0
1
0
1
0
1
0
1
0
1
0
1
0
1
0
14
0
13
0
12
0
1
0
14
0
5
12
2
0
2
0
2
0
2
0
7
0
5
0
4
0
13
0
12
1
12
11
1
0
1
0
1
0
13
0
12
12
1
0
1
0
1
0
1
0
1
0
1
0
1
0
1
0
1
0
1
0
13
0
4
4
5
4
7
0
8
0
2
0
4
0
5
0
10
0
4
0
8
0
9
12
5
18
10
3
4
0
14
0
14
0
14
0
14
0
14
0
14
0
14
0
14
0
14
0
14
0
14
0
14
0
14
0
14
0
14
0
14
0
3
0
3
0
3
0
3
0
5
0
