7
0
15
0
15
0
3
0
3
0
6
0
7
0
3
0
6
0
7
0
15
0
15
9
15
8
6
0
7
0
15
0
15
0
15
0
6
6
7
0
15
0
15
0
15
0
6
0
7
0
15
0
15
0
15
0
6
6
11
0
12
0
1
0
13
0
11
0
7
0
5
0
12
0
1
20
13
19
12
0
1
0
1
0
1
0
13
0
12
0
1
0
1
0
1
0
13
0
12
0
1
0
1
20
1
0
13
0
12
0
1
0
1
0
1
0
13
0
2
0
12
0
1
0
13
0
2
0
2
0
11
21
12
0
1
0
13
0
12
0
1
0
1
0
1
0
13
0
12
0
1
0
1
0
1
0
13
0
12
0
1
0
1
0
1
0
13
0
12
0
1
0
1
0
1
12
13
0
2
0
12
0
1
0
13
0
2
0
2
0
2
0
12
0
1
0
13
0
12
0
1
0
1
0
1
0
13
0
12
0
1
0
1
0
1
0
13
0
12
0
1
0
1
0
1
0
13
0
12
0
1
0
1
0
1
0
13
0
2
0
12
14
1
14
13
16
13
0
2
0
2
0
12
0
14
0
5
0
4
0
14
0
1
15
14
0
5
0
4
0
14
0
1
0
14
0
5
0
4
0
14
0
1
14
14
0
5
0
4
0
14
0
1
0
14
0
5
0
2
0
12
0
1
0
13
0
2
0
2
0
2
0
10
0
0
0
0
0
0
0
0
0
2
15
0
0
0
0
0
0
0
0
2
0
0
0
0
0
0
0
0
0
2
0
0
0
0
0
0
0
0
0
2
0
0
0
0
0
2
0
12
0
1
0
13
0
2
0
10
0
2
0
9
0
3
0
3
0
3
0
3
0
1
0
3
0
3
0
3
0
3
0
1
0
3
0
3
0
3
0
3
0
1
0
3
0
3
0
3
0
3
0
1
14
3
0
3
0
5
25
12
0
1
0
13
0
12
0
15
14
13
14
11
0
0
0
0
0
0
0
0
0
2
15
0
0
0
0
0
0
0
0
2
0
0
0
0
0
0
0
0
0
2
14
0
0
0
0
0
0
0
0
2
0
0
0
0
0
0
0
12
0
1
0
13
0
12
0
1
14
13
14
12
0
15
0
6
0
7
0
15
0
1
0
15
0
6
0
7
0
15
0
1
0
15
0
6
0
7
2
15
14
1
14
15
12
6
18
7
0
15
0
1
0
15
0
15
0
6
0
12
0
1
0
13
0
12
0
1
0
13
0
12
0
1
0
1
0
12
0
1
0
1
0
1
0
13
0
12
0
1
0
1
0
1
0
13
0
12
2
1
1
1
5
1
5
13
12
12
0
1
0
1
0
1
0
1
0
13
0
12
0
1
0
13
0
4
0
14
0
5
0
12
0
1
0
13
0
12
0
1
0
1
0
1
0
13
0
12
0
1
0
1
0
1
0
13
0
12
2
1
1
1
1
1
12
13
4
12
0
1
0
1
0
1
12
1
12
13
0
12
0
1
0
1
0
15
0
15
0
6
0
12
0
1
20
13
0
12
6
1
5
1
0
1
0
13
0
12
0
1
0
1
0
1
0
13
0
12
1
1
1
1
1
1
1
13
4
12
0
1
0
1
0
1
0
1
0
13
0
12
0
1
0
1
0
1
0
1
0
1
15
12
11
1
0
13
0
12
0
1
0
1
0
1
0
13
0
12
6
1
0
1
0
1
0
13
0
12
1
1
1
1
1
1
1
13
4
12
0
1
0
1
0
1
0
1
0
13
0
4
0
14
0
14
0
14
0
14
0
5
0
4
0
14
0
5
0
4
0
14
0
14
0
14
0
5
0
4
0
14
0
14
0
14
0
5
0
4
3
14
3
14
12
14
1
5
1
4
6
14
0
14
0
14
0
14
5
5
5
