7
0
15
0
15
0
6
0
0
0
0
0
0
0
0
0
7
0
15
0
15
14
15
0
6
14
7
0
3
0
3
0
3
0
3
0
3
0
3
0
3
0
3
0
3
0
3
0
3
0
3
0
3
0
3
0
3
0
6
0
4
0
1
0
14
16
14
0
3
0
3
0
6
0
0
0
12
14
1
0
1
0
1
0
13
19
2
0
7
0
15
0
15
5
15
0
6
4
7
0
15
12
15
12
15
6
6
6
0
0
0
0
7
0
15
0
6
0
2
0
0
0
2
0
2
0
7
0
15
12
6
12
2
0
0
0
12
0
1
0
1
0
1
0
13
0
12
0
1
14
1
0
1
14
1
0
13
14
12
0
1
12
1
12
1
12
13
5
7
0
3
0
12
16
1
0
13
0
2
0
9
20
5
0
2
0
12
0
1
12
13
0
2
0
0
0
12
14
1
0
1
14
1
14
13
0
2
0
12
0
1
0
1
0
1
0
13
14
12
0
1
0
1
23
14
24
5
9
2
0
0
0
4
0
1
0
5
0
2
0
7
0
15
12
1
0
1
14
1
14
13
0
2
0
0
0
12
0
1
0
1
0
1
0
13
0
2
0
4
0
1
0
1
0
1
25
13
0
12
0
1
0
13
0
7
5
6
6
2
0
7
0
15
0
1
0
6
0
2
0
12
0
13
0
2
0
12
0
1
0
13
5
12
0
3
0
8
11
1
14
1
0
1
14
13
14
4
0
6
0
4
0
14
14
14
14
13
0
12
14
1
14
13
14
12
5
1
14
13
0
12
0
1
0
1
0
1
14
13
0
12
0
13
0
2
18
4
3
14
3
5
0
2
0
0
0
4
0
14
14
14
16
14
14
5
14
0
0
2
0
7
0
15
0
6
6
2
0
12
14
1
14
13
14
4
6
5
6
2
0
4
0
14
0
1
0
5
0
2
0
4
22
5
22
12
14
15
14
15
0
6
6
2
0
9
6
3
14
15
0
3
0
3
0
3
22
3
0
5
0
12
0
1
3
13
0
12
0
14
18
14
14
5
14
9
21
6
14
4
0
8
0
7
0
1
0
6
0
2
0
0
0
7
14
1
14
1
14
1
0
13
6
2
0
7
3
15
0
1
14
15
0
15
22
6
22
0
0
0
0
12
0
1
0
13
0
4
0
3
0
3
0
3
0
6
0
4
12
3
14
3
14
12
16
1
0
13
0
2
0
0
0
12
14
1
14
1
14
1
0
13
5
2
0
4
3
14
1
14
0
14
0
14
22
5
1
0
0
0
0
4
0
1
0
5
0
7
0
15
0
15
22
6
0
2
0
0
0
0
0
0
0
4
0
14
0
5
0
2
0
0
0
12
0
1
0
1
0
1
0
13
7
4
0
3
0
3
0
3
0
3
0
3
0
3
0
3
0
3
0
3
0
14
0
3
0
1
0
1
0
1
0
13
0
4
0
3
0
3
0
14
0
3
0
3
0
3
14
5
0
0
0
4
0
14
0
14
0
14
11
5
10
7
12
15
0
15
0
15
0
15
0
6
12
9
20
3
22
3
22
3
5
8
12
0
0
4
0
14
0
14
22
5
22
7
12
15
6
15
6
15
6
15
5
6
5
0
0
0
0
9
0
3
0
3
0
3
0
14
0
3
0
1
0
1
12
1
0
1
12
1
0
13
16
3
23
3
0
3
0
3
0
3
0
3
0
3
0
3
23
3
0
3
0
1
24
1
6
1
5
1
7
1
6
13
6
0
0
0
0
0
0
0
0
0
0
0
0
0
0
0
0
4
0
14
0
14
0
14
12
14
12
5
12
0
0
0
0
0
0
0
0
0
0
0
0
0
0
0
0
0
0
0
0
4
12
14
9
14
8
14
6
14
6
5
6
0
0
0
0
