7
20
6
0
7
6
15
6
15
15
6
20
0
0
0
0
7
0
15
0
15
0
15
0
6
0
7
0
3
0
3
0
3
0
8
0
7
0
15
0
15
0
15
0
6
0
0
0
0
0
0
0
0
0
0
0
0
0
0
0
12
0
13
0
12
4
1
0
1
0
13
0
0
0
0
0
12
0
1
0
1
0
1
0
13
0
2
0
7
0
3
0
3
0
3
0
1
0
1
0
1
0
1
0
1
0
3
0
3
0
3
0
3
0
3
0
3
0
8
21
12
0
13
0
12
3
1
0
1
15
5
0
0
0
0
0
4
0
1
0
14
0
14
0
5
0
2
22
2
0
7
0
15
0
6
0
4
0
14
0
14
0
14
0
5
0
7
0
8
6
7
24
15
0
15
0
6
0
0
0
4
0
5
19
12
15
14
15
5
15
7
0
3
0
3
0
3
0
14
0
3
0
3
12
8
12
2
0
12
0
1
0
1
0
1
0
15
0
15
0
6
0
7
0
15
0
15
11
6
0
12
0
1
0
1
0
13
0
0
0
7
0
15
0
15
11
15
0
6
0
4
15
3
15
3
0
3
0
15
0
3
0
3
0
3
0
1
0
2
0
12
0
1
0
1
0
1
0
1
0
13
0
12
0
1
0
1
0
13
0
12
23
1
0
1
0
13
0
0
0
12
0
1
0
1
0
1
0
13
15
7
0
15
0
3
0
3
0
14
0
3
0
3
0
8
12
2
0
2
0
12
0
1
0
1
0
1
0
1
0
13
11
12
11
1
0
1
0
13
0
12
0
1
0
1
0
13
0
0
0
12
0
1
0
1
15
1
0
13
0
12
0
1
25
15
0
3
0
3
0
3
0
3
0
8
0
2
0
2
0
4
0
14
0
14
0
14
0
14
0
5
0
4
0
14
0
14
0
5
0
4
0
1
23
14
0
5
0
0
0
4
0
14
0
1
15
14
0
5
15
4
0
1
0
13
0
7
0
15
0
15
0
15
0
6
0
2
0
2
0
0
0
0
0
9
12
3
0
3
0
6
0
0
0
7
0
15
0
15
0
15
0
15
16
6
0
0
0
0
0
7
0
15
0
15
16
15
0
15
0
6
0
12
0
13
0
12
0
1
0
1
0
1
0
13
0
2
0
4
0
3
0
3
0
3
0
3
0
3
0
14
16
8
12
12
0
1
0
1
0
1
0
1
0
13
0
0
0
0
0
12
0
1
15
1
15
1
0
1
15
13
0
12
0
13
0
12
0
1
0
1
0
1
0
1
0
1
0
7
5
15
6
15
6
6
5
7
12
15
0
1
0
6
0
12
0
1
0
1
0
1
0
1
0
13
0
0
0
0
0
12
0
1
0
1
0
1
0
1
0
13
0
12
0
13
0
12
0
1
0
1
0
1
0
13
0
2
0
12
12
1
0
1
12
13
12
12
0
1
0
1
0
13
0
12
0
1
0
1
0
1
0
1
0
13
0
0
0
0
0
12
0
1
0
1
15
1
0
1
15
13
0
12
0
13
0
4
0
14
0
14
0
14
0
5
0
2
0
12
12
1
0
1
12
13
12
12
15
1
0
1
0
13
0
4
0
14
0
1
0
14
0
14
0
5
0
0
0
0
0
4
0
14
0
1
0
14
0
14
0
5
0
4
0
14
0
3
0
3
0
3
0
3
0
8
20
2
0
12
12
1
0
1
12
13
12
4
0
14
0
14
0
14
15
3
15
8
6
12
0
3
0
3
0
3
0
8
0
0
0
9
15
3
0
14
0
3
0
3
15
3
0
3
0
3
0
3
0
3
0
3
0
3
15
3
0
14
0
14
0
14
0
14
0
14
0
3
0
3
0
3
0
3
0
3
0
3
0
14
0
3
0
3
0
3
0
3
0
8
0
