7
0
15
0
15
0
15
0
6
0
0
0
0
0
0
0
0
0
0
0
0
0
0
0
0
0
0
0
0
0
0
0
0
0
0
0
0
0
0
0
0
0
7
0
15
0
15
0
15
0
6
0
0
0
0
0
0
0
0
0
12
0
1
0
1
5
1
0
13
0
0
0
0
0
0
0
0
0
0
0
0
0
0
0
0
0
0
0
0
0
0
0
0
0
7
0
15
0
15
0
6
0
12
0
1
0
1
0
1
0
1
0
3
0
3
0
3
0
6
0
12
0
1
0
1
0
1
0
13
16
9
25
3
0
3
0
3
0
3
0
3
0
3
0
3
0
3
0
3
0
15
0
3
0
1
0
1
0
1
0
13
11
4
0
14
0
14
0
14
0
5
0
7
0
15
0
6
0
2
0
4
0
14
16
14
0
14
0
5
0
7
15
3
15
3
15
3
15
3
15
15
15
15
15
15
4
6
5
7
0
1
0
6
0
12
0
1
0
1
0
13
0
0
0
7
0
15
0
15
0
6
0
12
0
1
0
13
0
2
0
7
12
15
0
15
0
6
12
7
0
5
15
7
0
15
0
15
0
6
15
4
12
14
12
14
19
5
6
12
0
1
0
13
0
12
0
1
0
1
0
13
16
6
0
12
0
1
0
1
0
13
16
1
0
1
0
13
0
2
0
12
12
1
0
1
0
13
12
2
0
7
0
1
6
1
0
1
0
13
0
7
0
3
0
3
0
3
0
14
0
14
0
5
0
4
0
14
0
14
0
5
0
2
0
12
0
1
0
14
0
5
0
4
0
14
0
13
0
2
0
12
12
1
0
1
0
13
12
2
0
12
14
1
0
1
0
1
14
13
6
2
0
7
0
15
0
15
3
15
3
15
3
15
3
6
2
7
0
3
0
3
0
5
0
12
0
13
0
7
22
15
22
15
22
6
12
10
0
2
0
12
0
1
0
1
0
13
12
2
0
12
0
1
0
1
14
1
14
13
0
12
0
12
16
1
0
1
0
1
0
1
0
1
0
13
0
2
0
0
0
7
0
15
0
1
0
1
0
12
11
1
22
1
12
1
0
3
0
5
0
12
12
1
12
1
12
13
12
2
0
4
14
14
0
1
14
14
0
5
0
2
0
12
0
1
0
1
0
1
0
1
0
1
0
13
0
2
0
0
0
12
0
1
0
1
0
13
0
12
22
1
12
1
0
13
0
0
0
0
0
12
0
14
0
14
0
5
0
4
0
3
0
3
0
14
0
3
0
3
0
5
0
4
0
14
0
1
15
1
15
1
15
14
0
5
0
2
0
0
0
4
0
14
0
1
0
5
0
12
6
1
0
1
0
13
0
0
0
0
0
2
0
0
0
7
15
15
15
15
0
15
0
3
23
3
23
3
23
15
24
15
10
15
5
6
2
12
0
1
0
13
0
7
12
15
12
1
0
15
0
15
0
6
12
2
0
0
0
4
12
14
0
14
0
5
0
7
0
6
20
2
0
0
0
12
15
1
15
1
0
13
0
0
0
0
0
0
0
12
23
1
5
1
4
13
4
12
0
1
0
13
0
12
0
1
0
1
0
1
0
1
0
13
0
4
0
3
0
8
21
7
0
15
23
15
0
1
0
13
7
2
0
0
0
12
15
1
15
1
0
13
0
0
0
0
0
0
0
12
8
1
5
1
6
13
4
12
0
1
20
13
0
12
0
1
0
1
0
1
13
1
0
13
16
3
0
3
0
3
0
1
0
1
23
1
0
1
0
13
22
4
0
3
0
14
0
14
15
14
0
5
0
0
0
0
0
0
0
4
9
14
7
14
6
5
0
4
0
14
0
5
0
4
12
14
0
14
0
14
0
14
0
5
12
0
0
0
0
0
0
4
0
14
23
14
0
14
0
5
24
