9
12
3
0
15
0
3
0
3
0
3
0
3
0
3
0
3
0
3
0
8
20
9
21
6
0
7
20
15
0
15
0
6
0
7
0
3
15
8
12
9
12
15
0
3
0
3
0
3
0
3
0
3
0
3
0
3
0
6
0
0
0
0
0
2
0
0
0
0
0
0
0
0
0
7
0
15
0
15
0
6
0
0
0
2
0
12
0
1
0
1
0
13
0
2
15
7
0
15
0
6
0
2
0
9
12
3
15
3
0
3
15
3
0
15
15
8
12
2
0
9
12
3
0
1
0
3
0
3
0
3
0
3
0
1
0
1
0
1
0
13
0
0
0
2
0
12
0
1
0
1
0
13
0
2
0
12
0
1
0
13
0
2
0
7
0
3
0
3
15
3
0
8
12
2
0
7
0
13
0
0
0
0
0
2
0
7
0
3
0
15
0
8
12
4
0
14
0
14
0
5
0
0
0
2
0
12
0
1
0
1
0
13
0
2
15
2
0
12
0
13
0
2
0
2
0
7
0
15
0
15
0
15
0
1
0
12
16
13
0
0
0
0
0
2
0
2
0
7
0
1
14
6
4
7
0
15
0
6
0
0
0
0
0
2
0
12
0
1
0
1
0
13
0
2
18
2
0
4
0
5
0
2
0
2
0
12
0
1
0
1
15
1
0
13
0
2
0
2
0
0
0
0
0
2
0
2
0
12
14
1
14
13
14
12
0
1
0
14
0
3
0
3
0
5
0
12
0
1
0
1
0
13
0
12
0
1
0
15
0
15
0
13
0
2
0
12
0
1
0
1
0
1
0
13
0
2
0
2
0
7
6
6
6
2
20
2
0
4
14
14
14
5
5
12
0
5
0
7
0
15
0
15
0
6
0
12
15
1
15
1
15
13
15
2
0
12
0
1
0
1
0
13
0
2
0
12
0
1
15
1
15
1
0
13
0
2
0
10
0
12
6
13
6
2
0
4
0
3
0
3
0
3
0
14
0
3
0
1
0
1
15
1
0
13
15
12
15
1
15
1
15
13
15
2
0
12
0
1
0
1
0
13
0
2
0
12
0
1
0
1
0
1
0
13
0
2
0
0
0
12
0
13
0
2
0
0
0
7
0
15
0
15
0
15
0
6
0
12
0
1
0
1
0
13
0
12
15
1
15
1
15
13
15
2
0
4
0
14
0
14
0
5
0
2
0
12
0
1
0
1
15
1
0
13
0
2
0
0
0
12
15
5
0
2
0
0
0
12
0
1
0
1
0
1
15
13
0
12
0
1
15
1
0
1
0
12
11
1
0
1
0
13
0
12
0
15
0
15
0
6
0
7
0
13
0
4
15
14
0
14
0
14
0
5
0
4
0
6
0
12
15
3
0
14
0
3
0
1
0
1
15
1
0
1
0
13
0
4
0
14
0
14
0
5
0
12
0
1
0
1
0
13
0
12
0
1
0
1
0
13
16
1
0
1
0
6
0
7
0
15
0
15
15
15
0
6
0
2
0
2
0
7
0
15
0
15
15
1
15
1
0
1
0
1
0
13
0
7
12
15
0
15
0
6
0
12
22
1
0
1
24
13
0
12
0
1
15
1
15
13
0
12
0
1
0
13
0
12
0
1
15
1
0
1
0
13
0
2
0
2
15
4
0
1
0
1
15
1
15
1
15
1
15
1
0
13
11
1
0
1
6
1
0
13
0
12
22
1
0
1
0
13
0
4
0
14
15
14
0
5
0
12
0
1
0
5
0
4
0
14
0
14
0
1
0
5
0
2
0
4
0
8
12
4
0
14
0
14
0
14
0
14
0
14
0
5
25
4
0
14
12
14
0
5
5
4
24
14
0
14
8
5
9
9
19
3
0
3
0
3
0
14
0
5
0
9
12
3
0
3
0
3
0
14
0
3
0
5
0
