7
0
6
0
7
0
15
0
6
0
7
0
15
0
15
0
15
0
15
0
15
0
3
0
3
0
3
0
3
0
3
0
3
0
3
0
3
0
3
0
3
0
3
0
8
20
7
0
3
0
3
0
15
0
3
0
3
0
8
0
12
0
13
0
4
0
14
0
13
0
12
0
1
0
1
0
1
0
1
0
13
0
7
14
15
0
15
0
15
0
15
0
15
0
15
0
15
0
6
0
7
5
15
0
6
15
2
0
7
0
15
0
1
0
15
0
6
0
0
0
12
0
1
14
3
0
3
0
13
0
2
0
12
0
1
0
1
0
1
0
13
0
12
0
1
0
1
0
1
0
1
0
1
0
1
0
1
0
13
0
12
5
1
15
1
15
13
0
12
0
1
0
1
0
1
0
13
0
0
0
12
6
13
0
7
0
6
0
2
0
2
0
4
0
14
0
14
0
14
0
5
0
12
0
1
0
1
0
14
0
14
0
14
0
14
0
14
0
5
0
4
5
14
0
5
15
2
0
12
0
1
0
1
0
1
0
13
0
0
0
12
0
13
0
12
0
1
0
1
0
1
25
3
0
3
0
3
14
3
0
3
0
1
14
1
0
13
16
3
0
3
0
3
23
3
0
3
13
8
6
7
0
15
0
15
0
13
0
4
0
1
0
1
0
1
0
13
0
0
0
4
12
5
12
12
0
13
0
2
0
2
0
7
0
6
0
0
0
7
0
6
5
12
0
1
0
1
14
15
0
15
0
15
0
15
0
15
0
6
0
12
0
1
0
1
0
13
0
0
0
4
0
14
0
1
0
5
0
0
0
9
19
6
0
12
0
13
0
4
0
5
0
12
0
13
0
7
15
1
15
13
6
12
0
1
14
1
14
1
0
1
0
1
0
1
0
1
0
13
0
12
0
1
0
1
0
13
0
0
0
0
0
0
0
2
0
0
0
0
0
9
0
13
0
12
0
1
0
15
0
15
0
1
0
13
0
2
15
12
0
13
6
4
0
14
0
14
0
14
0
14
11
14
0
14
0
14
0
5
0
12
0
14
0
14
0
5
0
0
0
0
0
0
0
2
0
0
0
0
0
9
0
13
0
4
0
14
0
14
0
14
0
14
0
5
12
2
15
4
6
5
6
7
0
6
15
7
0
15
0
1
0
6
0
0
0
7
0
3
0
5
14
7
14
15
14
15
14
15
0
6
0
0
0
2
0
0
0
0
0
7
0
15
16
6
0
0
0
0
0
7
0
3
0
3
0
5
15
0
0
0
0
12
15
13
15
12
0
1
0
1
0
13
0
7
0
15
11
6
0
7
14
1
14
1
14
14
0
1
0
13
0
0
0
2
0
0
0
0
0
12
0
1
0
13
0
0
0
9
0
13
16
3
0
3
0
3
0
3
0
3
18
14
0
5
0
12
0
1
0
1
0
13
0
12
0
1
0
13
0
12
14
1
14
13
0
11
12
12
5
13
0
0
0
2
0
0
0
0
0
12
0
1
0
1
0
3
0
3
0
1
0
3
0
3
0
3
0
3
0
3
0
3
0
15
0
14
0
14
0
14
0
5
0
12
0
1
0
13
0
12
14
1
0
13
0
2
0
12
0
13
0
0
0
2
0
0
0
0
0
4
0
14
0
5
0
7
0
3
0
14
0
3
0
3
0
3
0
3
0
3
0
6
0
4
0
3
0
3
0
3
0
3
0
1
0
1
0
13
0
12
0
1
0
1
0
15
11
1
0
13
0
0
0
4
0
3
0
8
21
9
0
3
0
3
0
5
0
9
0
3
0
3
0
3
0
3
0
3
0
3
0
14
0
3
0
3
0
3
0
3
0
8
0
4
0
14
0
5
0
4
0
14
0
14
0
14
20
14
0
5
0
0
0
0
0
0
0
0
0
