0
0
7
0
15
0
15
0
6
0
0
0
0
0
7
20
6
0
0
0
0
0
7
0
6
20
0
0
0
0
7
12
6
12
0
0
0
0
0
0
0
0
7
0
15
0
6
12
7
20
6
0
0
0
0
0
7
4
6
15
7
7
1
19
14
0
14
0
1
0
6
0
0
0
12
0
13
0
0
0
0
0
12
0
13
0
0
0
7
0
1
0
1
0
6
0
0
0
0
0
7
0
1
0
14
0
5
20
12
0
13
0
0
0
0
0
12
0
13
5
12
0
13
0
0
0
0
0
12
0
13
0
0
0
12
0
13
0
0
0
0
0
12
0
13
0
0
0
12
0
13
0
12
0
13
0
0
0
7
0
1
0
5
0
0
0
0
0
12
0
13
0
0
0
7
0
1
0
5
12
12
0
13
0
0
0
0
0
12
0
13
0
0
0
12
15
13
0
0
0
0
0
12
0
13
0
0
0
12
0
13
0
12
0
13
0
0
0
12
0
13
0
0
0
0
0
0
0
12
0
13
0
0
0
12
0
5
0
0
0
12
0
13
15
0
0
0
0
12
0
13
0
0
0
12
0
13
0
0
0
0
0
12
0
13
0
7
0
1
0
5
0
4
15
1
15
6
0
12
0
13
0
0
0
0
0
0
0
12
0
13
0
7
0
13
0
0
0
0
0
12
0
13
12
0
0
0
0
12
0
13
0
0
0
12
1
13
0
0
0
0
0
12
0
13
0
12
22
13
0
0
0
0
0
12
0
13
0
12
3
13
0
0
0
0
0
0
0
12
0
1
0
1
0
5
0
0
0
0
0
12
0
13
0
0
0
0
0
12
0
13
0
0
0
12
0
13
15
0
0
0
0
12
0
13
0
12
0
1
0
3
0
3
0
1
0
13
0
12
0
13
0
0
0
0
0
0
0
12
0
1
0
13
0
0
0
0
0
0
0
12
0
13
0
0
0
0
0
12
0
13
0
0
0
12
0
13
0
0
0
0
0
12
0
13
0
12
0
1
0
3
0
3
0
1
15
13
0
12
0
13
0
0
0
0
0
0
0
12
0
1
0
1
0
6
0
0
0
0
0
12
0
13
1
0
0
0
0
12
0
13
0
0
0
12
15
13
0
0
0
0
0
12
0
13
0
12
0
13
0
0
0
0
0
12
0
13
0
12
0
13
0
0
0
0
0
0
0
12
0
13
0
4
0
1
0
6
0
0
0
12
0
13
1
0
0
0
0
12
0
13
0
0
0
12
0
13
0
0
0
0
0
12
0
13
0
12
0
13
0
0
0
0
0
12
0
13
0
12
0
13
0
0
0
0
0
0
0
12
0
13
0
0
0
12
0
13
0
0
0
12
0
13
0
0
0
0
0
12
0
13
0
0
0
12
0
1
0
6
12
7
12
1
0
13
0
12
0
13
0
0
0
0
0
12
0
13
0
4
0
1
0
6
0
0
0
0
0
12
0
13
0
0
0
4
0
13
0
0
0
12
0
13
0
0
0
9
21
12
11
1
7
15
0
14
0
1
0
1
0
1
0
1
0
5
0
12
0
13
0
0
0
0
0
12
0
13
0
0
0
12
0
15
0
15
0
6
0
12
0
13
0
0
0
0
0
12
0
6
0
4
0
1
0
15
15
15
0
1
0
1
0
5
0
0
0
12
0
1
0
1
0
13
0
0
0
12
0
13
0
0
0
0
0
12
0
13
0
0
0
4
0
1
0
1
0
13
0
12
0
13
15
0
0
0
0
12
0
13
0
0
0
4
0
14
0
14
0
5
0
10
0
0
0
0
0
4
22
14
0
14
0
5
0
0
0
4
0
5
0
0
0
0
0
4
15
5
20
0
0
0
0
4
0
14
0
5
16
4
22
5
15
0
0
0
0
4
0
5
25
