




                     THE COMPANY presents HAEGAR
                     ---------------------------
                           (List of Codes)

          |
          |  A    B    C    D    E    F    G    H    I    J
   -----------------------------------------------------------
         0| 0853 1964 2075 7520 8632 1863 2974 3085 4196 5207
         1| 1853 1308 6419 9641 0752 1863 2974 3085 4196 5207
         2| 6419 7541 0752 1863 2974 3085 4186 4297 5308 6453
         3| 1863 2974 3080 8631 9742 0853 1908 6419 7541 0752
         4| 7529 8530 9641 0752 1863 6318 7420 8631 9742 0853
         5| 6418 7529 8630 9085 4196 5520 8631 9742 0853 1964
         6| 9641 0756 5207 6320 8631 9742 0853 1964 2074 3085
         7| 3085 4196 5207 6318 7429 8530 9641 0752 1807 6307
         8| 4186 4297 6308 6419 7520 8075 3186 4974 3085 4196
         9| 0752 1863 2918 7429 8542 0853 1964 2075 3186 4297
        10| 3180 8631 9743 2974 3085 4196 5207 6318 7429 8530
        11| 9742 5308 6419 7529 8631 9741 0297 5302 0853 1965
        12| 2974 3085 4196 5207 6318 7429 2974 3085 5308 6419
        13| 4196 5207 6318 7429 8574 3085 4296 5307 6318 7429
        14| 6419 7520 8635 3186 4229 8530 9631 9742 0853 1964
        15| 9741 4196 5202 1863 2318 7429 8530 9641 0752 1807
        16| 5207 3186 4297 5308 6419 7520 8635 3185 4129 8530
        17| 5308 6419 7520 8631 9746 4297 5329 8530 9641 0752
        18| 9641 0752 1863 6318 7420 8631 9742 0853 1964 2075
        19| 0752 1207 6318 3186 4297 5308 6419 7520 8631 9742
        20| 7631 9742 0853 1964 2075 3186 4297 5307 0752 1963
        21| 9641 0752 1863 2974 3085 4196 5241 0742 1085 4186
        22| 3085 4196 5241 0752 1964 2075 3186 4297 5307 6318
        23| 4190 9641 0758 7429 8530 9641 4297 5308 6418 7463
        24| 2964 3075 4186 2075 3185 4196 5341 0752 1075 4186
        25| 1963 2974 3085 4196 5201 0752 1864 2075 3186 4297
        26| 3186 4297 5308 0853 1964 3075 4186 4297 5308 6419
        27| 5302 0853 1942 0853 1964 2075 3186 4296 5308 6452
        28| 5207 6318 7429 8530 9641 0752 1863 2918 7429 8530
        29| 5308 6419 7520 8631 9186 4297 5429 8530 9641 0752
        30| 9641 0752 1807 6318 7431 9742 0853 1964 2075 3186
        31| 1863 6318 7428 7429 8530 9641 0752 1863 6418 1863
        32| 0853 1964 2075 3186 4294 3085 4530 9641 2075 3186
        33| 1863 2974 3085 4196 5241 0752 1075 3186 4297 5308
        34| 4297 5308 6413 1964 2096 5207 6318 7429 8530 9641
        35| 6419 1964 2075 5297 6318 7419 7520 8631 3186 4297
        36| 5242 0852 1963 2074 3085 4190 9641 0753 1964 2075
        37| 0852 1863 2974 3085 4530 9641 2075 3186 4297 5308
        38| 5297 5308 6453 1964 2085 4196 5207 6318 7429 8530
        39| 5302 0853 1920 8631 9742 0853 1964 2074 3085 4130
        40| 3085 4196 5207 6318 7429 8530 9641 1964 2196 5207
        41| 2075 3186 4297 5308 6413 1964 2075 4196 5207 6318
        42| 5207 6318 7429 2974 3085 5308 6419 7520 8631 9741
        43| 7429 8574 3085 4752 1853 1964 2075 3186 4297 5308
        44| 9642 0853 1964 2075 3185 8631 9742 0853 1308 6419
        45| 6318 7429 8530 9641 0752 1863 2318 7429 9742 0852
        46| 9742 0852 1863 2974 3029 8530 9653 1964 2075 3186
        47| 1863 2974 3085 8530 9647 6308 7419 8520 8631 9742
        48| 3075 3186 6353 1964 2075 3186 4297 5308 6418 7524
        49| 9742 0853 1964 2074 3085 4196 5241 0752 1075 3186
  -----------------------------------------------------------
          |  A    B    C    D    E    F    G    H    I    J





