HORSE SHOE
 1
 0
 0
-2
-2
-2
-2
-2
-2
-2
-2
-2
-2
-2
-2
-2
-2
-2
-2
-2
-2
-2
-2
-2
 24
-2
-2
-2
-2
-2
-2
 24
-2
-2
-2
-2
-2
-2
-2
-2
 24
-1
 24
-2
-2
-2
-2
 24
-1
 24
-2
-2
-2
-2
-2
-2
-2
 24
 1
 24
-2
-2
-2
-2
 24
 1
 24
-2
-2
-2
-2
-2
-2
-2
 24
 3
-1
 24
-2
-2
 24
-1
 0
 24
-2
-2
-2
-2
-2
-2
-2
-2
 24
-1
 24
-2
-2
 24
 4
 24
-2
-2
-2
-2
-2
-2
-2
-2
-2
 24
-1
 2
 24
 24
-1
 5
 24
-2
-2
-2
-2
-2
-2
-2
-2
-2
-2
 24
 0
 3
-1
 7
 24
-2
-2
-2
-2
-2
-2
-2
-2
-2
-2
-2
-2
 24
 24
 24
 24
-2
-2
-2
-2
-2
-2
-2
-2
-2
-2
-2
-2
-2
-2
-2
-2
-2
-2
-2
-2
-2
-2
-2
-2
-2
-2
-2
-2
-2
-2
-2
-2
-2
-2
-2
-2
-2
-2
-2
-2
-2
-2
