BERMUDA TRIANGLE
 3
 3
 5
 24
 24
 24
 24
 24
 24
 24
 24
 24
 24
 24
 24
 24
 24
 24
 24
 24
 24
-1
-1
-1
-1
-1
-1
-1
 1
-1
-1
-1
-1
-1
-1
-1
 24
-2
 24
-1
-1
-1
-1
-1
 1
 0
 1
-1
-1
-1
-1
-1
 24
-2
-2
-2
 24
-1
-1
-1
 12
 9
 1
 8
 7
-1
-1
-1
 24
-2
-2
-2
-2
-2
 24
-1
 7
 3
 5
 13
 6
 11
 11
-1
 24
-2
-2
-2
-2
-2
-2
-2
 24
 6
 8
 12
 1
 14
 1
 3
 24
-2
-2
-2
-2
-2
-2
-2
-2
-2
 24
 6
 11
 5
 13
 4
 24
-2
-2
-2
-2
-2
-2
-2
-2
-2
-2
-2
 24
 4
 1
 2
 24
-2
-2
-2
-2
-2
-2
-2
-2
-2
-2
-2
-2
-2
 24
 5
 24
-2
-2
-2
-2
-2
-2
-2
-2
-2
-2
-2
-2
-2
-2
-2
 24
-2
-2
-2
-2
-2
-2
-2
-2
-2
-2
-2
-2
-2
-2
-2
-2
-2
-2
-2
-2
-2
-2
-2
-2
-2
-2
