DONT SHOOT
 2
 1
 5
-2
-2
-2
-2
-2
 24
-2
-2
-2
-2
-2
-2
-2
 24
-2
-2
-2
-2
-2
 24
 24
 24
 8
 24
 24
 24
 24
 24
 24
 24
 24
 24
-2
-2
-2
 24
 1
 6
-1
 3
-1
-1
-1
-1
 24
-1
 2
-1
 24
-2
-2
-2
-2
 24
 12
-1
 24
-1
-1
-1
-1
 15
-1
 24
-1
 24
-2
-2
-2
-2
 24
 17
-1
-1
-1
-1
 8
-1
 24
-1
-1
-1
 24
-2
-2
-2
-2
-2
 24
 24
 24
 24
 24
 24
 24
 24
 24
-1
-1
 24
-2
-2
-2
-2
-2
-2
-2
-2
-2
 24
-2
-2
 24
-1
-1
-1
 24
-2
-2
-2
-2
-2
-2
-2
-2
-2
-2
 24
 24
 24
-1
 12
 7
 24
-2
-2
-2
-2
-2
-2
-2
-2
-2
-2
-2
-2
 24
 2
 12
 16
 24
-2
-2
-2
-2
-2
-2
-2
-2
-2
-2
-2
-2
-2
 24
 24
 24
-2
-2
-2
-2
-2
-2
-2
-2
-2
-2
-2
-2
-2
-2
-2
-2
-2
-2
-2
-2
-2
