THE MAZE
 3
 1
 5
 24
 24
 24
 24
 24
 24
 24
 24
 24
 24
 24
 24
 24
 24
 24
 24
 24
 24
-1
 7
-1
-1
-1
-1
-1
 24
-1
 2
 12
-1
-1
 2
-1
 24
 24
-1
 24
-1
 24
 24
 24
-1
 4
-1
 24
 24
-1
 24
 24
-1
 24
 24
-1
 24
 9
-1
-1
 13
-1
 24
-1
 24
-1
 13
-1
 24
-1
 24
 24
-1
 24
 24
 24
-1
 24
 24
 24
-1
-1
 8
 24
-1
 24
-1
 24
 24
 9
-1
 12
-1
 11
 5
-1
 24
-1
 24
 24
 24
-1
 24
-1
 24
 24
 24
 24
 24
-1
 24
 24
-1
 24
-1
 24
-1
-1
 13
-1
-1
 24
 24
-1
-1
-1
-1
 14
 24
-1
-1
 4
 24
-1
 24
 24
 24
-1
 24
 24
-1
 24
 24
 24
 24
 24
 24
 24
 24
 24
-1
 0
-1
 24
-1
 24
 24
 1
 2
-1
 14
-1
-1
 5
-1
-1
-1
 13
 24
-1
-1
-1
 24
 24
 24
 24
 24
 24
 24
 24
 24
 24
 24
 24
 24
 24
 24
 24
 24
 24
-2
