SPECIAL DELIVERY
 2
 3
 0
-2
-2
-2
-2
-2
-2
-2
-2
-2
-2
-2
-2
-2
-2
-2
-2
-2
-2
-2
-2
-2
-2
-2
-2
-2
-2
-2
-2
-2
-2
-2
-2
-2
-2
-2
-2
-2
-2
-2
-2
-2
-2
-2
-2
-2
-2
-2
-2
-2
-2
-2
-2
-2
-2
 24
 24
-2
 24
 24
 24
 24
 24
 24
 24
 24
 24
 24
-2
-2
-2
 24
 24
 24
-2
 24
-1
-1
-1
-1
-1
 15
 2
 6
 24
-2
-2
 24
-1
 7
 24
-2
 24
-1
-1
-1
-1
-1
 24
 24
 24
 24
-2
-2
 24
 4
 24
 24
-2
 24
-1
 9
 7
 15
-1
 1
-1
-1
 24
-2
-2
 24
 24
 24
 24
 24
 24
 4
 3
 5
 13
-1
 24
 10
 24
 24
-2
-2
 24
-2
 24
 24
 24
 24
 24
 24
 24
 24
 24
-2
 24
-2
 24
-2
-2
-2
 24
-2
-2
-2
-2
-2
-2
-2
-2
-2
 24
-2
 24
-2
-2
-2
 24
 24
 24
 24
-2
 24
 24
-2
-2
 24
 24
 24
 24
 24
 24
 24
-2
