AMIGA GURU
 2
 2
 0
-2
-2
-2
-2
 24
 24
 24
 24
 24
 24
 24
 24
 24
-2
-2
-2
-2
-2
-2
-2
 24
-1
-1
-1
-1
-1
-1
-1
-1
-1
 24
-2
-2
-2
-2
-2
-2
 24
-1
-1
-1
-1
-1
-1
-1
-1
-1
 24
-2
-2
-2
-2
-2
-2
 24
-1
 14
-1
-1
-1
-1
-1
-1
-1
 24
-2
-2
-2
-2
-2
-2
 24
-1
 4
-1
 6
 8
 3
-1
-1
-1
 24
-2
-2
-2
-2
-2
-2
 24
 11
 5
-1
 4
 16
 14
 1
 0
-1
 24
-2
-2
-2
-2
-2
-2
-2
 24
 15
-1
 11
 13
 6
 6
 1
 24
-2
-2
-2
-2
-2
-2
 24
 24
 24
 24
 24
 24
 24
 24
 24
 24
 24
 24
 24
-2
-2
-2
-2
 24
 5
 14
-1
 7
-1
-1
-1
 24
 13
-1
 15
 24
-2
-2
-2
-2
 24
 3
 6
-1
 7
-1
 2
-1
 24
 24
 24
 24
 24
-2
-2
-2
-2
 24
 24
 24
 24
 24
 24
 24
 24
 24
 24
 24
 24
 24
-2
-2
-2
