CROSS OVER
 2
 2
 5
-2
-2
-2
-2
-2
-2
-2
-2
-2
-2
-2
-2
-2
-2
-2
-2
-2
-2
-2
-2
-2
 24
 24
 24
 24
 24
 24
 24
 24
 24
-2
-2
-2
-2
-2
-2
-2
-2
 24
-1
-1
-1
-1
-1
-1
-1
 24
-2
-2
-2
-2
-2
-2
-2
-2
 24
 1
-1
-1
-1
-1
-1
-1
 24
-2
-2
-2
-2
-2
-2
-2
-2
 24
 8
-1
-1
-1
-1
-1
-1
 24
-2
-2
-2
-2
-2
-2
-2
-2
 24
 17
-1
-1
 5
-1
-1
-1
 24
-2
-2
-2
-2
-2
-2
-2
-2
 24
-1
-1
-1
 3
-1
-1
-1
 24
-2
-2
-2
-2
-2
-2
-2
-2
 24
-1
-1
-1
 6
-1
-1
-1
 24
-2
-2
-2
-2
-2
-2
-2
-2
 24
 12
 14
 12
 16
 12
 14
 12
 24
-2
-2
-2
-2
-2
-2
-2
-2
 24
 24
 24
 24
 24
 24
 24
 24
 24
-2
-2
-2
-2
-2
-2
-2
-2
-2
-2
-2
-2
-2
-2
-2
-2
-2
-2
-2
-2
-2
-2
