WHATS IN THE PAN
 3
 2
 0
-2
-2
-2
-2
-2
-2
-2
-2
-2
-2
-2
 24
-2
-2
-2
-2
-2
 24
 24
 24
 24
 24
 24
 24
 24
 24
 24
 24
 24
 24
 24
 24
 24
 24
 24
 1
 12
 3
 6
 0
 12
-1
-1
-1
-1
-1
-1
-1
-1
-1
 24
 24
 24
 24
 24
 24
 24
 17
-1
-1
-1
-1
-1
-1
-1
-1
-1
 24
-2
-2
-2
-2
-2
-2
 24
-1
-1
 13
-1
-1
-1
-1
 14
-1
 24
-2
-2
-2
-2
-2
-2
 24
-1
 24
 24
-1
 24
 24
-1
 24
-1
 24
-2
-2
-2
-2
-2
-2
 24
-1
-1
 24
-1
 24
 15
-1
 24
-1
 24
-2
-2
-2
-2
-2
-2
 24
-1
 4
 24
 0
 24
 8
 5
 24
-1
 24
-2
-2
-2
-2
-2
-2
 24
 4
 2
 24
 5
 24
 0
 1
 24
 1
 24
-2
-2
-2
-2
-2
-2
 24
 24
 24
 24
 24
 24
 24
 24
 24
 24
 24
-2
-2
-2
-2
-2
-2
-2
-2
-2
-2
-2
-2
-2
-2
-2
-2
-2
-2
