ANY WAY YOU CAN
 2
 4
 0
-2
-2
-2
-2
-2
-2
-2
-2
-2
-2
-2
-2
-2
-2
-2
-2
-2
-2
-2
-2
-2
-2
-2
-2
-2
-2
-2
-2
-2
-2
-2
-2
-2
-2
-2
-2
-2
-2
 24
 24
 24
 24
 24
 24
 24
 24
 24
-2
-2
-2
-2
-2
-2
-2
 24
-1
 10
-1
 3
 24
 13
-1
 6
-1
 24
-2
-2
-2
-2
-2
-2
 24
-1
 24
-1
 24
 24
 24
-1
 24
-1
 24
-2
-2
-2
-2
-2
 24
-1
 15
-1
 4
-1
 7
-1
 3
-1
-1
 4
 24
-2
-2
-2
-2
 24
 5
 24
 24
 24
-1
 24
 2
 24
 24
 24
 3
 24
-2
-2
-2
-2
-2
 24
-2
-2
-2
 24
-2
 24
-2
-2
-2
 24
-2
-2
-2
-2
-2
-2
-2
-2
-2
-2
-2
-2
-2
-2
-2
-2
-2
-2
-2
-2
-2
-2
-2
-2
-2
-2
-2
-2
-2
-2
-2
-2
-2
-2
-2
-2
-2
-2
-2
-2
-2
-2
-2
-2
-2
-2
-2
-2
-2
-2
-2
-2
-2
-2
-2
