MESSY
 3
 0
 0
-2
-2
-2
 24
 24
 24
 24
-2
-2
-2
 24
 24
 24
 24
-2
-2
-2
-2
-2
 24
-1
 10
-1
-1
 24
-2
 24
-1
-1
 7
-1
 24
-2
-2
-2
-2
 24
-1
 24
 0
 15
-1
 24
-1
-1
-1
 24
-1
 24
-2
-2
-2
-2
 24
 5
-1
 24
 0
-1
 24
-1
 1
 24
-1
 10
 24
-2
-2
-2
-2
 24
 4
-1
 4
 24
-1
-1
-1
 24
-1
-1
 12
 24
-2
-2
-2
-2
-2
 24
-1
 3
-1
 4
-1
 15
-1
-1
-1
 24
-2
-2
-2
-2
-2
-2
 24
 24
 24
 24
 24
-1
 24
 24
 24
 24
 24
-2
-2
-2
-2
-2
 24
-1
-1
-1
 7
-1
-1
-1
-1
 2
-1
-1
 24
-2
-2
-2
-2
 24
-1
 24
 24
 24
 24
 24
 24
 24
 24
 24
-1
 24
-2
-2
-2
-2
 24
-1
-1
-1
-1
 12
-1
-1
 1
-1
-1
-1
 24
-2
-2
-2
-2
-2
 24
 24
 24
 24
 24
 24
 24
 24
 24
 24
 24
-2
-2
-2
-2
