WHAT
 2
 3
 0
-2
-2
-2
-2
-2
 24
 24
 24
 24
 24
-2
-2
-2
-2
-2
-2
-2
-2
-2
-2
-2
 24
-1
 8
 7
-1
-1
 24
-2
-2
-2
-2
-2
-2
-2
-2
-2
 24
-1
 1
 24
 24
 14
-1
-1
 24
-2
-2
-2
-2
-2
-2
-2
-2
 24
 2
 24
-2
-2
 24
-1
 0
 24
-2
-2
-2
-2
-2
-2
-2
-2
 24
 24
 24
-2
-2
 24
-1
 12
 24
-2
-2
-2
-2
-2
-2
-2
-2
-2
-2
-2
-2
 24
-1
-1
 24
-2
-2
-2
-2
-2
-2
-2
-2
-2
-2
-2
-2
 24
-1
 0
 24
-2
-2
-2
-2
-2
-2
-2
-2
-2
-2
-2
-2
-2
-2
 24
 24
-2
-2
-2
-2
-2
-2
-2
-2
-2
-2
-2
-2
-2
-2
 24
-1
 0
 24
-2
-2
-2
-2
-2
-2
-2
-2
-2
-2
-2
-2
-2
 24
-1
 11
 24
-2
-2
-2
-2
-2
-2
-2
-2
-2
-2
-2
-2
-2
-2
 24
 24
-2
-2
-2
-2
-2
-2
-2
-2
-2
