DISK COMPRESSION
 2
 2
 5
-2
-2
 24
 24
 24
 24
 24
 24
 24
 24
 24
 24
 24
 24
-2
-2
-2
-2
-2
 24
-1
-1
 24
-1
-1
-1
 6
-1
 24
-1
-1
 24
-2
-2
-2
-2
 24
-1
-1
 24
 1
-1
-1
 24
-1
 24
-1
-1
 24
-2
-2
-2
-2
 24
-1
-1
 24
 3
-1
-1
 24
-1
 24
-1
-1
 24
-2
-2
-2
-2
 24
-1
-1
 24
 24
-1
-1
-1
-1
 24
-1
-1
 24
-2
-2
-2
-2
 24
-1
-1
 15
-1
-1
-1
-1
 10
 9
-1
-1
 24
-2
-2
-2
-2
 24
-1
-1
 24
 24
 24
 24
 24
 24
 24
-1
-1
 24
-2
-2
-2
-2
 24
 1
-1
 24
-2
-2
-2
-2
-2
 24
-1
 6
 24
-2
-2
-2
-2
 24
 24
-1
 24
-2
-2
-2
-2
-2
 24
-1
 0
 24
-2
-2
-2
-2
 24
-1
-1
 24
-2
-2
-2
-2
-2
 24
 1
 3
 24
-2
-2
-2
-2
 24
 24
 24
 24
 24
 24
 24
 24
 24
 24
 24
 24
 24
-2
-2
-2
