UP THE LADDER
 2
 2
 0
-2
-2
-2
-2
-2
 24
 24
-2
-2
 24
 24
-2
-2
-2
-2
-2
-2
-2
-2
-2
-2
-2
 24
-1
 24
 24
-1
 24
-2
-2
-2
-2
-2
-2
-2
-2
-2
-2
-2
 24
-1
-1
 8
-1
 24
-2
-2
-2
-2
-2
-2
-2
-2
-2
-2
-2
 24
-1
 24
 24
-1
 24
-2
-2
-2
-2
-2
-2
-2
-2
-2
-2
-2
 24
-1
-1
 2
-1
 24
-2
-2
-2
-2
-2
-2
-2
-2
-2
-2
-2
 24
-1
 24
 24
-1
 24
-2
-2
-2
-2
-2
-2
-2
-2
-2
-2
-2
 24
-1
 3
 11
-1
 24
-2
-2
-2
-2
-2
-2
-2
-2
-2
-2
-2
 24
 12
 24
 24
-1
 24
-2
-2
-2
-2
-2
-2
-2
-2
-2
-2
-2
 24
 5
-1
 9
 9
 24
-2
-2
-2
-2
-2
-2
-2
-2
-2
-2
-2
 24
 16
 24
 24
 16
 24
-2
-2
-2
-2
-2
-2
-2
-2
-2
-2
-2
 24
 24
-2
-2
 24
 24
-2
-2
-2
-2
-2
-2
-2
