LOVE HEART
 3
 0
 0
 24
 24
 24
 24
 24
 24
 24
 24
 24
 24
 24
 24
 24
 24
 24
 24
 24
 24
-1
 24
 24
 24
-1
 5
-1
 24
-1
 24
-1
 24
-1
-1
 5
 24
 24
-1
 24
 24
 24
-1
 24
-1
 24
 1
 24
 1
 24
-1
 4
 24
 24
 24
 10
 24
 24
 24
-1
 24
 10
 24
 0
-1
 0
 24
-1
 24
 24
 24
 24
 5
-1
 2
 24
 14
-1
 1
 24
 24
 0
 24
 24
 1
-1
 9
 24
 24
 24
 24
 24
 24
 24
 24
 24
 24
 24
 24
 24
 24
 24
 24
 24
 24
-2
-2
-2
-2
 24
-1
-1
 24
 24
-1
-1
 24
-2
-2
-2
-2
-2
-2
-2
-2
-2
 24
 3
-1
-1
-1
-1
 4
 24
-2
-2
-2
-2
-2
-2
-2
-2
-2
-2
 24
 2
-1
-1
 3
 24
-2
-2
-2
-2
-2
-2
-2
-2
-2
-2
-2
-2
 24
-1
-1
 24
-2
-2
-2
-2
-2
-2
-2
-2
-2
-2
-2
-2
-2
-2
 24
 24
-2
-2
-2
-2
-2
-2
-2
-2
-2
