ONE PINT PLEASE
 2
 4
 5
-2
-2
-2
-2
-2
-2
-2
-2
-2
-2
-2
-2
-2
-2
-2
-2
-2
-2
-2
-2
 24
 24
 24
 24
 24
 24
 24
 24
 24
-2
-2
-2
-2
-2
-2
-2
-2
 24
-1
 0
-1
-1
-1
 0
-1
 24
 24
-2
-2
-2
-2
-2
-2
-2
 24
-1
 24
-1
 24
-1
 24
-1
 2
-1
 24
-2
-2
-2
-2
-2
-2
 24
-1
 0
-1
 2
-1
-1
-1
 24
-1
 24
-2
-2
-2
-2
-2
-2
 24
-1
 24
-1
 24
-1
 24
-1
 24
-1
 24
-2
-2
-2
-2
-2
-2
 24
-1
-1
-1
 2
-1
 1
-1
 12
-1
 24
-2
-2
-2
-2
-2
-2
 24
-1
 24
-1
 24
-1
 24
-1
 24
 24
-2
-2
-2
-2
-2
-2
-2
 24
 6
 12
 9
 3
 3
 6
 12
 24
-2
-2
-2
-2
-2
-2
-2
-2
-2
 24
 24
 24
 24
 24
 24
 24
-2
-2
-2
-2
-2
-2
-2
-2
-2
-2
-2
-2
-2
-2
-2
-2
-2
-2
-2
-2
-2
-2
-2
-2
