MUSIC TO MY EARS
 1
 4
 0
-2
-2
-2
-2
-2
-2
-2
-2
-2
-2
-2
-2
-2
-2
-2
-2
-2
-2
-2
-2
-2
-2
-2
-2
-2
-2
-2
-2
 24
 24
-2
-2
-2
-2
-2
-2
 24
 24
 24
 24
 24
 24
 24
-2
-2
 24
-1
 24
-2
-2
-2
-2
-2
 24
-1
 13
 14
 0
-1
 24
-2
-2
 24
-1
 0
 24
-2
-2
-2
-2
 24
-1
 24
 24
 24
-1
 24
-2
-2
 24
-1
 24
-1
 24
-2
-2
-2
 24
-1
 24
-2
 24
-1
 24
-2
-2
 24
-1
 24
 24
-2
-2
-2
-2
 24
-1
 24
-2
 24
-1
 24
-2
 24
-1
 6
 24
-2
-2
-2
-2
 24
 4
-1
 24
 24
-1
-1
 24
-2
 24
 3
 0
 24
-2
-2
-2
-2
 24
 12
 3
 24
 24
 0
-1
 24
-2
-2
 24
 24
-2
-2
-2
-2
-2
-2
 24
 24
-2
-2
 24
 24
-2
-2
-2
-2
-2
-2
-2
-2
-2
-2
-2
-2
-2
-2
-2
-2
-2
-2
-2
-2
-2
-2
-2
-2
-2
-2
-2
