WHATS IN THE CUPBOARD
 2
 1
 0
-2
-2
-2
-2
-2
-2
-2
-2
-2
-2
-2
-2
-2
-2
-2
-2
-2
-2
-2
-2
-2
-2
-2
-2
-2
-2
-2
-2
-2
-2
-2
-2
-2
-2
-2
 24
 24
 24
 24
 24
 24
 24
 24
 24
 24
 24
 24
 24
 24
 24
-2
-2
 24
-1
-1
-1
-1
-1
-1
 24
-1
-1
-1
-1
-1
-1
 24
-2
-2
 24
-1
-1
-1
-1
 2
-1
 24
-1
-1
-1
-1
-1
-1
 24
-2
-2
 24
-1
-1
-1
 13
 2
-1
 24
-1
 1
-1
-1
-1
-1
 24
-2
-2
 24
-1
-1
-1
 24
 24
-1
 24
-1
 24
 24
-1
-1
-1
 24
-2
-2
 24
-1
-1
-1
-1
 5
-1
 24
-1
 3
-1
 12
-1
 2
 24
-2
-2
 24
 24
 24
 24
 24
 24
 24
 24
 24
 24
 24
 24
 24
 24
 24
-2
-2
-2
-2
-2
-2
-2
-2
-2
-2
-2
-2
-2
-2
-2
-2
-2
-2
-2
-2
-2
-2
-2
-2
-2
-2
-2
-2
-2
-2
-2
-2
-2
-2
-2
-2
