-6
-9
7
-9
-6
9
7
9
-6
-10
7
-9
-7
8
6
9
-5
-10
8
-8
-8
7
5
10
-4
-11
9
-7
-9
7
4
10
-3
-11
9
-7
-9
6
3
10
-2
-11
10
-6
-10
5
2
11
-1
-11
10
-5
-10
4
1
11
0
-11
10
-4
-11
3
0
11
1
-11
11
-3
-11
3
-1
11
2
-11
11
-2
-11
2
-2
11
3
-11
11
-1
-11
1
-3
11
3
-11
11
0
-11
0
-4
10
4
-10
11
1
-11
-1
-5
10
5
-10
11
2
-11
-2
-6
10
6
-9
10
3
-11
-3
-7
9
7
-9
10
4
-11
-4
-7
9
7
-8
10
5
-10
-5
-8
8
8
-7
9
6
-10
-6
-9
7
8
-7
9
6
-10
-6
-9
7
9
-6
8
7
-9
-7
-10
6
9
-5
7
8
-8
-8
-11
5
10
-4
6
9
-8
-9
-11
4
10
-3
6
9
-7
-9
-11
3
10
-2
5
10
-6
-10
-12
2
10
-1
4
10
-5
-10
-12
1
10
0
3
10
-4
-11
-12
0
10
1
2
11
-4
-11
-12
-1
10
2
1
11
-3
-11
-12
-2
10
3
0
11
-2
-11
-12
-3
10
3
-1
11
-1
-11
-11
-4
9
4
-2
11
0
-11
-11
-5
9
5
-3
11
1
-11
-11
-6
8
6
-4
10
2
-11
-10
-7
8
7
-5
10
3
-11
-10
-7
7
7
-6
10
4
-10
-9
-8
6
8
-7
9
5
-10
-8
-9
6
8
-7
9
5
-10
-8
-9
5
9
-8
8
6
-9
-7
-10
4
9
-9
7
7
-8
-6
-11
3
10
-10
6
8
-8
-5
-11
2
10
-10
6
8
-7
-4
-11
1
10
-11
5
9
-6
-3
-12
0
10
-11
4
9
-5
-2
-12
-1
10
-11
3
10
-4
-1
-12
-2
10
-12
2
10
-4
0
-12
-3
10
-12
1
10
-3
1
-12
-4
10
-12
0
10
-2
2
-12
-4
10
-12
-1
10
-1
3
-11
-5
9
-12
-2
10
0
4
-11
-6
9
-12
-3
10
1
5
-11
-7
8
-11
-4
10
2
6
-10
-8
8
-11
-5
10
3
6
-10
-8
7
-11
-6
9
4
7
-9
-9
6
-10
-7
9
5
8
-8
-9
6
-9
-7
9
5
8
-8
-10
5
-9
-8
8
6
9
-7
-10
4
-8
-9
7
7
10
-6
-11
3
-7
-10
7
8
10
-5
-11
2
-7
-10
6
8
10
-4
-11
1
-6
-11
5
9
11
-3
-11
0
-5
-11
4
9
11
-2
-11
-1
-4
-11
3
10
11
-1
-11
-2
-3
-12
3
10
11
0
-11
-3
-2
-12
2
10
11
1
-11
-4
-1
-12
1
10
11
2
-11
-4
0
-12
0
10
10
3
-10
-5
1
-12
-1
10
10
4
-10
-6
2
-12
-2
10
10
5
-9
-7
3
-11
-3
10
9
6
-9
-8
4
-11
-4
10
9
6
-8
-8
5
-11
-5
9
8
7
-7
-9
6
-10
-6
9
7
8
