MATCH MULTIPLES
 0
 0
 0
 24
 24
 24
 24
-2
-2
-2
-2
 24
 24
 24
 24
 24
-2
-2
-2
-2
 24
 0
-1
 24
-2
-2
-2
-2
 24
 12
-1
 2
 24
-2
-2
-2
-2
 24
 10
-1
 24
-2
-2
-2
-2
 24
 24
 5
 24
 24
-2
-2
-2
-2
 24
 24
 24
 24
-2
-2
-2
-2
-2
 24
 24
 24
-2
-2
-2
-2
-2
-2
-2
-2
-2
-2
-2
-2
-2
-2
-2
-2
-2
-2
-2
-2
-2
-2
 24
 24
 24
 24
 24
-2
-2
-2
 24
 24
 24
 24
 24
-2
-2
-2
-2
 24
 14
-1
-1
 24
-2
-2
-2
 24
-1
 2
-1
 24
-2
-2
-2
-2
 24
 2
-1
 7
 24
-2
-2
-2
 24
-1
 12
 7
 24
-2
-2
-2
-2
 24
 24
 11
 24
 24
-2
-2
-2
 24
 8
 13
 24
 24
-2
-2
-2
-2
-2
 24
 24
 24
-2
-2
-2
-2
 24
 24
 24
 24
-2
-2
-2
-2
-2
-2
-2
-2
-2
-2
-2
-2
-2
-2
-2
-2
-2
-2
-2
-2
-2
-2
-2
