SLIDER BLOCKS
 0
 0
 0
-2
-2
-2
-2
-2
-2
-2
-2
-2
-2
-2
-2
-2
-2
-2
-2
-2
-2
-2
-2
-2
-2
-2
-2
-2
-2
-2
-2
-2
-2
-2
-2
-2
-2
 24
 24
 24
 24
 24
 24
 24
 24
-2
-2
-2
-2
 24
 24
 24
 24
 24
 24
-1
 1
-1
-1
-1
-1
 24
-2
-2
-2
-2
 24
-1
-1
-1
 24
 24
-1
 0
-1
-1
-1
-1
 24
-2
-2
-2
-2
 24
-1
 8
-1
 24
 24
-1
 17
-1
-1
-1
-1
 24
-2
-2
-2
-2
 24
-1
 4
-1
 24
 24
-1
-1
-1
-1
 24
 24
 24
-2
-2
-2
-2
 24
 24
 16
-1
 24
 24
 24
 24
 24
 24
 24
-2
-2
-2
-2
-2
-2
 24
-1
-1
-1
 24
-2
-2
-2
-2
-2
-2
-2
-2
-2
-2
-2
-2
 24
-1
-1
-1
 24
-2
-2
-2
-2
-2
-2
-2
-2
-2
-2
-2
-2
 24
 24
 24
 24
 24
-2
-2
-2
-2
-2
-2
-2
-2
-2
-2
-2
-2
-2
-2
-2
-2
-2
-2
