3DG1
34
-20 1 120 
-20 9 120 
0 1 100 
0 1 120 
0 9 120 
0 9 100 
-16 9 20 
-36 9 20 
-36 9 80 
-16 9 80 
-36 9 60 
-36 20 60 
-16 9 60 
-16 20 60 
-36 20 80 
-16 20 80 
-36 20 20 
-16 20 20 
-16 9 40 
-36 9 40 
-36 20 40 
-16 20 40 
-20 1 0 
0 1 0 
0 9 0 
-20 9 0 
0 1 80 
0 9 80 
0 1 60 
0 9 60 
0 1 40 
0 9 40 
0 1 20 
0 9 20 
4 24 33 32 23 387
4 33 31 30 32 387
4 31 29 28 30 387
4 29 27 26 28 387
4 27 5 2 26 387
4 25 24 23 22 387
4 21 20 19 18 384
4 17 21 18 6 384
4 16 17 6 7 384
4 15 14 8 9 385
4 13 15 9 12 385
4 11 13 12 10 385
4 5 4 3 2 387
4 4 1 0 3 387
