    0
Per
    6
    4
10481
TD2a:Locos/87/
TD2a:Routes/DSBline/
 008.000
 000.180
DSBline
 000.000
 005.000
 001.000
 000.000
 002.000
 001.000
 000.000
 050.000
 027.000
 007.000
 344.330
 000.000
 000.000
 000.000
 000.000
 000.000
 000.000
 000.000
 000.000
 000.000
 000.000
 000.000
 000.000
 000.000
 000.000
 000.000
 000.000
 000.000
 000.000
 000.000
 000.000
 000.000
 000.000
 000.000
 000.000
 000.000
 000.000
 000.000
 001.000
 011.000
 039.000
 000.000
 001.000
 000.000
 000.000
 000.000
 000.000
 000.000
 000.000
 001.000
 000.000
 001.000
 000.000
 000.000
 020.000
 110.000
 000.000
 000.000
 000.000
 001.000
 001.000
 342.834
 000.000
 000.000
 000.000
 001.333
 006.000
 005.000
 000.000
 000.000
 000.000
 002.000
 002.000
 001.000
 002.000
 001.000
 002.000
 001.000
 001.000
 002.000
 002.000
 001.000
 001.000
 002.000
 002.000
 001.000
 002.000
 002.000
 002.000
 001.000
 002.000
 001.000
 002.000
 002.000
 002.000
 001.000
 001.000
 002.000
 001.000
 001.000
TD2a:Routes/DSBline/0605.Ma-Lyntog.timings
 001.000
 001.000
 304.868
0000000
0000000
0000000
0000000
