2,1,0,1,2,1,2,80,112,208,64,1,2,1
224,112,-1,-1,3,-1,2,-1
1,208,144,-1,-1,-1,-1,4,-1,-1,0
0,-1,-1,-1,-1
1,192,208,-1,-1,5,-1,0,-1,1,-1
112,64,-1,-1,5,-1,6,-1
0,-1,-1,-1,-1,-1,-1,-1,-1,-1,-1,-1,-1,-1,-1
-1,-1,-1,-1,-1,-1,-1,-1
2,48,80,128,160,7,8,0,1,8,10,1
144,48,144,192,9,10,12,15
2,288,64,272,176,160,208,32,128,11,12,13,14,1,1
240,112,96,112
3,224,192,48,192,256,48,224,48,32,64,-1,-1,16,17,18,19,20,-1,87,94,101,-1
208,234,2,21,8
14,16,128,224,143
30,50
16,208,127,223,112,224,159,230,144,208,271,223,176,192,191,207,256,192,303,207
176,160,191,175,288,176,303,191,80,160,127,175,144,144,159,175,128,128,255,143
96,128,111,143,16,128,79,143,64,144,79,159,0,32,15,207,16,32,95,47
16,80,47,95,96,80,127,95,144,64,159,79,224,64,287,79,304,16,320,224,208,160,223,175,0