0 0 2931
 7FDCCD09497593E25A425FBF2F06B3B8
  SPOT
0 1 2500
 00000000000000000000000000000000
  
0 2 2250
 00000000000000000000000000000000
  
0 3 2000
 00000000000000000000000000000000
  
0 4 1750
 00000000000000000000000000000000
  
0 5 1500
 00000000000000000000000000000000
  
0 6 1250
 00000000000000000000000000000000
  
0 7 1000
 00000000000000000000000000000000
  
0 8 750
 00000000000000000000000000000000
  
0 9 674
 6B47AB9325C697CA241AE634653A6530
  SPOT
1 0 2500
 00000000000000000000000000000000
  
1 1 2250
 00000000000000000000000000000000
  
1 2 2000
 00000000000000000000000000000000
  
1 3 1750
 00000000000000000000000000000000
  
1 4 1500
 00000000000000000000000000000000
  
1 5 1250
 00000000000000000000000000000000
  
1 6 1000
 00000000000000000000000000000000
  
1 7 750
 00000000000000000000000000000000
  
1 8 500
 00000000000000000000000000000000
  
1 9 250
 00000000000000000000000000000000
  
2 0 2500
 00000000000000000000000000000000
  
2 1 2250
 00000000000000000000000000000000
  
2 2 2000
 00000000000000000000000000000000
  
2 3 1750
 00000000000000000000000000000000
  
2 4 1500
 00000000000000000000000000000000
  
2 5 1250
 00000000000000000000000000000000
  
2 6 1000
 00000000000000000000000000000000
  
2 7 750
 00000000000000000000000000000000
  
2 8 500
 00000000000000000000000000000000
  
2 9 250
 00000000000000000000000000000000
  
3 0 2500
 00000000000000000000000000000000
  
3 1 2250
 00000000000000000000000000000000
  
3 2 2000
 00000000000000000000000000000000
  
3 3 1750
 00000000000000000000000000000000
  
3 4 1500
 00000000000000000000000000000000
  
3 5 1250
 00000000000000000000000000000000
  
3 6 1000
 00000000000000000000000000000000
  
3 7 750
 00000000000000000000000000000000
  
3 8 500
 00000000000000000000000000000000
  
3 9 250
 00000000000000000000000000000000
  
4 0 2500
 00000000000000000000000000000000
  
4 1 2250
 00000000000000000000000000000000
  
4 2 2000
 00000000000000000000000000000000
  
4 3 1750
 00000000000000000000000000000000
  
4 4 1500
 00000000000000000000000000000000
  
4 5 1250
 00000000000000000000000000000000
  
4 6 1000
 00000000000000000000000000000000
  
4 7 750
 00000000000000000000000000000000
  
4 8 500
 00000000000000000000000000000000
  
4 9 250
 00000000000000000000000000000000
  
