WATCH THE CLOCK
 1
 2
 0
-2
-2
-2
-2
-2
-2
-2
-2
-2
-2
-2
-2
-2
-2
-2
-2
-2
-2
-2
-2
-2
-2
-2
-2
 24
 24
 24
-2
-2
-2
-2
-2
-2
-2
-2
-2
-2
-2
-2
-2
 24
-1
 6
-1
 24
-2
-2
-2
-2
-2
-2
-2
-2
-2
-2
-2
 24
-1
-1
 24
-1
-1
 24
-2
-2
-2
-2
-2
-2
-2
-2
-2
 24
-1
-1
-1
 24
 6
-1
-1
 24
-2
-2
-2
-2
-2
-2
-2
-2
 24
 1
-1
-1
 24
 24
-1
-1
 24
-2
-2
-2
-2
-2
-2
-2
-2
 24
 3
-1
-1
-1
-1
-1
 15
 24
-2
-2
-2
-2
-2
-2
-2
-2
-2
 24
-1
-1
-1
-1
 7
 24
-2
-2
-2
-2
-2
-2
-2
-2
-2
-2
-2
 24
-1
-1
-1
 24
-2
-2
-2
-2
-2
-2
-2
-2
-2
-2
-2
-2
-2
 24
 24
 24
-2
-2
-2
-2
-2
-2
-2
-2
-2
-2
-2
-2
-2
-2
-2
-2
-2
-2
-2
-2
-2
-2
-2
-2
-2
