THE MILL
 2
 0
 0
-2
-2
-2
-2
-2
-2
 24
 24
 24
-2
-2
-2
-2
-2
-2
-2
-2
-2
-2
-2
-2
-2
-2
 24
-1
 24
-2
-2
-2
-2
-2
-2
-2
-2
-2
-2
-2
-2
-2
 24
 24
 1
 24
 24
-2
-2
-2
-2
-2
-2
-2
-2
-2
-2
 24
 24
 24
 24
 2
 24
 24
 24
 24
-2
-2
-2
-2
-2
-2
-2
-2
 24
-1
 3
-1
 16
 15
 15
-1
 24
-2
-2
-2
-2
-2
-2
-2
-2
 24
 24
 24
 24
-1
 24
 24
 24
 24
-2
-2
-2
-2
-2
-2
-2
-2
-2
 24
-1
 24
-1
 24
-1
 24
-2
-2
-2
-2
-2
-2
-2
-2
-2
-2
 24
-1
 24
 2
 24
-1
 24
-2
-2
-2
-2
-2
-2
-2
-2
-2
-2
 24
 4
 24
 24
 24
 0
 24
-2
-2
-2
-2
-2
-2
-2
-2
-2
-2
 24
 4
 2
-1
 3
 5
 24
-2
-2
-2
-2
-2
-2
-2
-2
-2
-2
 24
 24
 24
 24
 24
 24
 24
-2
-2
-2
-2
-2
-2
-2
