FULL STEAM AHEAD
 1
 5
 0
-2
-2
-2
-2
-2
-2
-2
-2
-2
-2
-2
-2
-2
-2
-2
-2
-2
-2
-2
-2
-2
-2
-2
-2
-2
 24
 24
 24
 24
 24
 24
-2
-2
-2
-2
-2
-2
-2
 24
-2
-2
-2
 24
-1
 8
-1
 6
 24
-2
-2
-2
-2
-2
-2
-2
 24
-2
 24
-2
 24
-1
 24
-1
 24
-2
-2
-2
-2
-2
-2
-2
 24
 24
 24
 24
 24
 24
-1
-1
-1
 24
-2
-2
-2
-2
-2
-2
-2
 24
-1
-1
-1
-1
-1
-1
-1
-1
-1
 24
-2
-2
-2
-2
-2
 24
 24
-1
 0
-1
 14
-1
 4
-1
-1
-1
 24
-2
-2
-2
-2
-2
 24
 0
-1
 24
-1
 24
-1
 24
-1
 24
 5
 24
-2
-2
-2
-2
-2
 24
 24
 24
-1
-1
-1
-1
 3
-1
 1
 24
 24
 24
-2
-2
-2
-2
-2
-2
-2
 24
 10
 24
 24
 24
-1
 24
-2
-2
-2
-2
-2
-2
-2
-2
-2
-2
-2
 24
-2
-2
-2
 24
-2
-2
-2
-2
-2
-2
-2
