BICYCLE RACE
 1
 4
 0
-2
-2
-2
-2
 24
 24
-2
-2
-2
-2
-2
-2
-2
-2
-2
-2
-2
-2
-2
-2
 24
-1
 3
 24
 24
-2
-2
-2
-2
-2
-2
-2
-2
-2
-2
-2
-2
 24
-1
 24
-2
-2
-2
-2
 24
 24
 24
 24
-2
-2
-2
-2
-2
-2
 24
-1
 24
-2
-2
-2
-2
-2
 24
-2
-2
-2
-2
-2
-2
-2
-2
 24
-1
 24
 24
 24
 24
 24
 24
 4
 24
-2
-2
-2
-2
-2
 24
 24
 24
 0
-1
-1
 1
-1
 1
-1
 13
 24
 24
 24
-2
-2
 24
-1
 3
 24
 24
 24
 24
 24
 24
 24
 24
 24
 24
 1
-1
 24
-2
 24
-1
 24
 1
 24
-2
-2
-2
-2
-2
-2
 24
 2
 24
-1
 24
-2
 24
 12
-1
 8
 24
-2
-2
-2
-2
-2
-2
 24
 7
 10
-1
 24
-2
-2
 24
 24
 24
-2
-2
-2
-2
-2
-2
-2
-2
 24
 24
 24
-2
-2
-2
-2
-2
-2
-2
-2
-2
-2
-2
-2
-2
-2
-2
-2
-2
-2
-2
-2
