NUTS
 2
 1
 5
-2
-2
-2
-2
-2
-2
-2
 24
 24
 24
-2
-2
-2
-2
-2
-2
-2
-2
-2
-2
-2
-2
-2
 24
-1
-1
-1
 24
-2
-2
-2
-2
-2
-2
-2
-2
-2
-2
-2
 24
-1
 2
-1
-1
-1
 24
-2
-2
-2
-2
-2
-2
-2
-2
-2
 24
-1
 2
 24
 24
 24
 10
-1
 24
-2
-2
-2
-2
-2
-2
-2
 24
-1
-1
 24
-2
-2
-2
 24
-1
-1
 24
-2
-2
-2
-2
-2
-2
 24
-1
-1
 24
-2
-2
-2
 24
-1
-1
 24
-2
-2
-2
-2
-2
-2
 24
 3
-1
 24
-2
-2
-2
 24
-1
 5
 24
-2
-2
-2
-2
-2
-2
-2
 24
-1
-1
 24
 24
 24
-1
 14
 24
-2
-2
-2
-2
-2
-2
-2
-2
-2
 24
 7
-1
-1
-1
 0
 24
-2
-2
-2
-2
-2
-2
-2
-2
-2
-2
-2
 24
-1
-1
 15
 24
-2
-2
-2
-2
-2
-2
-2
-2
-2
-2
-2
-2
-2
 24
 24
 24
-2
-2
-2
-2
-2
-2
-2
-2
