GREASE
 1
 5
 0
-2
-2
-2
-2
-2
-2
-2
-2
-2
-2
-2
-2
-2
-2
-2
-2
-2
-2
-2
-2
 24
 24
 24
 24
-2
-2
 24
 24
 24
 24
-2
-2
-2
-2
-2
-2
-2
 24
 3
-1
 24
-2
-2
 24
-1
 2
 24
-2
-2
-2
-2
-2
-2
-2
 24
 24
-1
 24
 24
 24
 24
-1
 24
 24
-2
-2
-2
-2
-2
-2
-2
-2
 24
 5
-1
 24
 24
-1
 4
 24
-2
-2
-2
-2
-2
-2
-2
-2
-2
 24
 24
-1
 24
 24
-1
 24
 24
-2
-2
-2
-2
-2
-2
-2
-2
-2
-2
 24
 13
-1
-1
 15
 24
-2
-2
-2
-2
-2
-2
-2
-2
-2
-2
-2
 24
 24
-1
 10
 24
 24
-2
-2
-2
-2
-2
-2
-2
-2
-2
-2
-2
-2
 24
-1
 1
 24
-2
-2
-2
-2
-2
-2
-2
-2
-2
-2
-2
-2
-2
 24
 24
 24
 24
-2
-2
-2
-2
-2
-2
-2
-2
-2
-2
-2
-2
-2
-2
-2
-2
-2
-2
-2
-2
-2
-2
-2
-2
-2
