INNER WORKINGS
 2
 1
 5
-2
-2
-2
-2
-2
-2
-2
-2
-2
-2
-2
-2
-2
-2
-2
-2
-2
-2
-2
-2
-2
 24
 24
 24
 24
 24
 24
 24
 24
-2
-2
-2
-2
-2
-2
-2
-2
-2
 24
-1
 4
 24
 0
 2
-1
 24
-2
-2
-2
-2
-2
-2
-2
-2
-2
 24
-1
 24
 24
 24
 24
-1
 24
-2
-2
-2
-2
-2
-2
-2
-2
-2
 24
-1
 24
-1
 2
 24
-1
 24
-2
-2
-2
-2
-2
-2
-2
-2
-2
 24
-1
 24
-1
 12
 24
-1
 24
-2
-2
-2
-2
-2
-2
-2
-2
-2
 24
-1
 24
 24
 24
 24
 5
 24
-2
-2
-2
-2
-2
-2
-2
-2
-2
 24
 2
-1
-1
-1
-1
 3
 24
-2
-2
-2
-2
-2
-2
-2
-2
-2
 24
 24
 24
 24
 24
 24
 24
 24
-2
-2
-2
-2
-2
-2
-2
-2
-2
-2
-2
-2
-2
-2
-2
-2
-2
-2
-2
-2
-2
-2
-2
-2
-2
-2
-2
-2
-2
-2
-2
-2
-2
-2
-2
-2
-2
-2
-2
-2
