9
0
3
0
15
0
3
0
3
0
3
0
3
0
3
0
3
0
3
0
8
20
0
0
0
0
7
20
15
0
15
0
6
0
0
0
0
0
0
0
9
0
15
0
3
0
3
0
3
0
3
0
3
0
3
0
3
0
6
0
0
0
0
0
2
0
0
0
0
0
0
0
0
0
7
0
15
0
15
0
6
0
0
0
0
0
12
0
1
0
1
0
13
0
0
0
0
0
0
0
0
0
2
0
0
0
0
0
0
0
0
0
0
0
11
12
0
0
2
0
9
0
3
0
1
0
3
0
3
0
3
0
3
0
1
0
1
0
1
0
13
0
0
0
0
0
12
0
1
0
1
0
13
0
0
0
0
0
0
0
0
0
2
0
0
0
0
0
0
0
0
0
0
0
2
0
7
0
13
0
0
0
0
0
2
0
0
0
0
0
0
0
0
0
4
0
14
0
14
0
5
0
0
0
0
0
12
0
1
0
1
0
13
0
0
0
0
0
0
0
0
0
2
0
0
0
7
0
15
0
15
0
15
0
1
0
12
16
13
0
0
0
0
0
2
0
0
0
0
0
0
0
0
0
0
0
0
0
0
0
0
0
0
0
0
0
12
0
1
0
1
0
13
0
0
0
0
0
0
0
0
0
2
0
0
0
12
0
1
0
1
0
1
0
13
0
2
0
2
0
0
0
0
0
2
0
0
0
0
0
0
0
0
0
0
0
0
0
0
0
0
0
0
0
0
0
12
0
1
0
1
0
13
0
0
0
7
0
15
0
15
0
13
0
0
0
12
0
1
0
1
0
1
0
13
0
2
0
2
0
7
0
6
0
2
20
0
0
0
0
0
0
0
0
0
0
0
0
0
0
0
0
0
0
0
0
12
15
1
15
1
15
13
15
0
0
12
0
1
0
1
25
13
0
0
0
12
0
1
0
1
20
1
0
13
0
2
0
10
0
12
0
13
0
2
0
0
0
0
0
0
0
0
0
0
0
0
0
0
0
0
0
0
0
0
0
12
15
1
15
1
15
13
15
0
0
12
0
1
0
1
0
13
0
0
0
12
0
1
0
1
0
1
0
13
0
2
0
0
0
12
0
13
0
2
0
0
0
7
0
15
0
15
0
15
0
6
0
0
0
0
0
0
0
0
0
12
15
1
15
1
15
13
15
0
0
4
0
14
0
14
0
5
0
0
0
12
0
1
0
1
0
1
0
13
0
2
0
0
0
12
0
5
0
2
0
0
0
12
0
1
0
1
0
1
0
13
0
0
0
0
0
0
0
0
0
12
0
1
0
1
0
13
0
0
0
0
0
0
0
0
0
0
0
0
0
4
0
14
0
14
0
14
0
5
0
4
0
6
0
12
0
3
0
14
0
3
0
1
0
1
0
1
0
1
0
13
0
0
0
0
0
0
0
0
0
12
0
1
0
1
0
13
0
0
0
0
0
0
0
0
0
0
0
0
0
0
0
7
0
15
0
15
0
15
0
6
0
2
0
2
0
7
0
15
0
15
0
1
0
1
0
1
0
1
0
13
0
0
0
0
0
0
0
0
0
12
22
1
0
1
24
13
0
0
0
0
0
0
0
0
0
0
0
0
0
0
0
12
0
1
0
1
0
1
0
13
0
2
0
2
0
4
0
1
0
1
0
1
0
1
0
1
0
1
0
13
0
0
0
0
0
0
0
0
0
12
22
1
0
1
0
13
0
0
0
0
0
0
0
0
0
0
0
0
0
0
0
4
0
14
0
14
0
1
0
5
0
2
0
4
0
8
0
4
0
14
0
14
0
14
0
14
0
14
0
5
19
0
0
0
0
0
0
0
0
4
24
14
21
14
8
5
9
0
0
0
0
0
0
0
0
0
0
0
0
9
0
3
0
3
0
3
0
14
0
3
0
5
0
