7
22
3
12
3
12
3
12
3
12
3
12
3
0
3
12
3
12
3
12
3
12
3
12
3
12
3
12
3
12
3
12
3
12
3
12
3
12
3
12
3
12
3
20
8
21
11
25
9
5
3
0
3
0
3
0
6
0
11
4
2
0
0
0
0
0
0
0
0
0
0
0
7
0
3
0
3
0
3
0
3
0
3
0
3
0
3
0
8
0
0
0
0
0
7
0
6
0
9
22
3
22
3
0
6
0
2
0
9
12
3
0
3
0
3
0
13
0
2
6
2
0
9
19
3
0
3
0
3
0
3
0
1
0
3
0
3
0
6
0
0
0
0
0
0
0
0
0
0
0
0
0
0
0
12
0
5
16
15
0
15
0
6
0
2
0
2
0
9
12
3
0
3
0
3
0
13
0
2
0
2
0
0
0
0
0
0
0
0
0
0
0
2
0
0
0
0
0
4
0
3
0
3
0
3
0
3
0
3
0
3
0
3
0
5
0
12
0
1
0
1
0
13
0
2
0
2
0
0
0
0
0
0
0
0
0
2
0
2
18
2
0
7
0
15
0
15
0
3
0
3
18
1
0
3
0
3
0
3
0
3
0
3
0
3
0
6
0
7
0
15
0
15
0
6
0
4
0
14
0
14
0
5
20
12
0
1
0
3
0
3
0
3
0
3
0
14
0
5
0
2
0
12
0
1
0
1
14
15
0
6
6
2
0
7
0
3
0
3
0
3
0
3
0
6
0
2
0
12
0
1
0
1
0
14
0
3
0
3
0
6
0
9
0
5
0
2
0
11
0
7
0
15
0
3
0
3
0
6
0
2
0
4
0
14
14
14
14
14
0
5
6
2
0
2
0
7
0
3
0
3
0
6
23
2
0
2
0
12
0
1
0
13
0
0
0
0
0
0
0
2
0
7
0
6
0
2
0
2
0
2
0
2
0
7
0
6
0
2
0
2
0
0
0
0
0
0
0
0
0
0
0
2
0
2
0
4
23
3
0
8
24
2
0
2
0
2
0
12
0
1
0
13
0
9
0
3
0
3
0
13
0
10
8
2
0
2
0
2
0
2
0
4
0
5
0
2
0
2
0
4
0
3
0
3
0
3
0
3
0
6
0
2
0
4
0
3
0
3
0
3
0
5
0
2
0
2
0
4
0
14
0
5
0
0
0
7
0
15
0
1
0
6
0
2
0
2
0
12
0
1
0
15
0
6
0
2
0
10
0
7
22
15
22
15
0
15
0
6
0
2
0
2
0
7
0
3
18
3
0
3
0
3
0
5
0
4
0
3
0
3
0
3
0
6
0
12
0
13
0
2
0
2
0
2
0
2
0
12
0
13
0
2
0
2
0
4
0
6
0
12
22
1
0
1
0
1
0
13
0
2
0
2
0
12
0
3
0
3
0
3
0
3
0
3
0
3
0
3
0
3
0
8
12
2
0
4
0
5
0
13
0
4
0
5
0
2
0
10
12
10
12
2
0
4
0
6
0
2
0
12
22
1
0
1
0
1
14
13
14
2
0
4
0
14
0
3
0
3
0
3
0
3
0
3
0
3
0
3
0
3
0
3
0
14
0
3
0
3
0
14
0
3
0
3
0
1
0
3
0
3
0
14
0
8
12
2
0
2
0
4
0
14
0
14
0
14
14
14
14
14
0
3
0
3
0
3
0
3
0
3
0
3
0
3
0
3
0
3
0
3
0
3
0
3
0
3
0
3
0
3
0
3
0
3
0
14
0
8
12
7
0
3
0
3
0
5
0
2
0
9
12
3
0
3
0
3
0
3
0
3
18
3
0
3
0
3
0
3
0
3
0
3
0
3
0
3
0
3
0
3
0
3
0
3
0
3
0
3
0
3
0
3
0
3
0
3
0
3
0
5
0
0
0
0
0
9
12
5
0
