7
0
15
0
6
0
7
0
15
15
15
15
15
0
15
0
15
0
15
0
15
0
6
0
11
0
7
0
15
0
6
0
7
0
15
0
15
0
15
0
15
0
6
0
7
1
15
0
15
0
15
0
15
0
15
0
15
0
6
0
2
0
12
0
13
0
12
0
1
15
13
0
2
0
2
0
12
0
1
0
1
0
1
0
13
11
1
0
1
0
13
0
12
0
1
12
13
0
2
0
12
0
13
0
12
0
1
0
1
12
1
0
1
0
1
0
13
0
2
0
2
0
12
6
13
0
12
12
1
0
13
0
2
0
2
15
12
15
1
0
1
0
13
0
2
0
12
15
1
0
13
0
12
1
1
0
13
0
2
0
12
0
13
0
12
0
1
0
1
15
14
0
14
0
14
15
5
0
2
0
2
0
12
0
13
0
4
12
14
19
5
12
2
0
2
0
12
0
1
0
1
0
13
0
2
0
12
0
1
12
13
0
12
0
1
15
5
0
2
0
12
0
13
0
12
15
1
0
13
0
7
0
15
0
15
0
6
0
2
0
2
0
12
0
13
0
0
0
0
0
0
0
2
0
10
12
12
0
1
0
1
0
13
0
2
0
12
1
1
1
13
1
12
1
5
0
7
0
13
0
12
0
13
0
12
1
1
0
13
0
12
1
1
0
1
15
1
0
13
0
2
0
12
12
13
0
0
0
0
0
0
0
2
0
0
0
12
15
1
0
1
0
13
0
2
0
4
1
14
0
5
0
10
0
7
0
13
0
2
0
12
0
13
0
12
0
1
22
13
0
12
12
1
22
1
0
13
0
2
0
2
0
12
0
13
0
0
0
0
0
0
0
2
0
0
0
12
0
1
15
1
0
13
0
2
0
7
0
15
0
15
0
15
0
1
15
13
0
2
0
12
15
13
0
4
22
14
22
5
0
12
0
1
0
1
15
13
0
2
0
2
0
12
0
13
1
0
0
0
0
0
0
2
0
0
0
12
0
1
0
1
12
13
0
2
0
12
6
1
12
1
0
1
0
1
15
13
0
2
22
12
1
1
22
15
1
15
0
6
1
12
0
1
22
1
0
13
0
2
0
2
0
12
15
13
15
0
0
0
0
0
0
2
0
0
0
12
0
1
0
1
0
13
15
2
0
12
0
1
15
1
0
1
0
1
0
13
0
2
0
12
0
1
22
1
10
1
0
13
1
12
12
1
0
1
0
13
0
2
0
2
0
4
15
5
15
0
0
0
0
0
0
2
0
0
0
4
1
14
0
14
1
5
0
2
0
4
0
14
0
14
0
14
0
14
0
5
0
2
0
4
15
14
0
14
0
14
0
5
0
4
1
14
15
14
0
5
0
2
0
12
0
3
0
3
0
3
0
3
0
3
0
1
0
3
0
3
0
3
0
3
0
3
0
1
0
3
0
3
0
3
25
3
0
3
0
3
0
1
0
3
0
3
0
3
0
3
0
3
0
3
0
3
0
3
0
3
0
13
0
2
0
7
6
15
0
15
12
15
0
6
1
2
0
7
0
15
0
15
15
15
0
6
1
2
0
7
0
15
0
15
0
15
15
15
15
6
1
2
0
7
0
15
0
15
0
15
0
15
0
6
1
7
12
15
12
6
0
2
0
2
0
12
0
1
23
1
24
1
15
13
11
2
0
12
0
1
0
1
15
1
0
13
1
2
0
12
0
1
0
1
0
1
0
1
0
13
1
2
0
12
0
1
1
1
0
1
0
1
12
13
22
12
0
1
0
13
0
2
0
4
0
14
0
14
23
14
1
14
9
5
1
4
0
14
0
14
0
14
0
14
0
5
0
4
0
14
0
14
0
14
0
14
0
14
22
5
22
4
0
14
0
14
0
14
0
14
22
14
1
5
22
4
21
14
0
14
0
5
0
