7
25
15
0
15
0
15
15
15
7
6
0
0
0
0
0
0
0
0
0
7
15
15
0
15
0
6
15
0
0
0
0
0
0
0
0
7
0
15
0
15
0
15
0
15
0
6
15
0
0
0
0
0
0
0
0
0
0
0
0
12
0
1
0
1
0
1
0
1
0
13
0
0
0
0
0
0
0
0
0
12
6
1
4
1
4
13
0
0
0
0
0
0
0
0
0
4
0
14
15
14
0
1
0
14
22
5
0
0
0
0
0
0
0
7
22
15
22
6
24
12
0
1
0
1
0
1
0
1
0
13
0
0
0
0
0
0
0
0
0
4
0
14
0
14
18
14
15
15
0
3
0
3
0
3
15
3
0
3
0
3
0
1
0
15
0
15
0
15
0
6
0
0
0
12
22
1
0
13
15
4
0
14
0
1
0
1
15
1
0
13
0
7
12
15
0
15
0
15
0
6
0
0
0
0
0
0
0
2
0
0
0
0
0
0
0
0
0
0
0
0
0
12
0
1
0
1
0
1
0
13
0
0
0
12
0
1
0
13
23
7
0
6
0
2
0
12
0
1
0
13
0
12
0
1
0
1
0
1
20
13
0
0
0
0
0
0
0
2
0
0
0
0
0
0
0
0
0
0
0
0
0
12
0
1
0
1
0
1
0
13
0
0
0
12
0
1
0
13
0
12
0
13
0
2
15
4
22
14
22
5
0
12
22
1
15
1
0
1
15
13
0
0
0
0
0
0
0
2
22
0
0
0
0
0
0
0
0
0
0
0
0
12
0
1
0
1
0
1
0
13
0
0
0
4
0
1
0
13
19
12
0
13
0
12
0
3
0
3
0
3
0
1
0
1
0
1
0
1
0
13
0
0
0
0
0
0
0
2
0
0
0
9
20
3
0
3
15
8
20
0
0
12
0
14
0
14
0
14
0
5
0
7
0
15
0
1
0
13
0
12
0
1
0
1
0
15
0
15
0
6
0
12
0
1
0
1
0
1
0
13
0
0
0
0
0
0
0
2
0
0
0
0
0
0
0
0
0
0
0
0
0
2
0
7
22
6
0
0
0
0
0
12
0
1
0
1
0
13
0
12
0
13
15
12
0
1
0
1
0
13
0
4
0
14
15
14
0
14
0
5
12
0
0
0
0
7
15
1
0
6
0
0
0
0
0
0
0
0
0
0
0
2
0
12
0
1
0
6
22
0
0
12
0
1
0
1
0
13
0
12
0
13
0
12
0
1
0
1
0
13
0
0
0
0
0
0
0
0
0
0
0
0
0
0
0
12
22
1
0
13
0
0
0
0
0
0
0
0
0
0
0
2
0
12
0
1
0
13
0
0
0
4
12
1
0
1
0
13
0
12
0
13
0
12
15
1
0
1
0
13
15
0
0
0
0
0
0
0
0
0
0
0
0
0
0
12
0
1
0
13
0
0
0
0
0
0
0
0
0
0
0
2
0
12
0
1
15
13
15
0
0
0
0
12
0
1
0
13
15
12
15
13
0
4
0
14
22
14
12
5
22
0
0
0
0
0
0
0
0
7
12
15
22
15
0
1
0
1
0
13
0
0
0
0
0
0
0
0
0
0
0
2
0
12
0
1
0
5
12
0
0
0
0
12
0
1
0
13
0
12
0
13
15
0
0
0
0
0
0
0
0
0
0
0
0
0
0
0
0
12
0
1
0
1
0
1
15
1
0
1
0
3
0
3
0
3
0
3
0
3
0
1
0
12
0
5
0
0
0
0
0
0
0
4
0
1
0
13
0
4
0
14
0
3
0
3
0
3
0
3
0
3
0
3
0
3
0
3
0
14
0
14
0
14
0
14
15
14
0
5
0
0
0
0
0
0
0
0
0
0
0
4
0
3
0
3
0
3
0
3
0
3
0
3
0
14
0
5
0
