7
0
6
0
7
0
15
0
6
0
7
0
15
0
15
0
15
0
15
0
15
0
3
0
3
0
3
0
3
0
3
0
3
0
3
0
3
0
3
0
3
0
3
0
8
20
0
0
0
0
0
0
0
0
0
0
0
0
0
0
12
0
13
0
4
0
14
0
13
0
12
0
1
0
1
0
1
0
1
0
13
0
7
14
15
0
15
0
15
0
15
0
15
0
15
0
15
0
6
0
0
0
0
0
0
0
0
0
0
0
0
0
0
0
0
0
0
0
0
0
12
0
1
14
3
0
3
0
13
0
2
0
12
0
1
0
1
0
1
0
13
0
12
0
1
0
1
0
1
0
1
0
1
0
1
0
1
0
13
0
0
0
0
0
0
0
0
0
0
0
0
0
0
0
0
0
0
0
0
0
12
6
13
0
7
0
6
0
2
0
2
0
4
0
14
0
14
0
14
0
5
0
12
0
1
0
1
0
14
0
14
0
14
0
14
0
14
0
5
0
0
0
0
0
0
0
0
0
0
0
0
0
0
0
0
0
0
0
0
0
12
0
13
0
12
0
1
0
1
0
1
25
3
0
3
0
3
14
3
0
3
0
1
14
1
0
13
16
3
0
3
0
3
23
3
0
3
13
8
21
0
0
0
0
0
0
0
0
0
0
0
0
0
0
0
0
0
0
0
0
4
12
5
12
12
0
13
0
2
0
2
0
7
0
6
0
0
0
0
0
0
0
12
0
1
0
1
14
15
0
15
0
15
0
15
0
15
0
6
0
0
0
0
0
0
0
0
0
0
0
0
0
0
0
0
0
0
0
0
0
0
0
0
0
12
0
13
0
4
0
5
0
12
0
13
0
0
0
0
0
0
0
12
0
1
14
1
14
1
0
1
0
1
0
1
0
1
0
13
0
0
0
0
0
0
0
0
0
0
0
0
0
0
0
0
0
0
0
0
0
0
0
0
0
12
0
1
0
15
0
15
0
1
0
13
0
0
0
0
0
0
0
4
0
14
0
14
0
14
0
14
0
14
0
14
0
14
0
5
0
0
0
0
0
0
0
0
0
0
0
0
0
0
0
0
0
0
0
0
0
0
0
0
0
4
0
14
0
14
0
14
0
14
0
5
12
0
0
0
0
0
0
0
0
0
0
0
0
0
0
0
0
0
0
0
0
0
0
0
0
7
14
15
14
15
14
15
14
15
0
6
0
0
0
0
0
0
0
0
0
0
0
0
0
0
0
0
0
0
0
0
0
0
0
0
0
0
0
0
0
0
0
0
0
0
0
0
0
0
0
0
0
0
0
0
0
0
0
0
0
12
14
1
14
1
14
14
0
1
0
13
0
0
0
0
0
0
0
0
0
0
0
0
0
0
0
0
0
0
0
0
0
0
0
0
0
0
0
0
0
0
0
0
0
0
0
0
0
0
0
0
0
0
0
0
0
0
0
0
0
12
14
1
14
13
0
11
19
12
5
13
0
0
0
0
0
0
0
0
0
0
0
0
0
0
0
0
0
0
0
0
0
0
0
0
0
0
0
0
0
0
0
0
0
0
0
0
0
0
0
0
0
0
0
0
0
0
0
0
0
12
14
1
0
13
0
2
0
12
0
13
0
0
0
0
0
0
0
0
0
0
0
0
0
0
0
0
0
0
0
0
0
0
0
0
0
0
0
0
0
0
0
0
0
0
0
0
0
0
0
0
0
0
0
0
0
0
0
0
0
12
0
1
0
1
0
15
11
1
0
13
0
0
0
0
0
0
0
0
0
0
0
0
0
0
0
0
0
0
0
0
0
0
0
0
0
0
0
0
0
0
0
0
0
0
0
0
0
0
0
0
0
0
0
0
0
0
0
0
0
4
0
14
0
14
0
14
20
14
0
5
0
0
0
0
0
0
0
0
0
