0
0
0
0
0
0
7
0
15
0
15
0
15
0
15
0
15
0
6
0
7
6
15
0
15
0
3
0
3
0
3
0
3
0
3
0
3
0
3
0
15
0
15
0
15
0
15
0
15
0
15
0
15
0
6
0
7
0
6
3
0
0
0
0
0
0
4
5
14
0
14
0
14
0
1
0
1
0
13
0
12
7
1
0
13
15
0
0
0
0
0
0
0
0
0
0
0
0
0
0
12
0
1
0
1
0
1
0
1
0
1
0
1
0
13
0
12
0
13
1
0
0
0
0
0
0
0
0
0
0
0
0
0
0
12
0
1
0
13
0
12
0
1
0
13
0
7
0
15
0
15
0
15
0
15
0
15
0
6
20
12
12
1
0
1
14
1
14
1
0
1
0
1
14
13
0
12
0
13
0
0
0
0
0
0
0
0
0
0
0
0
0
0
0
12
0
1
0
13
0
12
12
1
0
13
15
12
0
1
0
1
0
1
0
1
0
1
0
13
0
12
0
1
0
1
0
1
0
1
0
1
0
1
0
1
0
12
16
13
0
7
0
15
14
15
0
6
0
7
0
15
0
15
0
1
0
1
0
13
0
4
0
14
0
5
15
12
0
1
0
1
0
1
0
1
0
1
0
13
0
12
0
1
0
1
0
1
0
1
0
1
0
1
0
13
0
12
0
13
0
12
5
1
0
1
0
13
0
12
0
1
0
1
0
1
0
1
0
13
0
7
0
15
0
15
0
6
11
14
0
14
0
14
0
14
0
14
0
5
0
12
0
1
0
1
0
1
0
1
0
1
0
1
14
13
0
12
0
13
14
12
14
1
14
1
0
13
0
4
0
14
0
1
0
14
0
14
0
5
0
12
0
1
0
1
0
13
0
7
0
15
0
3
0
3
0
3
0
3
0
14
0
14
0
14
0
14
14
14
0
14
0
14
0
5
0
12
0
13
14
12
0
1
0
1
14
13
0
0
0
0
0
2
0
0
0
0
0
0
0
12
5
1
25
1
0
13
0
2
0
2
0
0
0
9
0
3
0
3
0
3
0
3
0
3
0
3
0
3
0
3
0
3
0
3
0
1
0
13
0
12
0
1
0
1
0
13
0
0
0
0
0
2
0
0
0
0
0
0
0
12
0
1
0
1
0
13
0
2
0
2
0
0
0
0
0
0
0
0
0
0
0
7
22
15
22
15
22
6
22
7
0
15
0
6
0
12
14
13
14
12
0
1
0
1
18
13
0
0
0
0
0
4
0
3
0
3
0
15
0
4
16
14
0
14
0
5
0
2
0
2
0
7
0
15
0
15
0
15
0
6
0
12
22
1
22
1
22
13
22
12
0
1
0
13
0
12
0
13
0
4
0
14
0
14
0
5
20
7
12
15
0
15
19
15
0
15
0
1
0
13
0
7
0
15
0
3
0
5
0
2
0
12
0
1
0
1
0
1
0
13
0
12
22
1
0
1
0
13
0
12
0
1
0
13
0
12
0
13
0
0
0
0
0
0
0
0
0
12
0
1
1
1
0
1
0
1
0
1
0
13
0
12
0
1
0
15
0
6
0
12
0
1
0
1
0
1
0
1
0
13
0
12
21
1
22
1
14
13
0
12
0
1
0
13
0
12
0
13
0
0
0
0
0
0
0
0
0
12
0
1
3
1
8
1
0
1
0
1
0
13
0
12
0
1
0
1
21
13
0
12
0
1
0
1
0
1
0
1
0
13
0
12
0
1
0
1
0
1
0
12
16
1
0
13
0
12
14
13
2
0
0
0
0
0
0
0
0
4
0
14
0
14
0
14
0
14
0
14
0
5
0
4
0
14
0
14
0
5
0
4
0
14
0
14
0
14
0
14
0
5
0
4
9
14
0
14
14
5
0
4
0
14
0
5
20
4
6
5
4
