7
0
15
0
15
0
15
0
15
0
15
0
6
0
7
0
15
0
15
0
15
0
15
0
0
0
0
0
0
0
0
0
0
0
0
0
7
13
15
0
15
0
15
0
15
0
6
0
0
0
0
0
7
0
15
0
15
0
6
0
12
0
1
0
1
0
1
0
1
0
1
0
13
0
12
0
1
0
1
0
13
0
2
0
0
0
0
0
0
0
0
0
0
0
0
0
4
0
1
0
1
0
1
0
1
0
13
0
0
0
0
0
12
0
1
0
1
0
13
0
12
0
1
0
1
0
1
0
1
0
1
0
13
0
12
0
1
0
1
0
13
0
2
0
0
0
7
0
15
0
15
0
15
0
15
0
6
0
12
0
1
0
1
0
1
0
13
0
0
0
0
0
12
0
1
0
1
0
13
0
12
0
1
0
1
0
1
0
1
0
1
0
13
0
4
0
14
0
14
0
5
0
2
0
0
0
12
0
1
0
1
0
1
0
1
0
13
0
12
0
1
0
14
0
14
0
5
0
0
0
0
0
12
0
14
0
14
0
5
0
12
0
14
0
14
0
14
0
14
0
14
0
5
19
9
12
15
0
15
0
6
0
2
0
0
0
12
0
1
12
1
0
1
0
1
0
13
0
12
0
5
0
0
0
0
0
0
0
0
0
0
0
2
0
0
0
0
0
0
0
2
0
7
0
15
0
15
0
15
0
15
0
15
0
6
0
12
0
1
0
1
0
1
0
3
0
1
0
1
0
1
0
1
0
1
0
1
0
3
16
3
0
3
0
3
0
3
0
3
0
3
0
1
0
3
12
3
0
8
20
2
0
12
0
1
0
1
0
1
0
1
0
1
0
13
0
12
0
1
0
13
0
2
0
0
0
4
0
14
0
1
0
1
0
1
0
13
0
10
0
0
0
0
0
0
0
0
0
0
0
7
0
1
0
15
0
6
0
0
0
2
0
12
0
1
0
1
0
1
0
1
0
1
0
13
0
12
0
1
0
5
0
2
0
0
0
0
0
0
0
12
0
1
0
1
0
13
0
7
21
15
0
15
0
15
0
6
0
0
0
12
0
1
0
1
0
13
0
0
0
2
0
12
0
1
0
1
0
1
0
1
0
1
0
13
0
12
0
13
0
7
0
1
0
15
0
15
0
6
0
12
0
1
0
1
0
13
0
12
0
1
0
1
0
1
0
13
0
0
0
12
0
1
0
1
0
13
0
0
0
2
0
12
0
1
0
1
0
1
0
1
0
1
0
13
0
12
0
13
0
12
0
1
0
1
0
1
0
13
0
12
0
1
0
1
0
13
0
12
0
1
0
1
0
1
0
13
0
0
0
12
0
1
0
1
0
13
0
0
0
2
0
4
0
14
12
14
0
14
0
14
0
1
0
5
0
12
0
13
0
12
0
1
0
1
0
1
0
13
0
4
0
14
0
14
0
5
0
12
0
1
0
1
0
1
0
13
0
0
0
12
0
1
0
1
0
13
0
0
0
12
25
3
0
3
0
3
0
3
0
3
0
5
0
7
0
1
0
13
0
12
0
1
0
1
0
1
0
13
0
0
0
0
0
0
0
0
0
12
0
1
0
1
0
1
0
13
0
0
0
4
0
14
0
14
0
5
0
0
0
2
0
9
12
3
12
3
0
3
0
3
0
3
0
14
0
14
0
5
0
12
0
1
0
1
0
1
0
13
0
0
0
0
0
0
0
0
0
4
20
14
0
14
0
14
0
5
0
0
0
0
0
0
0
0
0
0
0
0
0
4
0
3
0
3
0
3
0
3
0
3
0
3
0
3
0
3
0
3
0
14
0
14
0
14
0
14
0
5
0
0
0
0
0
0
0
0
0
0
0
0
0
0
0
0
0
0
0
0
0
0
0
0
0
0
0
0
0
0
0
