Files/Blocks1
 0
 0
 0
 0
 0
 0
 0
 0
 0
 1
 0
 1
 0
 0
 0
 1
 0
 1
 0
 0
 0
 1
 0
 1
 0
 0
 0
 1
 0
 1
 0
 0
 0
 1
 0
 1
 0
 0
 0
 1
 0
 1
 0
 0
 0
 1
 0
 1
 0
 0
 0
 1
 0
 1
 0
 0
 0
 1
 0
 1
 0
 0
 0
 1
 0
 1
 0
 0
 0
 0
 0
 0
 0
 0
 0
 0
 0
 0
 0
 0
 0
 1
 0
 2
 0
 0
 0
 0
 0
 0
 0
 0
 0
 0
 0
 0
 0
 0
 0
 0
 0
 0
 0
 0
 0
 0
 0
 0
 0
 0
 0
 0
 0
 0
 0
 0
 0
 0
 0
 0
 0
 0
 0
 0
 0
 0
 0
 0
 0
 0
 0
 0
 0
 0
 0
 0
 0
 0
 0
 0
 0
 1
 0
 2
 0
 0
 0
 0
 0
 0
 0
 0
 0
 0
 0
 0
 0
 0
 0
 0
 0
 0
 0
 0
 0
 0
 0
 0
 0
 0
 0
 1
 0
 1
 0
 0
 0
 1
 0
 1
 0
 0
 0
 1
 0
 1
 0
 0
 0
 0
 0
 0
 0
 0
 0
 0
 0
 0
 0
 0
 0
 0
 0
 0
 0
 0
 0
 0
 0
 0
 0
 0
 0
 0
 0
 0
 0
 0
 0
 0
 0
 0
 0
 0
 0
 0
 0
 0
 0
 0
 0
 1
 0
 1
 0
 0
 0
 1
 0
 1
 0
 0
 0
 1
 0
 1
 37
 0
 0
 0
 0
 0
 0
 0
 0
 0
 0
 0
 57
 0
 0
 0
 0
 0
 47
 0
 0
 0
 0
 0
 0
 0
 0
 0
 0
 0
 0
 0
 0
 0
 0
 0
 0
 0
 0
 0
 0
 0
 0
 0
 0
 1
 0
 1
 0
 0
 0
 1
 0
 1
 0
 0
 0
 1
 0
 1
 17
 0
 0
 0
 0
 0
 18
 0
 0
 0
 0
 0
 19
 0
 0
 0
 0
 0
 20
 0
 0
 0
 0
 0
 0
 0
 0
 0
 0
 0
 0
 0
 0
 0
 0
 0
 0
 0
 0
 0
 0
 0
 0
 0
 0
 1
 0
 1
 0
 0
 0
 1
 0
 1
 0
 0
 0
 1
 0
 1
