7
3
15
0
15
0
15
0
15
0
15
1
15
0
15
0
15
0
15
0
15
0
15
0
15
0
15
0
6
0
7
8
15
7
15
0
15
0
15
0
15
0
15
0
15
0
15
0
15
0
15
0
15
0
6
0
7
0
6
0
12
0
14
0
14
0
14
0
14
0
14
0
1
0
1
0
14
0
1
0
1
0
1
0
1
0
1
0
13
0
4
6
14
5
14
0
14
0
14
0
14
0
14
0
14
0
14
0
14
0
14
0
14
0
14
0
1
0
13
0
12
0
15
0
15
0
15
0
3
0
15
0
1
0
13
0
0
0
4
0
14
0
14
0
14
0
1
0
14
0
3
0
3
0
3
0
15
0
15
0
15
0
15
0
15
0
15
0
15
0
15
1
15
0
6
1
12
0
13
0
12
0
1
0
1
0
13
0
0
0
12
0
14
0
5
0
0
0
7
0
6
0
0
0
0
0
12
0
15
0
15
0
15
0
6
15
12
0
1
0
1
0
1
0
1
0
1
0
1
0
1
0
1
0
13
0
12
0
13
0
12
0
1
0
1
1
1
0
15
0
13
0
0
0
0
0
0
0
12
0
13
2
0
0
0
0
12
0
1
0
1
4
1
0
13
25
12
0
1
0
1
0
14
0
14
0
14
0
1
0
14
0
14
0
5
0
12
0
5
0
12
0
1
0
1
0
1
0
1
0
13
0
0
0
0
0
0
0
12
0
13
0
0
0
0
0
4
0
1
0
1
0
1
12
13
0
12
0
1
0
1
0
15
0
15
0
15
0
1
0
15
0
15
0
15
0
1
0
6
0
12
0
1
0
1
0
1
5
1
0
13
0
0
0
0
0
0
0
12
0
13
0
0
0
0
0
0
0
4
0
1
14
1
6
13
12
12
0
14
0
5
0
12
0
1
0
14
0
1
0
14
0
1
0
1
0
1
0
13
0
12
0
1
0
1
0
14
0
1
0
13
0
0
0
0
0
0
0
4
6
13
0
0
0
0
0
0
0
0
0
12
0
14
14
5
0
2
0
0
0
0
0
12
0
13
0
0
0
2
0
0
0
2
0
10
5
12
0
5
0
12
21
1
0
13
0
0
0
12
0
13
0
0
0
0
0
0
0
7
0
1
0
15
0
15
0
15
0
15
0
1
0
15
0
15
0
13
0
0
0
9
19
1
0
1
0
15
0
1
0
15
0
1
0
15
0
1
0
13
0
12
0
1
1
1
0
3
0
14
0
5
20
0
0
0
0
0
0
12
0
14
0
1
0
1
0
1
0
1
0
1
0
1
0
1
0
1
0
15
0
15
0
14
0
14
0
1
0
14
0
1
0
14
0
14
0
14
0
5
0
12
0
1
0
13
0
0
0
0
0
0
0
0
0
7
20
15
0
13
1
0
0
4
0
14
0
14
0
14
0
14
0
14
0
14
0
14
0
1
1
13
0
7
0
15
0
1
0
6
0
1
0
15
0
15
0
15
0
6
0
12
0
1
0
13
0
0
0
0
0
0
0
0
0
12
0
1
0
13
0
0
0
0
0
0
0
0
0
0
0
0
0
0
0
0
0
0
0
12
0
1
0
1
0
1
0
1
0
13
0
12
0
1
0
1
0
1
0
13
0
12
5
1
0
13
0
0
0
0
0
0
0
0
0
12
0
1
1
1
0
15
0
15
0
15
0
15
0
15
0
15
0
15
0
15
0
15
0
1
0
13
0
12
0
1
0
1
0
13
0
12
0
1
0
1
0
1
0
13
0
4
0
14
0
14
0
3
0
3
0
3
0
3
0
14
0
14
0
14
0
14
0
14
0
14
14
14
0
14
0
14
0
14
0
14
0
14
0
14
1
5
0
4
0
14
0
14
0
5
0
4
0
14
0
14
0
14
0
5
20
