7
0
3
0
6
0
7
0
3
0
3
0
3
0
3
0
3
0
15
0
15
0
15
0
15
0
15
0
6
0
7
0
15
0
15
0
15
0
15
0
15
0
15
0
6
5
7
0
15
0
15
0
15
12
15
7
15
7
6
7
2
0
0
0
2
0
2
0
7
0
3
0
3
0
15
0
6
0
12
0
1
0
1
0
1
0
1
0
1
0
1
0
1
0
1
0
1
0
1
0
1
0
1
0
13
0
12
0
1
0
1
0
1
12
1
8
1
6
13
0
2
0
0
0
2
0
2
0
2
0
9
25
6
0
2
0
2
0
4
0
14
0
14
0
14
0
14
0
5
0
4
0
14
0
14
0
14
0
14
0
14
0
14
0
13
11
1
0
1
0
1
0
1
0
1
0
1
12
13
12
2
0
0
0
2
0
2
0
4
0
3
0
5
0
2
0
2
0
7
0
15
0
15
14
15
14
15
4
6
4
0
0
0
0
0
0
0
0
0
0
0
0
0
0
10
6
4
0
14
0
1
0
1
0
1
0
1
0
13
0
2
0
0
0
4
0
14
0
3
0
3
0
3
0
5
0
2
0
12
0
1
0
1
14
1
14
1
14
13
14
0
0
0
0
7
0
15
14
15
14
6
0
0
0
0
0
0
0
0
0
12
0
1
0
1
0
1
0
13
0
2
0
0
0
7
0
3
0
3
0
3
0
3
0
3
0
5
0
12
0
1
0
1
14
1
14
1
0
1
0
15
0
15
15
1
0
1
14
1
14
1
0
15
5
15
6
15
0
6
0
12
0
1
0
1
0
1
0
13
0
2
0
0
0
12
0
3
0
3
0
3
0
3
0
3
0
3
0
1
0
1
0
1
14
1
14
1
0
1
14
1
0
1
15
1
0
1
14
1
14
1
0
1
5
1
6
1
0
13
0
12
0
1
0
1
0
1
0
13
0
12
0
15
0
13
0
9
21
3
0
3
0
3
0
3
0
6
0
12
14
1
0
1
0
1
0
1
0
1
14
1
0
1
15
1
14
1
14
1
0
1
5
1
6
1
0
1
0
13
0
12
0
1
0
1
0
1
0
13
0
12
0
1
0
13
0
9
0
3
0
6
0
0
0
0
0
2
0
12
14
1
14
1
14
1
14
1
14
1
12
1
0
1
15
1
0
1
14
1
14
1
0
1
5
1
6
1
0
13
0
12
0
1
0
14
0
14
0
5
0
12
0
1
0
13
11
3
0
6
0
4
0
3
0
6
0
2
0
4
0
14
0
14
0
14
0
14
0
14
0
14
0
14
0
14
11
14
14
14
14
14
0
14
5
14
0
14
0
5
20
12
0
13
0
7
20
15
0
6
19
4
0
1
0
5
0
0
0
4
0
3
6
8
8
4
0
14
0
3
0
3
0
3
0
3
0
3
0
3
0
3
0
3
0
5
0
7
0
15
0
15
0
15
0
15
0
15
0
6
0
12
12
13
12
12
0
1
0
13
0
7
0
1
0
15
0
15
0
6
0
7
0
15
0
15
0
15
0
3
0
3
0
3
0
3
0
3
0
3
0
3
0
3
0
3
0
14
0
14
0
14
0
1
0
1
0
1
0
13
11
1
18
13
12
12
0
1
15
13
15
12
0
1
0
1
0
13
0
4
0
5
0
4
0
14
0
14
0
3
0
3
0
3
0
15
0
15
0
15
0
15
0
15
0
15
0
15
0
15
0
6
0
4
0
14
0
14
0
5
0
4
18
5
12
12
0
1
15
13
15
4
0
14
0
14
0
5
0
0
0
0
0
0
0
0
0
0
0
0
0
0
0
0
0
4
0
14
0
14
0
14
0
14
0
14
0
14
0
14
0
14
0
3
0
3
0
3
0
3
0
3
18
8
21
4
0
14
0
5
0
