7
0
15
0
6
0
7
0
15
0
15
0
15
0
15
0
3
22
8
12
11
20
7
0
15
0
3
0
3
0
3
0
3
0
3
0
3
0
3
0
15
0
3
0
3
0
3
0
3
0
3
0
15
0
3
0
3
0
8
12
12
0
1
0
13
0
12
15
14
0
14
0
14
0
5
0
7
0
6
0
2
0
2
0
2
0
7
0
15
0
15
0
15
0
15
0
15
0
6
0
2
0
0
0
0
0
0
0
0
0
0
0
2
0
0
0
0
0
0
0
12
3
1
0
14
0
14
0
3
0
3
0
6
0
7
0
1
0
13
0
2
0
2
0
2
0
12
0
1
0
1
0
1
0
1
6
1
0
13
22
2
0
7
0
15
19
6
5
0
0
0
0
2
22
0
0
0
0
0
0
4
12
5
0
7
22
15
0
6
22
7
0
1
0
1
0
1
0
13
0
2
0
2
0
2
0
12
0
1
0
1
0
1
0
1
0
1
0
13
0
2
0
12
0
1
0
13
0
0
0
0
0
2
0
7
0
6
0
0
0
7
0
15
0
1
0
1
0
13
0
12
0
1
0
1
3
1
0
13
0
2
0
2
0
2
0
12
0
14
0
14
0
14
15
14
12
14
0
5
22
2
0
12
0
1
0
13
6
0
0
0
0
2
0
2
0
2
0
0
0
12
0
1
0
1
0
1
0
1
0
1
0
1
0
1
0
1
25
13
0
2
0
2
0
4
0
14
0
3
0
3
0
3
0
3
0
3
0
8
12
12
0
8
11
1
0
13
0
0
0
0
0
2
0
2
0
2
0
0
0
12
0
14
0
14
0
14
0
5
0
4
15
14
0
14
0
14
15
5
0
2
0
4
0
3
0
15
0
3
0
3
0
3
0
3
0
15
0
6
0
2
0
4
0
14
0
5
12
0
0
0
0
2
0
2
0
2
0
0
0
12
0
6
0
7
0
3
0
3
0
3
0
3
15
3
0
3
0
3
0
14
0
3
0
6
0
2
0
7
0
15
0
15
0
15
0
1
0
13
0
2
0
0
0
0
0
0
0
0
0
0
0
2
0
2
0
2
0
0
0
12
0
1
0
5
0
7
0
6
0
7
0
3
15
6
0
7
0
15
15
6
0
7
0
5
15
2
0
12
0
1
0
1
0
1
0
1
0
13
0
2
0
0
0
0
0
0
0
0
0
0
0
4
0
5
0
2
0
0
0
4
0
13
0
7
0
5
0
2
0
2
0
7
0
5
0
12
0
1
0
13
0
4
0
6
0
2
0
4
0
14
0
14
0
14
0
14
0
5
0
2
0
0
0
0
0
0
0
0
0
0
0
0
0
0
0
2
0
0
0
11
4
12
0
13
0
7
0
5
0
2
0
2
0
7
0
1
0
1
0
13
0
9
12
14
0
5
0
7
0
3
15
3
0
3
0
8
12
0
0
2
0
0
0
0
0
0
0
0
0
0
0
0
0
0
0
2
0
0
0
2
5
2
0
2
0
4
15
3
0
5
0
4
0
5
0
4
0
14
0
3
0
3
0
15
0
3
0
5
0
0
0
0
0
7
0
15
0
6
21
2
15
0
0
0
0
0
0
7
20
15
0
15
0
15
0
13
0
0
0
2
0
2
0
4
0
3
0
3
0
3
0
3
0
3
0
3
0
3
0
8
12
0
0
2
15
9
20
3
0
3
0
3
0
1
0
1
0
13
0
2
0
0
0
0
0
0
0
12
0
1
0
1
0
1
0
13
0
0
0
4
0
14
23
3
0
3
23
3
0
8
24
0
0
0
0
0
0
0
0
0
0
0
0
4
15
3
15
3
15
3
15
8
0
4
0
14
0
5
0
4
0
3
0
3
0
8
12
4
0
14
0
14
0
14
0
5
0
0
0
