7
0
15
0
15
0
8
0
7
0
15
0
15
0
15
0
15
0
15
0
6
0
7
0
15
0
15
0
15
0
15
0
15
0
15
0
15
0
15
0
15
0
15
0
15
0
15
0
6
0
7
12
15
6
15
0
6
0
0
0
12
0
1
0
13
0
7
0
1
0
1
0
1
0
1
0
1
0
1
0
13
0
12
0
1
0
1
0
1
0
1
0
14
0
14
0
14
0
14
0
14
0
14
0
1
0
13
0
2
0
12
0
1
0
1
22
13
0
0
0
2
0
4
0
5
0
2
0
4
0
1
0
1
0
1
0
1
0
1
0
13
0
12
0
1
0
1
0
1
0
13
0
7
0
15
0
15
0
15
0
15
0
6
0
12
12
13
12
2
0
12
0
1
25
1
0
13
0
0
0
4
22
3
0
3
0
1
0
6
0
4
0
14
0
14
0
14
0
1
0
13
0
4
0
14
16
14
0
14
0
5
0
12
0
1
0
1
0
1
0
1
0
13
0
4
12
5
12
2
0
4
0
14
11
14
0
5
0
0
0
7
0
15
20
6
20
4
0
7
16
15
0
15
0
15
0
6
0
4
0
14
0
8
20
2
0
0
0
0
0
0
0
4
0
14
0
14
0
14
0
14
0
14
0
3
0
3
0
14
0
3
0
14
0
3
0
3
0
6
0
12
0
1
0
1
0
6
0
12
0
1
0
1
0
1
0
13
0
7
0
15
0
15
0
13
0
0
0
0
0
7
0
15
0
15
0
15
0
3
0
3
0
3
0
3
0
3
0
15
25
3
0
6
0
7
0
6
0
2
0
12
15
1
0
1
0
13
0
12
0
1
0
1
0
1
0
13
0
12
0
1
0
1
0
13
0
0
0
0
0
12
0
1
0
1
0
13
0
7
0
15
0
15
0
15
0
15
0
1
0
6
0
2
0
12
0
13
0
2
0
12
0
14
0
1
0
13
0
4
0
14
0
14
0
14
0
13
0
12
0
1
0
1
0
13
0
0
0
0
0
12
0
1
0
1
0
13
0
12
0
14
12
14
12
5
12
12
0
1
0
13
0
2
0
12
0
13
0
2
0
2
0
11
0
4
0
1
0
3
0
15
0
15
0
6
0
2
0
4
0
14
0
14
16
5
0
0
0
0
0
4
0
14
0
14
0
5
0
2
0
7
0
15
0
6
0
4
0
14
0
5
0
2
0
12
0
13
0
2
0
2
0
12
0
6
0
4
0
6
0
12
0
1
0
5
0
4
0
3
0
3
0
14
0
6
0
0
0
7
0
15
0
15
0
15
0
6
0
2
0
12
0
1
0
13
0
7
0
3
0
3
0
1
0
14
0
5
0
2
0
2
0
12
0
1
0
6
0
2
0
4
0
5
0
7
0
15
0
15
0
15
0
6
21
2
0
0
0
12
0
1
0
1
0
1
0
13
0
2
0
12
0
1
0
13
0
2
0
7
0
15
0
1
0
15
0
6
0
2
0
2
0
12
0
1
0
13
0
12
0
15
0
6
0
12
0
1
0
1
0
1
0
13
0
2
0
0
0
12
0
1
0
1
0
1
0
13
0
2
0
12
0
1
0
1
0
13
0
12
0
1
0
1
0
1
0
1
0
13
0
4
0
1
0
1
0
13
0
12
0
1
0
13
0
12
13
14
0
14
0
14
0
5
0
2
0
0
0
12
0
1
0
1
0
1
0
1
0
13
0
12
0
1
0
1
0
13
0
12
0
1
0
1
0
1
0
1
0
13
0
9
19
14
0
14
0
5
0
4
0
14
0
5
0
4
0
3
0
3
23
3
0
3
0
5
0
0
0
4
0
14
0
14
0
14
0
14
0
5
0
4
0
14
0
14
0
5
0
4
0
14
0
14
0
14
0
14
0
5
0
