7
0
15
0
6
0
7
5
15
4
6
1
0
0
0
0
0
0
0
0
0
0
0
0
0
0
0
0
0
0
0
0
0
0
0
0
0
0
0
0
0
0
0
0
0
0
0
0
0
0
0
0
0
0
0
0
0
0
0
0
12
0
1
0
13
0
12
0
1
12
13
12
0
0
0
0
0
0
0
0
7
6
15
14
15
0
15
0
15
0
15
0
15
0
15
0
3
0
3
0
3
0
3
0
3
0
3
0
3
0
15
0
15
0
15
0
6
0
0
0
12
14
1
14
13
22
4
0
1
0
5
0
0
0
0
0
0
0
0
0
12
0
1
14
1
0
14
0
14
0
14
0
1
0
13
0
0
0
0
0
0
0
0
0
0
0
0
0
0
0
12
0
1
0
1
0
1
0
6
0
12
14
1
0
13
0
0
0
2
0
0
0
0
0
0
0
0
0
0
0
12
0
1
0
5
0
7
18
3
14
8
9
12
0
13
0
0
0
0
0
0
0
0
0
0
0
0
0
0
0
4
12
14
0
14
0
5
0
2
0
12
0
1
0
13
0
0
0
2
0
0
0
0
0
0
0
0
0
0
0
12
0
1
0
6
0
2
0
7
22
15
0
1
0
13
0
0
0
0
0
0
0
0
0
0
0
0
0
0
0
0
0
0
0
0
0
0
0
2
0
4
0
1
0
5
12
0
0
2
0
0
0
0
0
0
0
0
0
0
0
12
0
1
0
13
0
2
0
12
22
1
0
1
22
13
22
0
0
0
0
0
0
7
5
15
15
15
15
15
0
15
0
15
0
15
0
6
20
2
0
0
0
4
0
3
0
3
18
1
0
3
0
3
0
3
0
3
0
3
0
1
0
1
0
14
0
1
0
1
0
1
0
1
0
1
0
6
0
0
0
0
0
12
10
1
15
1
15
1
0
1
0
1
0
1
0
13
0
2
0
0
0
0
0
0
0
0
0
2
0
7
0
15
0
15
0
6
0
0
0
12
0
13
0
9
12
5
3
12
0
1
0
1
0
13
0
2
0
0
0
0
0
12
6
1
15
1
15
1
0
1
0
1
0
1
0
13
0
2
0
0
0
0
0
0
0
0
0
2
0
12
0
1
0
1
0
13
16
6
15
4
0
14
14
3
0
3
0
14
0
14
0
14
0
5
0
2
0
0
0
0
0
12
6
1
15
1
15
1
0
1
0
1
0
1
0
13
0
2
0
0
0
0
0
0
0
0
0
2
0
12
0
14
0
14
0
5
0
4
15
3
15
3
15
3
0
3
0
8
21
7
0
3
23
3
0
5
0
0
0
0
0
4
22
14
15
14
15
14
0
14
0
1
25
14
0
5
0
2
0
0
0
0
0
0
0
0
0
2
0
12
0
15
4
15
2
15
12
15
17
15
17
15
17
15
17
15
17
15
17
13
17
0
0
0
0
0
0
0
0
0
0
0
0
0
0
0
0
0
0
0
0
2
0
0
0
0
0
2
0
7
17
6
17
0
0
0
0
2
0
2
0
12
6
1
2
1
12
1
17
1
17
1
17
1
17
1
17
1
17
13
17
0
0
7
6
15
12
15
15
15
17
6
17
0
0
0
0
0
0
0
0
4
0
3
0
3
0
13
0
12
17
1
17
3
0
3
0
5
0
2
0
12
8
1
4
1
24
1
17
1
17
1
17
1
17
1
17
1
17
13
17
0
0
12
2
1
20
1
17
1
17
13
17
0
0
0
0
0
0
0
0
0
0
0
0
0
0
2
0
4
0
5
17
9
19
3
0
3
0
5
0
4
9
14
4
14
24
14
17
14
17
14
17
14
17
14
17
14
17
5
17
0
0
4
17
14
17
14
17
14
17
14
17
3
14
3
14
3
0
3
18
3
0
3
0
3
0
5
0
