SPACE SHUTTLE
 2
 0
 0
-2
-2
-2
-2
-2
-2
-2
 24
 24
-2
-2
-2
-2
-2
-2
-2
-2
-2
-2
-2
-2
-2
-2
 24
-1
-1
 24
-2
-2
-2
-2
-2
-2
-2
-2
-2
-2
-2
-2
 24
-1
 1
 2
-1
 24
-2
-2
-2
-2
-2
-2
-2
-2
-2
-2
-2
 24
-1
 24
 24
-1
 24
-2
-2
-2
-2
-2
-2
-2
-2
-2
-2
-2
 24
-1
-1
-1
-1
 24
-2
-2
-2
-2
-2
-2
-2
-2
-2
-2
-2
 24
-1
-1
-1
-1
 24
-2
-2
-2
-2
-2
-2
-2
-2
-2
-2
 24
-1
 5
-1
-1
 6
-1
 24
-2
-2
-2
-2
-2
-2
-2
-2
-2
 24
-1
 24
-1
-1
 24
-1
 24
-2
-2
-2
-2
-2
-2
-2
-2
 24
-1
 0
 24
 13
-1
 24
-1
-1
 24
-2
-2
-2
-2
-2
-2
 24
-1
-1
 2
 24
 1
-1
 24
 0
-1
-1
 24
-2
-2
-2
-2
-2
 24
 24
 24
 24
-2
 24
 24
-2
 24
 24
 24
 24
-2
-2
-2
-2
