ZERO G
 1
 5
 0
-2
-2
-2
-2
-2
-2
-2
-2
-2
-2
-2
-2
-2
-2
-2
-2
-2
-2
-2
-2
 24
 24
 24
 24
 24
 24
 24
 24
 24
 24
 24
-2
-2
-2
-2
-2
-2
 24
-1
 24
-1
 24
-1
 24
 5
 24
-1
 24
-2
-2
-2
-2
-2
-2
 24
-1
 12
-1
-1
-1
-1
 16
-1
-1
 24
-2
-2
-2
-2
-2
-2
 24
-1
 17
-1
-1
-1
-1
-1
-1
 1
 24
-2
-2
-2
-2
-2
-2
 24
-1
-1
-1
-1
 0
-1
-1
-1
 17
 24
-2
-2
-2
-2
-2
-2
 24
 3
-1
 4
-1
 16
-1
-1
-1
-1
 24
-2
-2
-2
-2
-2
-2
 24
 16
-1
 17
-1
-1
-1
-1
-1
-1
 24
-2
-2
-2
-2
-2
-2
 24
-1
 24
-1
 24
-1
 24
-1
 24
-1
 24
-2
-2
-2
-2
-2
-2
 24
 24
 24
 24
 24
 24
 24
 24
 24
 24
 24
-2
-2
-2
-2
-2
-2
-2
-2
-2
-2
-2
-2
-2
-2
-2
-2
-2
-2
-2
-2
-2
