SATELLITE
 3
 3
 0
-2
-2
-2
 24
 24
 24
 24
 24
 24
-2
-2
-2
-2
-2
-2
-2
-2
-2
-2
-2
 24
-1
-1
-1
 1
 24
-2
-2
-2
-2
-2
-2
-2
-2
-2
-2
-2
 24
 4
-1
-1
 2
 24
-2
 24
 24
-2
-2
-2
-2
-2
-2
-2
 24
 24
 24
 24
-1
 24
-2
 24
-1
 24
-2
 24
-2
-2
-2
-2
 24
 3
-1
-1
-1
-1
 24
 24
-1
-1
 24
 24
 7
 24
-2
-2
-2
-2
 24
-1
-1
-1
-1
 2
 5
-1
-1
-1
-1
 1
 0
 24
-2
-2
 24
 0
-1
 13
 13
-1
 24
 24
 1
-1
 24
 24
 2
 24
-2
-2
-2
-2
 24
 24
 24
 24
-1
 24
-2
 24
 6
 24
-2
 24
-2
-2
-2
-2
-2
-2
 24
-1
-1
-1
 1
 24
-2
 24
-2
-2
-2
-2
-2
-2
-2
-2
-2
 24
 6
 0
-1
 3
 24
-2
-2
-2
-2
-2
-2
-2
-2
-2
-2
-2
 24
 24
 24
 24
 24
 24
-2
-2
-2
-2
-2
-2
-2
-2
-2
