SPACE INVADERS
 2
 1
 5
-2
-2
-2
 24
 24
 24
-2
-2
-2
-2
-2
-2
-2
-2
-2
-2
-2
-2
-2
 24
 2
-1
 1
 24
-2
-2
-2
-2
-2
-2
-2
-2
-2
-2
-2
 24
-1
 24
-1
 24
-1
 24
-2
-2
-2
-2
-2
-2
-2
-2
-2
-2
 24
 12
-1
 7
-1
 0
 24
-2
-2
-2
 24
 24
 24
-2
-2
-2
-2
-2
 24
-1
 24
-1
 24
-2
-2
-2
 24
 3
-1
 12
 24
-2
-2
-2
 24
 6
-1
 24
 1
 5
 24
-2
 24
 14
 24
 15
 24
 5
 24
-2
-2
 24
 24
 24
-2
 24
 24
 24
-2
 24
 3
-1
 24
-1
 4
 24
-2
-2
-2
-2
-2
-2
-2
-2
-2
-2
-2
 24
-1
 0
-1
 24
-2
-2
-2
-2
-2
-2
 24
-2
-2
-2
-2
 24
 24
-1
 24
-1
 24
 24
-2
-2
-2
-2
-2
 24
-2
-2
-2
-2
 24
 2
-1
 24
 0
 12
 24
-2
-2
-2
-2
-2
 24
-2
-2
-2
-2
 24
 24
 24
-2
 24
 24
 24
-2
-2
