MAN ON THE MOON
 1
 4
 5
-2
-2
-2
-2
-2
-2
-2
-2
-2
-2
-2
-2
-2
-2
-2
-2
-2
-2
-2
-2
-2
-2
-2
-2
 24
 24
 24
-2
-2
-2
-2
-2
-2
-2
-2
-2
-2
-2
-2
-2
 24
 24
-1
 24
 24
-2
-2
-2
-2
-2
-2
-2
-2
-2
-2
-2
 24
 24
 15
 3
-1
 24
 24
-2
-2
-2
-2
-2
-2
-2
-2
-2
 24
 24
-1
 14
 24
 15
-1
 24
 24
-2
-2
-2
-2
-2
-2
-2
-2
 24
-1
-1
 24
 24
 24
-1
 0
 24
-2
-2
-2
-2
-2
-2
-2
-2
 24
 24
 1
-1
 24
-1
-1
 24
 24
-2
-2
-2
-2
-2
-2
-2
-2
-2
 24
 24
 0
-1
-1
 24
 24
-2
-2
-2
-2
-2
-2
-2
-2
-2
-2
-2
 24
 24
-1
 24
 24
-2
-2
-2
-2
-2
-2
-2
-2
-2
-2
-2
-2
-2
 24
 24
 24
-2
-2
-2
-2
-2
-2
-2
-2
-2
-2
-2
-2
-2
-2
-2
-2
-2
-2
-2
-2
-2
-2
-2
-2
-2
