BEAM ME UP SCOTTY
 2
 1
 0
-2
-2
-2
-2
-2
-2
-2
-2
-2
-2
-2
-2
-2
-2
-2
-2
-2
-2
-2
-2
-2
-2
 24
 24
 24
 24
 24
 24
 24
-2
-2
-2
-2
-2
-2
-2
-2
-2
-2
 24
-1
 14
-1
 0
-1
 24
-2
-2
-2
-2
-2
-2
-2
-2
-2
-2
 24
 5
 24
-1
 24
 3
 24
-2
-2
-2
-2
-2
-2
-2
-2
-2
-2
 24
 1
 24
-1
 24
 0
 24
-2
-2
-2
-2
-2
-2
-2
-2
-2
-2
 24
 24
 24
-1
 24
 24
 24
-2
-2
-2
-2
-2
-2
-2
-2
-2
-2
 24
 2
 5
-1
 1
 6
 24
-2
-2
-2
-2
-2
-2
-2
-2
-2
-2
 24
 24
 24
 16
 24
 24
 24
-2
-2
-2
-2
-2
-2
-2
-2
-2
-2
-2
-2
 24
 24
 24
-2
-2
-2
-2
-2
-2
-2
-2
-2
-2
-2
-2
-2
-2
-2
-2
-2
-2
-2
-2
-2
-2
-2
-2
-2
-2
-2
-2
-2
-2
-2
-2
-2
-2
-2
-2
-2
-2
-2
-2
-2
-2
