BLACK HOLE
 1
 4
 5
-2
-2
-2
-2
 24
 24
 24
 24
 24
 24
 24
 24
-2
-2
-2
-2
-2
-2
-2
-2
-2
 24
-1
 4
 2
-1
 11
-1
 24
-2
-2
-2
-2
-2
-2
-2
-2
-2
 24
-1
 24
 24
 24
 24
-1
 24
-2
-2
-2
-2
-2
-2
-2
-2
-2
 24
-1
 24
 4
-1
 24
-1
 24
-2
-2
-2
-2
-2
-2
-2
-2
-2
 24
 0
 24
 24
-1
 24
-1
 24
-2
-2
-2
-2
-2
-2
-2
-2
-2
 24
 3
 7
-1
-1
 24
-1
 24
-2
-2
-2
-2
-2
-2
-2
-2
-2
 24
 24
 24
 24
 24
 24
-1
 24
-2
-2
-2
-2
-2
-2
-2
-2
-2
-2
-2
-2
-2
 24
 12
 1
-1
 24
-2
-2
-2
-2
-2
-2
-2
-2
-2
-2
-2
 24
-1
 15
 2
-1
-1
 24
-2
-2
-2
-2
-2
-2
-2
-2
-2
-2
-2
 24
 24
 24
 24
 24
-2
-2
-2
-2
-2
-2
-2
-2
-2
-2
-2
-2
-2
-2
-2
-2
-2
-2
-2
-2
-2
-2
