REG THE ROBOT
 2
 0
 0
-2
-2
-2
-2
-2
-2
-2
 24
-2
 24
-2
-2
-2
-2
-2
-2
-2
-2
-2
-2
-2
-2
 24
 24
-1
 24
 3
 24
 24
-2
-2
-2
-2
-2
-2
-2
-2
 24
 24
 24
-1
 2
-1
 0
-1
 24
 24
 24
-2
-2
-2
-2
-2
-2
 24
-1
 24
-1
 24
 2
 24
-1
 24
-1
 24
-2
-2
-2
-2
-2
-2
 24
-1
 5
-1
-1
 24
-1
-1
 3
-1
 24
-2
-2
-2
-2
-2
-2
 24
 9
 24
-1
 7
-1
 9
-1
 24
 2
 24
-2
-2
-2
-2
-2
-2
 24
 24
 24
-1
 24
 24
 24
-1
 24
 24
 24
-2
-2
-2
-2
-2
-2
-2
-2
 24
 4
-1
-1
-1
-1
 24
-2
-2
-2
-2
-2
-2
-2
-2
-2
-2
 24
 24
-1
 1
 6
 24
 24
-2
-2
-2
-2
-2
-2
-2
-2
-2
-2
-2
-2
 24
 24
 24
-2
-2
-2
-2
-2
-2
-2
-2
-2
-2
-2
-2
-2
-2
-2
-2
-2
-2
-2
-2
-2
-2
-2
-2
-2
