TRACTOR BEAM
 3
 0
 0
-2
-2
-2
-2
 24
 24
 24
 24
 24
 24
 24
 24
 24
-2
-2
-2
-2
-2
-2
-2
-2
 24
 1
 6
 1
 24
 1
 6
 1
 24
-2
-2
-2
-2
-2
-2
-2
-2
 24
 6
 4
 3
-1
 6
 4
 3
 24
-2
-2
-2
-2
-2
-2
-2
-2
 24
 24
 24
 24
-1
 24
 24
 24
 24
-2
-2
-2
-2
-2
-2
-2
-2
-2
-2
-2
 24
-1
 24
-2
-2
-2
-2
-2
-2
-2
-2
-2
-2
-2
-2
-2
-2
 24
-1
 24
-2
-2
-2
-2
-2
-2
-2
-2
-2
-2
-2
-2
-2
-2
 24
-1
 24
-2
-2
-2
-2
-2
-2
-2
-2
-2
-2
-2
-2
-2
 24
-1
 4
-1
 24
-2
-2
-2
-2
-2
-2
-2
-2
-2
-2
-2
 24
-1
 10
 1
 11
-1
 24
-2
-2
-2
-2
-2
-2
-2
-2
-2
 24
-1
 3
 10
 9
 12
 7
-1
 24
-2
-2
-2
-2
-2
-2
-2
-2
 24
 24
 24
 24
 24
 24
 24
 24
 24
-2
-2
-2
-2
-2
