 56
 19
 84
 70
 53
 19
 84
 70
 57
 19
 84
 70
 59
 19
 84
 70
 57
 19
 84
 70
 53
 19
 84
 70
 57
 19
 84
 70
 59
 19
 84
 70
 57
 19
 84
 70
 55
 19
 84
 70
 55
 19
 84
 70
 55
 19
 84
 70
 55
 19
 84
 70
 55
 19
 84
 70
 56
 19
 84
 70
 56
 19
 84
 70
 56
 20
 84
 70
 70
 66
 80
 70
 56
 19
 84
 70
 56
 19
 83
 70
 56
 19
 83
 70
 56
 20
 80
 70
 55
 20
 80
 70
 55
 19
 80
 70
 56
 27
 89
 70
 56
 27
 88
 70
 56
 27
 90
 70
 56
 21
 85
 70
 47
 28
 81
 77
 59
 23
 85
 71
 56
 20
 80
 70
 56
 19
 80
 70
 56
 21
 80
 70
 56
 26
 83
 70
 56
 24
 83
 70
 56
 26
 83
 70
 46
 52
 90
 70
 44
 52
 87
 70
 43
 52
 89
 70
 45
 52
 91
 70
 43
 52
 95
 70
 41
 52
 98
 70
 46
 52
 99
 70
 46
 52
 98
 70
 46
 52
 100
 70
 56
 15
 85
 70
 56
 14
 83
 70
 57
 21
 84
 72
 58
 20
 84
 70
 58
 19
 84
 70
 58
 19
 84
 72
 58
 19
 84
 70
 58
 20
 84
 70
 57
 58
 70
 80
 55
 56
 70
 83
 54
 56
 70
 85
 50
 52
 70
 89
 68
 67
 70
 72
 60
 57
 82
 70
 57
 55
 84
 70
 55
 54
 84
 70
 51
 50
 88
 70
 68
 68
 73
 70
 70
 59
 83
 81
 70
 57
 85
 84
 70
 57
 86
 86
 70
 52
 90
 89
 70
 67
 72
 72
 59
 70
 81
 83
 56
 70
 83
 85
 54
 70
 83
 86
 51
 70
 88
 90
 68
 70
 73
 72
 55
 19
 84
 70
 55
 19
 84
 70
 54
 19
 84
 70
 54
 19
 84
 70
 54
 17
 85
 70
 54
 17
 85
 70
 56
 15
 83
 70
 60
 25
 84
 70
 62
 42
 82
 71
 63
 62
 83
 70
 38
 19
 101
 70
 45
 18
 97
 70
 39
 19
 102
 70
 42
 18
 96
 70
 37
 39
 100
 70
 45
 39
 98
 70
 37
 39
 100
 70
 44
 40
 97
 70
 19
 39
 70
 102
 18
 43
 70
 95
 19
 38
 70
 101
 18
 42
 70
 96
 39
 38
 70
 101
 39
 42
 70
 95
 39
 38
 70
 101
 40
 42
 70
 95
 35
 22
 98
 70
 37
 28
 90
 84
 44
 11
 91
 70
 38
 3
 108
 73
 30
 2
 113
 84
 25
 0
 124
 103
 39
 19
 107
 70
 50
 20
 107
 70
 41
 26
 104
 70
 46
 25
 108
 70
 37
 39
 105
 72
 45
 39
 104
 70
 37
 39
 106
 70
 44
 40
 104
 70
 70
 70
 70
 70
 70
 70
 70
 70
 70
 70
 70
 70
 70
 70
 70
 70
 70
 70
 70
 70
 70
 70
 70
 70
 70
 70
 70
 70
 70
 70
 70
 70
 70
 70
 70
 70
 70
 70
 70
 70
 57
 58
 70
 80
 55
 56
 70
 83
 54
 56
 70
 85
 50
 52
 70
 89
 68
 67
 70
 72
 60
 57
 82
 70
 57
 55
 84
 70
 55
 54
 84
 70
 51
 50
 88
 70
 68
 68
 73
 70
 70
 58
 83
 80
 70
 56
 85
 83
 70
 55
 86
 84
 70
 51
 90
 88
 70
 68
 72
 73
 60
 70
 82
 83
 57
 70
 84
 85
 57
 70
 86
 86
 52
 70
 89
 90
 67
 70
 72
 72
 55
 70
 86
 81
 64
 65
 78
 70
 62
 53
 86
 70
 62
 42
 93
 70
 61
 43
 90
 70
 55
 41
 95
 70
 42
 46
 96
 70
 70
 70
 101
 75
 70
 70
 101
 75
 70
 70
 79
 79
 70
 70
 81
 80
 70
 70
 88
 89
 70
 70
 85
 86
 70
 70
 75
 75
 70
 70
 75
 75
 23
 50
 99
 81
 22
 56
 98
 82
 23
 56
 99
 92
 21
 56
 97
 81
 47
 38
 85
 86
 38
 70
 101
 121
 45
 70
 97
 122
 39
 70
 102
 121
 42
 70
 96
 122
 37
 70
 100
 101
 45
 70
 98
 101
 37
 70
 100
 101
 44
 70
 97
 100
 70
 40
 121
 103
 70
 43
 122
 95
 70
 40
 121
 103
 70
 43
 122
 97
 70
 41
 101
 104
 70
 43
 101
 96
 70
 41
 101
 104
 70
 43
 100
 96
 70
 70
 70
 70
 70
 70
 70
 70
 70
 70
 70
 70
 70
 70
 70
 70
 70
 70
 70
 70
 70
 70
 70
 70
 70
 70
 70
 70
 70
 70
 70
 70
 70
 70
 70
 70
 70
 70
 70
 70
 70
 70
 70
 70
 70
 70
 70
 70
 70
 70
 70
 70
 70
 70
 70
 70
 70
 70
 70
 70
 70
 70
 70
 70
 70
 70
 70
 70
 70
 70
 70
 70
 36
 55
 99
 86
 36
 55
 99
 86
 36
 55
 99
 86
 36
 55
 99
 86
 69
 70
 76
 70
 65
 70
 79
 78
 61
 70
 81
 89
 61
 70
 81
 100
 61
 70
 81
 107
 41
 31
 101
 82
 58
 41
 109
 101
 39
 58
 99
 109
 31
 39
 82
 99
 21
 33
 70
 86
 54
 21
 107
 70
 70
 54
 119
 107
 33
 70
 86
 119
 70
 70
 85
 89
 70
 70
 86
 90
 70
 70
 87
 92
 70
 70
 88
 89
 70
 70
 88
 91
 70
 70
 88
 92
 70
 70
 90
 85
 70
 70
 91
 86
 70
 70
 92
 87
 70
 70
 91
 88
 70
 70
 92
 88
 70
 70
 92
 88
 70
 70
 87
 90
 70
 70
 85
 91
 70
 70
 84
 92
 70
 70
 88
 88
 70
 70
 90
 88
 70
 70
 92
 89
 70
 70
 91
 85
 70
 70
 91
 86
 70
 70
 92
 87
 70
 70
 88
 88
 70
 70
 87
 90
 70
 70
 86
 92
 64
 64
 76
 76
 65
 65
 75
 75
 68
 68
 72
 72
 52
 46
 93
 93
 51
 48
 91
 89
 49
 50
 89
 91
 49
 50
 91
 91
 49
 50
 91
 92
 68
 65
 72
 74
 66
 66
 74
 74
 66
 68
 75
 72
 66
 66
 74
 74
 68
 66
 72
 75
 66
 66
 74
 74
 65
 68
 74
 72
 66
 66
 74
 74
 66
 64
 76
 74
 64
 61
 77
 75
 62
 59
 79
 76
 60
 58
 81
 79
 50
 57
 80
 70
 50
 59
 78
 70
 59
 62
 70
 90
 57
 60
 70
 90
 50
 70
 80
 83
 50
 70
 78
 81
 70
 60
 83
 90
 70
 62
 81
 90
 58
 58
 83
 85
 61
 58
 84
 85
 63
 52
 88
 75
 61
 48
 82
 70
 61
 58
 90
 70
 60
 62
 77
 90
 63
 61
 81
 88
 55
 42
 86
 71
 55
 42
 86
 71
 55
 42
 86
 71
 55
 43
 86
 71
 55
 47
 86
 71
 55
 56
 86
 71
 56
 19
 84
 70
 56
 19
 84
 70
 56
 19
 84
 70
 56
 19
 84
 70
 70
 70
 95
 91
 70
 70
 79
 81
 70
 70
 77
 81
 70
 70
 80
 81
 70
 70
 79
 81
 70
 70
 80
 81
 70
 70
 79
 81
 70
 70
 80
 81
 70
 70
 79
 81
 70
 70
 80
 81
 70
 70
 80
 81
 70
 70
 85
 81
 70
 70
 83
 81
 70
 70
 85
 83
 70
 70
 94
 92
 70
 70
 83
 82
 70
 70
 83
 82
 70
 70
 83
 82
 70
 70
 83
 82
 70
 70
 83
 82
 70
 70
 83
 82
 70
 70
 83
 82
 70
 70
 83
 82
 70
 70
 83
 82
 40
 29
 99
 70
 40
 27
 96
 70
 40
 27
 96
 70
 40
 27
 95
 70
 40
 28
 95
 70
 40
 28
 96
 70
 40
 28
 93
 70
 40
 27
 95
 70
 40
 30
 94
 70
 40
 28
 94
 70
 50
 42
 91
 70
 50
 42
 90
 70
 50
 40
 89
 70
 50
 40
 89
 70
 50
 41
 88
 70
 50
 41
 90
 70
 50
 41
 87
 70
 50
 40
 89
 70
 50
 43
 87
 70
 50
 41
 88
 70
 56
 50
 85
 70
 56
 50
 83
 70
 56
 49
 84
 70
 56
 49
 83
 70
 56
 50
 83
 70
 56
 49
 83
 70
 56
 50
 82
 70
 56
 49
 83
 70
 56
 51
 82
 70
 56
 49
 82
 70
 60
 55
 81
 70
 60
 56
 80
 70
 60
 55
 79
 70
 60
 55
 80
 70
 60
 55
 79
 70
 60
 55
 80
 70
 60
 55
 78
 70
 60
 55
 79
 70
 60
 56
 79
 70
 60
 55
 79
 70
 56
 18
 84
 70
 53
 18
 84
 70
 57
 18
 84
 70
 59
 17
 84
 70
 57
 17
 84
 70
 53
 17
 84
 70
 57
 17
 84
 70
 59
 17
 84
 70
 57
 17
 84
 70
 55
 18
 84
 70
 55
 18
 84
 70
 55
 17
 84
 70
 55
 18
 84
 70
 55
 17
 84
 70
 56
 19
 84
 70
 56
 19
 84
 70
 56
 20
 84
 70
 70
 66
 80
 70
 56
 17
 84
 70
 56
 17
 83
 70
 56
 17
 83
 70
 55
 17
 86
 70
 55
 17
 86
 70
 55
 16
 86
 70
 56
 23
 90
 70
 56
 23
 89
 70
 56
 23
 91
 70
 56
 17
 85
 70
 45
 26
 82
 78
 59
 20
 85
 70
 56
 20
 84
 70
 57
 19
 84
 70
 56
 21
 84
 70
 56
 16
 87
 70
 56
 16
 87
 70
 56
 15
 87
 70
 46
 49
 90
 70
 44
 48
 90
 70
 43
 48
 90
 70
 45
 48
 91
 70
 43
 48
 95
 70
 41
 48
 98
 70
 46
 49
 99
 70
 46
 49
 98
 70
 46
 49
 100
 70
 70
 70
 70
 70
 70
 70
 70
 70
 57
 19
 84
 70
 58
 20
 84
 70
 58
 19
 84
 70
 58
 19
 84
 72
 58
 19
 84
 70
 58
 20
 84
 70
 70
 70
 70
 70
 70
 70
 70
 70
 70
 70
 70
 70
 70
 70
 70
 70
 70
 70
 70
 70
 70
 70
 70
 70
 70
 70
 70
 70
 70
 70
 70
 70
 70
 70
 70
 70
 70
 70
 70
 70
 70
 70
 70
 70
 70
 70
 70
 70
 70
 70
 70
 70
 70
 70
 70
 70
 70
 70
 70
 70
 70
 70
 70
 70
 70
 70
 70
 70
 70
 70
 70
 70
 70
 70
 70
 70
 70
 70
 70
 70
 55
 17
 84
 70
 55
 17
 84
 70
 54
 17
 84
 70
 54
 16
 84
 70
 54
 17
 85
 70
 54
 17
 85
 70
 56
 15
 83
 70
 60
 25
 84
 70
 62
 42
 82
 71
 63
 62
 83
 70
 62
 53
 79
 70
-999
