 43
 43
 20
 15
 11
 5
 14
 44
 42
 43
 43
 16
 18
 5
 19
 5
 14
 20
 19
 44
 42
 43
 43
 1
 0
 7
 1
 13
 5
 44
 42
 43
 43
 3
 1
 12
 12
 5
 4
 27
 27
 27
 44
 42
 43
 43
 19
 21
 16
 5
 18
 0
 11
 9
 11
 19
 20
 1
 18
 20
 44
 42
 43
 2
 1
 19
 5
 4
 0
 21
 16
 15
 14
 0
 20
 8
 5
 43
 3
 2
 13
 0
 16
 12
 21
 19
 45
 33
 0
 7
 1
 13
 5
 43
 11
 9
 11
 19
 20
 1
 18
 20
 44
 42
 43
 3
 15
 4
 5
 39
 7
 6
 24
 39
 1
 21
 4
 9
 15
 41
 43
 43
 9
 14
 19
 1
 14
 5
 44
 42
 19
 16
 5
 3
 9
 1
 12
 0
 20
 8
 1
 14
 24
 43
 20
 15
 0
 5
 12
 5
 14
 4
 0
 6
 18
 15
 13
 43
 4
 1
 13
 1
 7
 5
 0
 9
 14
 3
 27
 0
 6
 15
 18
 43
 15
 14
 12
 9
 14
 5
 0
 19
 21
 16
 16
 15
 18
 20
 44
 42
 19
 16
 5
 3
 9
 1
 12
 0
 20
 8
 1
 14
 24
 43
 20
 15
 0
 1
 27
 13
 15
 18
 18
 9
 19
 43
 6
 15
 18
 0
 3
 18
 5
 1
 20
 9
 14
 7
 43
 20
 8
 5
 0
 15
 18
 9
 7
 9
 14
 1
 12
 44
 42
 43
 43
 20
 8
 5
 0
 12
 5
 7
 5
 14
 4
 43
 12
 9
 22
 5
 19
 0
 15
 14
 27
 27
 27
 44
