 0
 3
 15
 14
 7
 18
 1
 20
 21
 12
 1
 20
 9
 15
 14
 19
 28
 0
 25
 15
 21
 0
 8
 1
 22
 5
 0
 6
 9
 14
 9
 19
 8
 5
 4
 0
 19
 21
 16
 5
 18
 0
 11
 9
 11
 19
 20
 1
 18
 20
 28
 0
 14
 15
 23
 0
 25
 15
 21
 0
 3
 1
 14
 0
 1
 3
 3
 5
 19
 19
 0
 1
 14
 25
 0
 12
 5
 22
 5
 12
 0
 17
 21
 9
 3
 11
 12
 25
 0
 2
 25
 0
 19
 9
 13
 16
 12
 25
 0
 16
 18
 5
 19
 19
 9
 14
 7
 0
 19
 8
 9
 6
 20
 0
 1
 14
 4
 0
 12
 0
 9
 14
 0
 20
 8
 5
 0
 20
 9
 20
 12
 5
 0
 19
 3
 18
 5
 5
 14
 27
 0
 9
 6
 0
 25
 15
 21
 0
 23
 1
 14
 20
 0
 13
 15
 18
 5
 0
 12
 5
 22
 5
 12
 19
 0
 12
 15
 15
 11
 0
 15
 21
 20
 0
 6
 15
 18
 0
 19
 15
 13
 5
 0
 5
 24
 16
 1
 14
 19
 9
 15
 14
 0
 16
 1
 3
 11
 19
 0
 1
 22
 1
 9
 12
 1
 2
 12
 5
 0
 19
 15
 15
 14
 27
 0
 0
 0
 0
 0
 0
 0
 0
 0
 0
 0
 0
