 54
 68
 9
 13
 0
 13
 0
 5
 1
 2
 1
 2
 2
 2
 2
 2
 2
 7
 2
 13
 0
 13
 0
 13
 0
 13
 0
 13
 0
 13
 0
 13
 0
 13
 0
 13
 0
 13
 0
 13
 0
 5
 1
 10
 1
 8
 1
 1
 2
 1
 2
 6
 2
 9
 2
 7
 0
 13
 0
 13
 0
 5
 0
 2
 0
 2
 5
 2
 5
 7
 5
 13
 0
 13
 0
 13
 0
 10
 9
 8
 1
 3
 0
 13
 0
 13
 0
 4
 2
 6
 2
 9
 0
 7
 0
 5
 0
 10
 0
 8
 0
 1
 5
 6
 5
 12
 5
 13
 0
 13
 0
 13
 9
 14
 9
 12
 9
 13
 0
 13
 0
 13
 0
 13
 0
 4
 0
 6
 0
 9
 0
 10
 0
 8
 0
 3
 0
 5
 4
 10
 4
 12
 4
 13
 0
 13
 0
 13
 0
 6
 0
 9
 0
 2
 0
 7
 0
 13
 0
 13
 0
 13
 0
 11
 0
 14
 0
 14
 0
 12
 0
 5
 0
 10
 4
 8
 4
 3
 4
 13
 0
 13
 0
 13
 0
 13
 0
 13
 0
 4
 0
 6
 0
 9
 0
 7
 0
 5
 0
 10
 0
 8
 0
 6
 3
 9
 3
 10
 3
 8
 0
 3
 4
 13
 0
 13
 0
 13
 0
 13
 0
 5
 0
 2
 0
 7
 0
 4
 0
 6
 0
 9
 6
 10
 6
 8
 6
 3
 0
 4
 3
 1
 3
 1
 3
 3
 0
 13
 0
 13
 0
 13
 0
 13
 0
 13
 0
 11
 7
 14
 7
 9
 7
 7
 0
 11
 6
 14
 6
 14
 6
 3
 0
 13
 0
 13
 0
 13
 0
 13
 0
 13
 0
 13
 0
 13
 0
 13
 0
 13
 0
 13
 0
 11
 7
 8
 7
 6
 7
 9
 0
 10
 6
 8
 6
 14
 0
 7
 0
 13
 0
 13
 0
 13
 0
 13
 0
 13
 0
 13
 0
 13
 0
 13
 0
 13
 0
 13
 0
 11
 7
 9
 7
 2
 0
 2
 0
 2
 8
 2
 8
 14
 8
 12
 8
 13
 0
 13
 0
 13
 0
 13
 0
 13
 0
 13
 0
 13
 0
 13
 0
 13
 0
 13
 0
 4
 0
 1
 0
 1
 0
 1
 0
 1
 8
 1
 8
 1
 8
 3
 8
 13
 0
 13
 0
 13
 0
 13
 0
 13
 0
 13
 0
 13
 0
 13
 0
 13
 0
