 54
 100
 9
 13
 0
 13
 0
 13
 0
 13
 0
 5
 1
 2
 2
 2
 2
 2
 2
 2
 2
 7
 0
 13
 0
 13
 0
 13
 0
 13
 0
 13
 0
 13
 0
 13
 0
 13
 0
 13
 0
 13
 0
 13
 0
 5
 0
 10
 1
 14
 2
 14
 2
 14
 2
 14
 2
 9
 3
 7
 0
 13
 0
 13
 0
 13
 0
 13
 0
 13
 0
 13
 0
 13
 0
 13
 0
 13
 0
 5
 0
 10
 1
 8
 1
 3
 0
 13
 0
 13
 0
 4
 0
 6
 3
 9
 3
 7
 0
 13
 0
 13
 0
 13
 0
 13
 0
 13
 0
 13
 0
 13
 0
 5
 0
 10
 1
 8
 1
 3
 0
 13
 0
 13
 0
 13
 0
 13
 0
 4
 0
 6
 3
 9
 3
 2
 4
 2
 4
 7
 0
 13
 0
 13
 0
 13
 0
 13
 0
 11
 9
 14
 9
 12
 9
 13
 0
 13
 0
 13
 0
 13
 0
 13
 0
 13
 0
 4
 0
 6
 3
 14
 4
 14
 4
 14
 5
 9
 5
 13
 0
 13
 0
 13
 0
 11
 8
 14
 8
 9
 8
 7
 0
 13
 0
 13
 0
 13
 0
 13
 0
 13
 0
 13
 0
 4
 0
 1
 0
 3
 0
 5
 5
 14
 5
 13
 0
 13
 0
 13
 0
 11
 0
 14
 8
 14
 8
 9
 8
 7
 0
 13
 0
 13
 0
 13
 0
 13
 0
 13
 0
 13
 0
 13
 0
 5
 6
 10
 6
 8
 6
 13
 0
 13
 0
 13
 0
 11
 0
 14
 8
 14
 8
 14
 8
 9
 7
 2
 7
 7
 0
 13
 0
 13
 0
 13
 0
 5
 0
 2
 6
 10
 6
 8
 6
 3
 0
 13
 0
 13
 0
 13
 0
 4
 0
 6
 8
 14
 8
 14
 0
 14
 7
 14
 7
 9
 7
 7
 0
 13
 0
 5
 0
 10
 6
 8
 6
 1
 6
 3
 0
 13
 0
 13
 0
 13
 0
 13
 0
 13
 0
 4
 0
 6
 8
 14
 7
 14
 7
 14
 7
 14
 7
 9
 7
 2
 7
 10
 0
 8
 6
 3
 0
 13
 0
 13
 0
 13
 0
 13
 0
 13
 0
 13
 0
 13
 0
 13
 0
 13
 0
 13
 0
 13
 0
 4
 0
 1
 7
 1
 7
 1
 7
 1
 0
 3
 0
 13
 0
 13
 0
 13
 0
 13
 0
 13
 0
 13
 0
