 118
 116
 9
 13
 0
 13
 0
 13
 0
 13
 0
 13
 0
 13
 0
 13
 0
 13
 0
 13
 0
 13
 0
 13
 0
 13
 0
 13
 0
 13
 0
 13
 0
 13
 0
 13
 0
 13
 0
 13
 0
 13
 0
 13
 0
 5
 5
 2
 5
 2
 5
 2
 6
 2
 6
 2
 6
 2
 6
 2
 6
 7
 6
 13
 0
 13
 0
 13
 0
 13
 0
 13
 0
 13
 0
 13
 0
 13
 0
 5
 5
 10
 5
 8
 5
 1
 5
 1
 6
 1
 6
 1
 6
 1
 6
 6
 6
 9
 6
 7
 0
 13
 0
 13
 0
 13
 0
 13
 0
 13
 0
 13
 0
 13
 0
 11
 4
 8
 4
 3
 0
 13
 0
 5
 1
 2
 1
 7
 1
 13
 0
 4
 0
 6
 0
 9
 0
 7
 0
 13
 0
 13
 0
 13
 0
 13
 0
 13
 0
 13
 0
 11
 4
 12
 4
 13
 0
 5
 1
 10
 1
 14
 1
 9
 1
 7
 2
 13
 0
 4
 0
 6
 0
 9
 0
 7
 0
 13
 0
 13
 0
 13
 0
 13
 0
 13
 0
 11
 4
 12
 4
 13
 0
 11
 9
 12
 9
 13
 0
 4
 2
 12
 2
 13
 0
 13
 0
 4
 0
 1
 0
 6
 7
 9
 7
 13
 0
 13
 0
 13
 0
 13
 0
 11
 4
 12
 4
 13
 0
 11
 0
 9
 0
 7
 0
 5
 2
 12
 2
 13
 0
 13
 0
 13
 0
 13
 0
 11
 7
 14
 7
 13
 0
 13
 0
 13
 0
 13
 0
 11
 4
 9
 4
 7
 0
 4
 0
 6
 0
 14
 0
 8
 2
 3
 2
 13
 0
 13
 0
 13
 0
 5
 0
 10
 7
 8
 7
 13
 0
 13
 0
 13
 0
 13
 0
 4
 3
 6
 3
 9
 3
 2
 3
 10
 0
 14
 0
 9
 0
 2
 0
 2
 8
 2
 8
 2
 8
 10
 8
 8
 7
 3
 0
 13
 0
 13
 0
 13
 0
 13
 0
 13
 0
 13
 3
 4
 3
 1
 3
 1
 0
 3
 0
 4
 0
 1
 0
 1
 8
 1
 8
 1
 8
 1
 8
 3
 0
 13
 0
 13
 0
 13
 0
 13
 0
 13
 0
 13
 0
 13
 0
 13
 0
 13
 0
 13
 0
 13
 0
 13
 0
 13
 0
 13
 0
 13
 0
 13
 0
 13
 0
 13
 0
 13
 0
 13
 0
 13
 0
