 26
 100
 9
 13
 0
 13
 0
 13
 0
 13
 0
 13
 0
 13
 0
 13
 0
 13
 0
 13
 0
 13
 0
 13
 0
 13
 0
 13
 0
 13
 0
 13
 0
 13
 0
 13
 0
 13
 0
 13
 0
 13
 0
 13
 0
 13
 0
 13
 0
 13
 0
 13
 0
 13
 0
 13
 0
 13
 0
 13
 0
 13
 0
 13
 0
 5
 3
 2
 3
 2
 4
 7
 4
 13
 0
 5
 1
 2
 1
 2
 1
 7
 1
 13
 0
 13
 0
 5
 0
 2
 7
 2
 7
 7
 7
 13
 0
 13
 0
 5
 3
 10
 3
 8
 3
 6
 4
 9
 4
 7
 0
 11
 1
 8
 1
 6
 1
 9
 1
 7
 0
 5
 0
 10
 0
 8
 0
 6
 7
 9
 7
 7
 7
 5
 0
 10
 3
 8
 3
 3
 0
 4
 0
 6
 4
 12
 4
 11
 0
 12
 0
 4
 1
 6
 1
 9
 0
 10
 0
 8
 0
 3
 0
 4
 7
 6
 7
 9
 7
 10
 3
 8
 3
 3
 3
 13
 0
 13
 0
 11
 4
 12
 4
 11
 9
 12
 9
 13
 0
 11
 0
 14
 0
 14
 0
 12
 0
 13
 0
 13
 0
 11
 2
 14
 2
 14
 0
 12
 0
 13
 0
 13
 0
 13
 0
 11
 4
 12
 4
 11
 0
 12
 8
 5
 0
 10
 0
 8
 0
 6
 0
 9
 0
 2
 2
 2
 2
 10
 2
 8
 2
 6
 0
 9
 0
 7
 0
 13
 0
 13
 0
 11
 4
 12
 4
 11
 0
 9
 8
 10
 8
 8
 8
 3
 0
 4
 0
 1
 2
 1
 2
 1
 2
 1
 2
 3
 0
 4
 0
 6
 0
 9
 6
 7
 0
 13
 0
 11
 5
 12
 5
 4
 8
 1
 8
 1
 8
 3
 8
 13
 0
 13
 0
 13
 0
 13
 0
 13
 0
 13
 0
 13
 0
 13
 0
 4
 6
 6
 6
 9
 6
 2
 5
 10
 5
 12
 5
 13
 0
 13
 0
 13
 0
 13
 0
 13
 0
 13
 0
 13
 0
 13
 0
 13
 0
 13
 0
 13
 0
 13
 0
 13
 0
 4
 6
 1
 6
 1
 5
 1
 5
 3
 5
 13
 0
 13
 0
 13
 0
 13
 0
 13
 0
 13
 0
 13
 0
 13
 0
 13
 0
 13
 0
 13
 0
 13
 0
 13
 0
 13
 0
 13
 0
 13
 0
 13
 0
 13
 0
