 150
 84
 9
 13
 0
 13
 0
 13
 0
 13
 0
 13
 0
 13
 0
 13
 0
 13
 0
 13
 0
 13
 0
 13
 0
 13
 0
 13
 0
 13
 0
 13
 0
 13
 0
 13
 0
 13
 0
 13
 0
 13
 0
 5
 1
 2
 1
 2
 1
 2
 0
 2
 0
 2
 0
 7
 0
 13
 0
 13
 0
 5
 0
 2
 0
 2
 4
 2
 4
 2
 4
 7
 4
 13
 0
 13
 0
 5
 0
 10
 1
 8
 1
 1
 1
 1
 0
 1
 9
 6
 9
 9
 9
 7
 9
 13
 0
 11
 0
 8
 0
 1
 4
 6
 4
 14
 4
 12
 4
 13
 0
 13
 0
 11
 0
 8
 0
 3
 0
 13
 0
 13
 0
 13
 0
 11
 9
 14
 9
 12
 9
 13
 0
 11
 5
 12
 5
 13
 0
 4
 0
 6
 0
 12
 0
 13
 0
 13
 0
 11
 2
 9
 2
 2
 0
 2
 0
 2
 0
 2
 0
 10
 0
 14
 0
 9
 0
 2
 5
 10
 5
 9
 5
 7
 0
 13
 0
 11
 3
 12
 3
 13
 0
 13
 0
 4
 2
 1
 2
 6
 2
 14
 0
 14
 0
 14
 0
 14
 0
 14
 0
 14
 0
 14
 0
 14
 0
 14
 0
 9
 0
 2
 0
 10
 3
 12
 3
 13
 0
 13
 0
 13
 0
 13
 0
 4
 2
 1
 0
 1
 0
 1
 8
 6
 8
 8
 8
 1
 0
 6
 0
 14
 0
 8
 0
 1
 0
 1
 0
 1
 3
 3
 3
 13
 0
 13
 0
 13
 0
 13
 0
 13
 0
 13
 0
 13
 0
 13
 0
 11
 8
 12
 8
 13
 0
 11
 6
 14
 6
 12
 6
 13
 0
 13
 0
 13
 0
 13
 0
 13
 0
 13
 0
 13
 0
 13
 0
 13
 0
 13
 0
 13
 0
 13
 0
 11
 0
 9
 7
 2
 7
 10
 6
 8
 6
 3
 0
 13
 0
 13
 0
 13
 0
 13
 0
 13
 0
 13
 0
 13
 0
 13
 0
 13
 0
 13
 0
 13
 0
 13
 0
 4
 0
 1
 7
 1
 7
 1
 7
 3
 0
 13
 0
 13
 0
 13
 0
 13
 0
 13
 0
 13
 0
 13
 0
 13
 0
 13
 0
 13
 0
 13
 0
 13
 0
 13
 0
 13
 0
 13
 0
 13
 0
 13
 0
 13
 0
 13
 0
 13
 0
 13
 0
 13
 0
 13
 0
 13
 0
