 26
 52
 9
 5
 1
 2
 1
 2
 1
 2
 1
 2
 1
 2
 1
 2
 1
 2
 1
 2
 1
 2
 1
 2
 2
 2
 2
 2
 2
 7
 2
 13
 0
 13
 0
 13
 0
 13
 0
 11
 1
 8
 1
 1
 1
 1
 1
 1
 1
 1
 1
 1
 1
 1
 1
 1
 1
 1
 1
 1
 2
 6
 2
 8
 2
 3
 2
 13
 0
 13
 0
 13
 0
 13
 0
 11
 9
 12
 9
 13
 0
 13
 0
 13
 0
 13
 0
 13
 0
 13
 0
 13
 0
 5
 3
 2
 3
 10
 2
 12
 2
 13
 0
 13
 0
 13
 0
 13
 0
 13
 0
 11
 6
 9
 6
 2
 5
 2
 5
 7
 0
 13
 0
 13
 0
 13
 0
 5
 3
 10
 3
 14
 3
 8
 2
 3
 0
 13
 0
 13
 0
 13
 0
 13
 0
 13
 0
 11
 6
 8
 6
 1
 5
 6
 5
 9
 5
 7
 0
 13
 0
 5
 3
 10
 3
 8
 3
 1
 3
 3
 0
 13
 0
 13
 0
 13
 0
 13
 0
 13
 0
 13
 0
 11
 6
 12
 6
 13
 0
 4
 5
 6
 5
 9
 4
 2
 4
 10
 4
 8
 3
 3
 0
 5
 0
 2
 0
 2
 0
 7
 0
 13
 0
 13
 0
 13
 0
 13
 0
 11
 0
 12
 0
 13
 0
 13
 0
 4
 4
 1
 4
 1
 4
 1
 4
 6
 0
 14
 0
 14
 0
 14
 0
 14
 0
 14
 0
 9
 0
 7
 0
 13
 0
 13
 0
 11
 0
 12
 0
 13
 0
 13
 0
 13
 0
 13
 0
 13
 0
 13
 0
 4
 0
 1
 0
 3
 0
 4
 0
 1
 0
 1
 0
 6
 0
 9
 0
 2
 0
 7
 8
 11
 0
 12
 0
 13
 0
 13
 0
 13
 0
 13
 0
 13
 0
 13
 0
 13
 0
 13
 0
 13
 0
 13
 0
 13
 0
 13
 0
 4
 0
 1
 0
 6
 8
 12
 8
 11
 7
 9
 7
 2
 7
 2
 0
 2
 0
 2
 0
 2
 0
 2
 0
 2
 0
 2
 0
 2
 0
 2
 0
 2
 0
 2
 0
 2
 0
 2
 0
 10
 8
 12
 8
 4
 7
 1
 7
 1
 7
 1
 0
 1
 0
 1
 0
 1
 0
 1
 0
 1
 0
 1
 0
 1
 0
 1
 0
 1
 0
 1
 0
 1
 0
 1
 0
 1
 8
 3
 8
