 38
 100
 9
 13
 0
 13
 0
 13
 0
 13
 0
 13
 0
 13
 0
 13
 0
 13
 0
 13
 0
 13
 0
 13
 0
 13
 0
 13
 0
 13
 0
 13
 0
 13
 0
 13
 0
 13
 0
 5
 1
 2
 1
 2
 1
 2
 2
 7
 0
 13
 0
 13
 0
 13
 0
 13
 0
 5
 0
 10
 6
 9
 6
 2
 6
 2
 6
 7
 0
 13
 0
 13
 0
 13
 0
 11
 1
 14
 1
 14
 1
 14
 2
 9
 2
 7
 0
 13
 0
 13
 0
 5
 0
 10
 0
 8
 6
 1
 6
 1
 5
 6
 5
 12
 5
 13
 0
 13
 0
 13
 0
 11
 1
 14
 1
 8
 1
 1
 2
 6
 2
 9
 2
 7
 0
 13
 0
 11
 0
 8
 0
 3
 0
 13
 0
 13
 0
 11
 5
 12
 5
 13
 0
 13
 0
 13
 0
 11
 9
 14
 9
 3
 0
 13
 0
 4
 2
 6
 2
 9
 2
 2
 0
 10
 0
 12
 0
 13
 0
 13
 0
 13
 0
 11
 5
 12
 5
 13
 0
 13
 0
 13
 0
 11
 9
 14
 9
 13
 0
 13
 0
 13
 0
 4
 0
 6
 0
 14
 0
 8
 0
 3
 0
 13
 0
 13
 0
 13
 0
 11
 5
 12
 5
 13
 0
 13
 0
 13
 0
 11
 8
 14
 8
 13
 0
 13
 0
 13
 0
 5
 0
 10
 7
 14
 0
 12
 0
 13
 0
 13
 0
 13
 0
 13
 0
 11
 4
 12
 4
 13
 0
 13
 0
 13
 0
 11
 8
 14
 8
 7
 8
 13
 0
 5
 7
 10
 7
 14
 7
 14
 0
 9
 0
 7
 0
 13
 0
 13
 0
 5
 0
 10
 4
 12
 4
 13
 0
 13
 0
 13
 0
 11
 8
 14
 8
 14
 7
 14
 7
 14
 7
 8
 7
 3
 0
 4
 0
 6
 3
 9
 3
 7
 3
 5
 0
 10
 4
 8
 4
 3
 4
 13
 0
 13
 0
 13
 0
 4
 8
 1
 8
 1
 8
 1
 7
 1
 7
 3
 0
 13
 0
 13
 0
 4
 0
 6
 3
 14
 3
 14
 3
 8
 4
 3
 4
 13
 0
 13
 0
 13
 0
 13
 0
 13
 0
 13
 0
 13
 0
 13
 0
 13
 0
 13
 0
 13
 0
 13
 0
 13
 0
 13
 0
 13
 0
 13
 0
 13
 0
 13
 0
 13
 0
 13
 0
 13
 0
 13
 0
