 246
 116
 9
 13
 0
 13
 0
 13
 0
 13
 0
 13
 0
 13
 0
 13
 0
 13
 0
 13
 0
 13
 0
 13
 0
 13
 0
 13
 0
 13
 0
 13
 0
 13
 0
 13
 0
 13
 0
 13
 0
 13
 0
 13
 0
 13
 0
 13
 0
 13
 0
 13
 0
 13
 0
 13
 0
 13
 0
 13
 0
 13
 0
 13
 0
 13
 0
 13
 0
 13
 0
 13
 0
 13
 0
 13
 0
 13
 0
 13
 0
 5
 6
 2
 7
 2
 7
 7
 0
 13
 0
 13
 0
 13
 0
 13
 0
 13
 0
 13
 0
 13
 0
 13
 0
 13
 0
 13
 0
 13
 0
 13
 0
 13
 0
 5
 6
 10
 6
 14
 7
 14
 7
 9
 7
 7
 0
 13
 0
 13
 0
 13
 0
 5
 2
 2
 1
 2
 1
 7
 1
 13
 0
 13
 0
 13
 0
 13
 0
 13
 0
 11
 6
 9
 6
 2
 0
 7
 0
 4
 7
 9
 7
 7
 0
 13
 0
 5
 0
 10
 2
 14
 1
 14
 1
 9
 1
 7
 1
 13
 0
 13
 0
 13
 0
 13
 0
 4
 6
 1
 6
 6
 5
 12
 5
 13
 7
 6
 7
 9
 7
 2
 7
 10
 2
 8
 2
 1
 1
 6
 1
 14
 1
 12
 1
 13
 0
 13
 0
 13
 0
 13
 0
 13
 0
 13
 0
 11
 5
 9
 5
 13
 0
 4
 7
 6
 7
 8
 7
 6
 2
 12
 2
 5
 8
 10
 9
 8
 9
 3
 0
 13
 0
 13
 0
 13
 0
 13
 0
 13
 0
 13
 0
 4
 5
 6
 5
 7
 0
 13
 0
 13
 0
 5
 3
 10
 3
 9
 8
 10
 8
 8
 8
 3
 0
 13
 0
 13
 0
 13
 0
 13
 0
 13
 0
 13
 0
 13
 0
 13
 0
 4
 4
 6
 4
 9
 4
 2
 4
 10
 3
 8
 3
 1
 8
 1
 8
 3
 0
 13
 0
 13
 0
 13
 0
 13
 0
 13
 0
 13
 0
 13
 0
 13
 0
 13
 0
 13
 0
 4
 4
 1
 4
 1
 3
 1
 3
 3
 0
 13
 0
 13
 0
 13
 0
 13
 0
 13
 0
 13
 0
 13
 0
 13
 0
 13
 0
 13
 0
 13
 0
 13
 0
 13
 0
 13
 0
 13
 0
 13
 0
 13
 0
 13
 0
 13
 0
 13
 0
 13
 0
 13
 0
 13
 0
 13
 0
 13
 0
