 262
 100
 9
 13
 0
 13
 0
 13
 0
 13
 0
 13
 0
 13
 0
 13
 0
 13
 0
 13
 0
 13
 0
 13
 0
 13
 0
 13
 0
 13
 0
 13
 0
 13
 0
 13
 0
 13
 0
 13
 0
 13
 0
 13
 0
 13
 0
 13
 0
 13
 0
 13
 0
 13
 0
 13
 0
 13
 0
 13
 0
 13
 0
 13
 0
 13
 0
 13
 0
 13
 0
 13
 0
 13
 0
 13
 0
 13
 0
 13
 0
 13
 0
 5
 0
 2
 5
 2
 5
 7
 0
 13
 0
 13
 0
 13
 0
 13
 0
 5
 2
 2
 1
 7
 0
 13
 0
 13
 0
 13
 0
 13
 0
 13
 0
 13
 0
 5
 6
 10
 6
 14
 6
 14
 5
 9
 5
 7
 0
 13
 0
 13
 0
 5
 2
 10
 2
 14
 1
 9
 1
 7
 0
 13
 0
 13
 0
 13
 0
 13
 0
 5
 0
 10
 6
 8
 6
 1
 6
 1
 5
 6
 5
 9
 5
 7
 0
 13
 0
 11
 2
 8
 2
 1
 1
 6
 1
 9
 1
 7
 0
 13
 0
 13
 0
 13
 0
 11
 0
 14
 0
 12
 0
 13
 0
 13
 0
 11
 4
 14
 5
 12
 0
 13
 0
 11
 2
 12
 2
 13
 0
 11
 9
 14
 9
 12
 9
 13
 0
 13
 0
 13
 0
 11
 0
 14
 0
 9
 0
 7
 0
 13
 0
 4
 4
 14
 4
 12
 0
 5
 3
 10
 3
 12
 3
 5
 8
 10
 8
 14
 8
 12
 8
 13
 0
 13
 0
 13
 0
 4
 0
 6
 7
 14
 7
 9
 7
 7
 0
 13
 4
 6
 4
 9
 3
 10
 3
 8
 3
 3
 0
 11
 8
 8
 8
 3
 0
 13
 0
 13
 0
 13
 0
 13
 0
 13
 0
 4
 7
 1
 7
 6
 7
 12
 0
 13
 0
 4
 4
 1
 3
 1
 3
 3
 0
 5
 8
 10
 8
 12
 0
 13
 0
 13
 0
 13
 0
 13
 0
 13
 0
 13
 0
 13
 0
 13
 0
 11
 0
 9
 0
 2
 0
 2
 0
 2
 0
 2
 0
 10
 8
 8
 8
 1
 8
 3
 0
 13
 0
 13
 0
 13
 0
 13
 0
 13
 0
 13
 0
 13
 0
 13
 0
 4
 0
 1
 0
 1
 0
 1
 0
 1
 0
 1
 0
 1
 8
 3
 0
 13
 0
 13
 0
 13
 0
 13
 0
 13
 0
