 246
 132
 9
 13
 0
 13
 0
 13
 0
 13
 0
 13
 0
 13
 0
 5
 0
 2
 0
 2
 0
 2
 0
 2
 1
 2
 1
 2
 1
 2
 1
 2
 1
 7
 1
 13
 0
 13
 0
 13
 0
 13
 0
 13
 0
 13
 0
 13
 0
 5
 0
 10
 0
 8
 0
 1
 0
 1
 0
 1
 1
 6
 1
 8
 1
 1
 1
 1
 1
 9
 1
 2
 0
 7
 0
 13
 0
 13
 0
 13
 0
 5
 2
 2
 2
 10
 2
 8
 0
 3
 0
 5
 0
 2
 0
 2
 0
 10
 6
 9
 6
 7
 6
 5
 0
 14
 0
 14
 0
 12
 0
 13
 0
 13
 0
 5
 2
 10
 2
 8
 2
 1
 2
 3
 0
 5
 0
 10
 0
 8
 0
 1
 0
 1
 6
 6
 6
 9
 6
 10
 0
 8
 0
 1
 0
 3
 0
 13
 0
 5
 0
 10
 0
 8
 0
 3
 0
 13
 0
 5
 0
 10
 0
 8
 0
 3
 0
 13
 0
 13
 0
 4
 0
 6
 0
 14
 0
 12
 0
 13
 0
 13
 0
 13
 0
 11
 0
 8
 0
 3
 0
 5
 7
 2
 7
 10
 7
 8
 0
 3
 0
 13
 0
 13
 0
 13
 0
 13
 0
 10
 0
 8
 0
 3
 0
 13
 0
 13
 0
 13
 0
 11
 0
 12
 0
 5
 0
 10
 7
 8
 7
 1
 7
 3
 0
 13
 0
 13
 0
 13
 0
 13
 0
 13
 9
 6
 9
 9
 9
 7
 0
 13
 0
 13
 0
 5
 3
 10
 3
 9
 3
 10
 0
 8
 7
 3
 0
 13
 0
 13
 0
 13
 0
 13
 0
 13
 0
 13
 0
 5
 5
 10
 5
 14
 5
 12
 5
 13
 0
 13
 0
 11
 3
 8
 3
 6
 3
 14
 0
 9
 0
 2
 8
 2
 4
 2
 8
 2
 4
 2
 8
 2
 4
 2
 0
 10
 5
 14
 5
 14
 5
 12
 5
 13
 0
 13
 0
 11
 3
 9
 3
 10
 3
 8
 0
 1
 0
 1
 4
 1
 8
 1
 4
 1
 8
 1
 4
 1
 8
 1
 0
 1
 0
 1
 0
 1
 0
 3
 0
 13
 0
 13
 0
 4
 3
 1
 3
 1
 3
 3
 0
 13
 0
 13
 0
 13
 0
 13
 0
 13
 0
 13
 0
 13
 0
 13
 0
 13
 0
 13
 0
 13
 0
 13
 0
 13
 0
 13
 0
