 74
 116
 9
 13
 0
 13
 0
 13
 0
 13
 0
 13
 0
 13
 0
 13
 0
 13
 0
 13
 0
 13
 0
 13
 0
 13
 0
 13
 0
 13
 0
 13
 0
 13
 0
 13
 0
 13
 0
 5
 1
 2
 1
 2
 1
 2
 0
 2
 0
 2
 0
 2
 0
 2
 0
 2
 2
 2
 2
 7
 2
 13
 0
 13
 0
 13
 0
 13
 0
 13
 0
 13
 0
 13
 0
 11
 1
 14
 1
 8
 1
 1
 0
 1
 0
 1
 0
 1
 0
 1
 0
 1
 2
 6
 2
 9
 2
 7
 0
 13
 0
 13
 0
 13
 0
 13
 0
 13
 0
 13
 0
 4
 1
 6
 1
 9
 1
 7
 0
 13
 0
 13
 0
 13
 0
 13
 0
 13
 0
 4
 2
 6
 2
 9
 2
 7
 0
 13
 0
 13
 0
 13
 0
 13
 0
 13
 0
 13
 0
 4
 0
 6
 0
 9
 9
 7
 0
 13
 0
 13
 0
 13
 0
 13
 0
 13
 0
 4
 0
 6
 0
 9
 0
 7
 0
 13
 0
 13
 0
 13
 0
 13
 0
 13
 0
 13
 0
 4
 9
 6
 9
 12
 9
 13
 0
 13
 0
 13
 0
 13
 6
 13
 6
 13
 0
 4
 0
 6
 3
 9
 3
 2
 3
 2
 3
 7
 3
 13
 0
 13
 0
 13
 0
 13
 0
 11
 8
 9
 8
 7
 8
 13
 7
 5
 7
 2
 6
 2
 6
 7
 6
 13
 0
 4
 3
 1
 3
 1
 3
 6
 3
 9
 3
 7
 0
 13
 0
 13
 0
 13
 0
 4
 8
 6
 8
 9
 8
 2
 7
 10
 7
 8
 6
 6
 6
 9
 6
 7
 0
 13
 0
 13
 0
 13
 0
 4
 0
 6
 0
 12
 4
 13
 0
 13
 0
 13
 0
 13
 0
 4
 8
 1
 7
 1
 7
 1
 7
 3
 6
 4
 0
 6
 0
 9
 0
 7
 0
 13
 0
 13
 0
 13
 0
 11
 4
 12
 4
 13
 0
 13
 0
 13
 0
 13
 0
 13
 0
 13
 0
 13
 0
 13
 0
 13
 0
 13
 0
 4
 0
 6
 0
 9
 0
 2
 5
 2
 5
 2
 5
 10
 4
 12
 4
 13
 0
 13
 0
 13
 0
 13
 0
 13
 0
 13
 0
 13
 0
 13
 0
 13
 0
 13
 0
 13
 0
 4
 0
 1
 5
 1
 5
 1
 5
 1
 5
 1
 4
 3
 4
