 38
 100
 9
 5
 1
 2
 1
 2
 1
 2
 0
 2
 0
 2
 2
 7
 2
 13
 0
 13
 0
 13
 0
 5
 0
 2
 0
 2
 0
 2
 4
 2
 4
 7
 4
 13
 0
 13
 0
 11
 1
 8
 1
 1
 1
 1
 0
 1
 0
 6
 2
 12
 2
 13
 0
 13
 0
 13
 0
 11
 0
 8
 3
 1
 0
 1
 4
 6
 4
 12
 4
 13
 0
 13
 0
 11
 1
 12
 1
 13
 0
 13
 0
 13
 0
 11
 2
 9
 2
 2
 0
 2
 0
 2
 0
 10
 3
 12
 3
 13
 0
 13
 0
 11
 4
 12
 4
 13
 0
 13
 0
 11
 0
 12
 0
 13
 0
 13
 0
 13
 0
 4
 0
 1
 0
 1
 0
 1
 0
 1
 3
 1
 3
 3
 3
 13
 0
 13
 0
 11
 0
 12
 0
 13
 0
 13
 0
 11
 9
 12
 9
 13
 0
 13
 0
 13
 0
 13
 0
 13
 0
 13
 0
 13
 0
 13
 0
 13
 0
 13
 0
 13
 0
 13
 0
 11
 0
 12
 0
 13
 0
 13
 0
 11
 8
 12
 8
 13
 0
 5
 7
 2
 0
 2
 0
 2
 0
 2
 0
 2
 6
 7
 0
 13
 0
 13
 0
 13
 0
 13
 0
 11
 5
 12
 5
 13
 0
 13
 0
 11
 8
 9
 8
 2
 7
 10
 7
 8
 0
 1
 0
 1
 0
 1
 0
 6
 6
 9
 6
 2
 0
 2
 0
 2
 0
 2
 5
 10
 5
 12
 5
 13
 0
 13
 0
 4
 8
 1
 8
 1
 7
 6
 7
 9
 0
 2
 0
 2
 0
 2
 0
 10
 6
 8
 6
 1
 0
 1
 0
 1
 0
 1
 5
 1
 5
 3
 5
 13
 0
 13
 0
 13
 0
 13
 0
 13
 0
 4
 7
 1
 0
 1
 0
 1
 0
 1
 0
 1
 6
 3
 0
 13
 0
 13
 0
 13
 0
 13
 0
 13
 0
 13
 0
 13
 0
 13
 0
 13
 0
 13
 0
 13
 0
 13
 0
 13
 0
 13
 0
 13
 0
 13
 0
 13
 0
 13
 0
 13
 0
 13
 0
 13
 0
 13
 0
 13
 0
 13
 0
 13
 0
 13
 0
 13
 0
 13
 0
 13
 0
 13
 0
 13
 0
 13
 0
 13
 0
 13
 0
 13
 0
 13
 0
 13
 0
 13
 0
 13
 0
 13
 0
 13
 0
 13
 0
 13
 0
 13
 0
