bkgfile bmp/bkg2 40
clfactors 1.0 0.95 1.0
traffic 10 15
objtypes 29
data/steer.geo data/steer.col data/noref.ref data/nocl.cld
data/speed.geo data/speed.col data/noref.ref data/nocl.cld
data/dmod.geo data/dmod.col data/noref.ref data/nocl.cld
data/roads.geo data/road.col data/roads.ref data/road.cld
data/roadlw.geo data/road.col data/roadlw.ref data/road.cld
data/roadln.geo data/road.col data/roadln.ref data/road.cld
data/roadrw.geo data/road.col data/roadrw.ref data/road.cld
data/roadrn.geo data/road.col data/roadrn.ref data/road.cld
data/road25.geo data/road.col data/road25.ref data/road.cld
data/road50.geo data/road.col data/road50.ref data/road.cld
data/road75.geo data/road.col data/road75.ref data/road.cld
data/tunnb.geo data/tunnb.col data/roads.ref data/tunnb.cld
data/tunn.geo data/tunn.col data/roads.ref data/tunn.cld
data/bridgec.geo data/bridgec.col data/road75.ref data/nocl.cld
data/bridges.geo data/bridges.col data/roads.ref data/nocl.cld
data/start.geo data/start.col data/noref.ref data/nocl.cld
data/tree1.geo data/tree1.col data/noref.ref data/tree.cld
data/tree2.geo data/tree2.col data/noref.ref data/tree.cld
data/house1.geo data/house1.col data/noref.ref data/house.cld
data/house2.geo data/house2.col data/noref.ref data/house.cld
data/trs.geo data/trs.col data/noref.ref data/nocl.cld
data/wind.geo data/wind.col data/noref.ref data/nocl.cld
data/prop.geo data/prop.col data/noref.ref data/nocl.cld
data/light.geo data/light.col data/noref.ref data/nocl.cld
data/glider.geo data/glider.col data/noref.ref data/nocl.cld
data/car1.geo data/car1.col data/noref.ref data/nocl.cld
data/car2.geo data/car2.col data/noref.ref data/nocl.cld
data/car3.geo data/car3.col data/noref.ref data/nocl.cld
data/bridgescl.geo data/bridges.col data/road75.ref data/nocl.cld
objects 652
1 -1 0 1 0 0 0 0 0
2 -0.76 -0.60 1 0 0 0 0 0
3 -0.70 0.55 1 0 0 0 0 0
16 -1.20 0 10 0 0 0 2 0
22 -1.20 6 70 0 0 0 2 0
23 3.10 5.1 69.1 0 0 2.356 3 0
25 25.6 -606.92 539.15 -0.3 0 0 4 266
21 -1.2000 0.0000 0.0000 0 0 3.1416 5 0
4 -1.2000 0.0000 0.0000 0 0 -0.0000 1 0
4 -1.2000 0.0000 10.0000 0 0 -0.0000 1 0
4 -1.2000 0.0000 20.0000 0 0 -0.0000 1 0
4 -1.2000 0.0000 30.0000 0 0 -0.0000 1 0
4 -1.2000 0.0000 40.0000 0 0 -0.0000 1 0
4 -1.2000 0.0000 50.0000 0 0 -0.0000 1 0
4 -1.2000 0.0000 60.0000 0 0 -0.0000 1 0
4 -1.2000 0.0000 70.0000 0 0 -0.0000 1 0
4 -1.2000 0.0000 80.0000 0 0 -0.0000 1 0
4 -1.2000 0.0000 90.0000 0 0 -0.0000 1 0
4 -1.2000 0.0000 100.0000 0 0 -0.0000 1 0
4 -1.2000 0.0000 110.0000 0 0 -0.0000 1 0
4 -1.2000 0.0000 120.0000 0 0 -0.0000 1 0
4 -1.2000 0.0000 130.0000 0 0 -0.0000 1 0
4 -1.2000 0.0000 140.0000 0 0 -0.0000 1 0
4 -1.2000 0.0000 150.0000 0 0 -0.0000 1 0
5 -1.2000 0.0000 160.0000 0 0 -0.0000 1 0
5 -1.2000 -1.9383 169.7448 0 0 0.3927 1 0
5 -1.2000 -7.4582 178.0061 0 0 0.7854 1 0
5 -1.2000 -15.7194 183.5261 0 0 1.1781 1 0
4 -1.2000 -25.4642 185.4645 0 0 1.5708 1 0
4 -1.2000 -35.4642 185.4645 0 0 1.5708 1 0
4 -1.2000 -45.4642 185.4645 0 0 1.5708 1 0
4 -1.2000 -55.4642 185.4645 0 0 1.5708 1 0
4 -1.2000 -65.4642 185.4645 0 0 1.5708 1 0
6 -1.2000 -75.4642 185.4645 0 0 1.5708 1 0
6 -1.2000 -84.4673 181.7353 0 0 2.3562 1 0
4 -1.2000 -88.1965 172.7322 0 0 3.1416 1 0
6 -1.2000 -88.1965 162.7322 0 0 3.1416 1 0
6 -1.2000 -84.4673 153.7291 0 0 3.9270 1 0
4 -1.2000 -75.4642 149.9999 0 0 4.7124 1 0
4 -1.2000 -65.4642 149.9999 0 0 4.7124 1 0
14 -1.2000 -55.4642 149.9999 0 0 4.7124 1 0
29 1.2000 -45.4642 149.9999 0 0 4.7124 1 0
15 3.6000 -35.4642 149.9999 0 0 4.7124 1 0
15 3.6000 -25.4642 149.9999 0 0 4.7124 1 0
15 3.6000 -15.4642 149.9999 0 0 4.7124 1 0
15 3.6000 -5.4642 149.9999 0 0 4.7124 1 0
15 3.6000 4.5358 149.9999 0 0 4.7124 1 0
15 3.6000 14.5358 149.9999 0 0 4.7124 1 0
15 3.6000 24.5358 149.9999 0 0 4.7124 1 0
29 1.2000 44.5358 149.9999 0 0 7.8540 1 0
14 -1.2000 54.5358 149.9999 0 0 7.8540 1 0
4 -1.2000 54.5358 149.9999 0 0 4.7124 1 0
4 -1.2000 64.5358 149.9999 0 0 4.7124 1 0
4 -1.2000 74.5358 149.9999 0 0 4.7124 1 0
4 -1.2000 84.5358 149.9999 0 0 4.7124 1 0
4 -1.2000 94.5358 149.9999 0 0 4.7124 1 0
4 -1.2000 104.5358 149.9999 0 0 4.7124 1 0
4 -1.2000 114.5358 149.9999 0 0 4.7124 1 0
4 -1.2000 124.5358 149.9999 0 0 4.7124 1 0
4 -1.2000 134.5358 149.9999 0 0 4.7124 1 0
4 -1.2000 144.5358 150.0000 0 0 4.7124 1 0
4 -1.2000 154.5358 150.0000 0 0 4.7124 1 0
5 -1.2000 164.5358 150.0000 0 0 4.7124 1 0
5 -1.2000 174.2806 151.9383 0 0 5.1051 1 0
7 -1.2000 182.5418 157.4582 0 0 5.4978 1 0
7 -1.2000 190.8030 162.9782 0 0 5.1051 1 0
4 -1.2000 200.5478 164.9166 0 0 4.7124 1 0
4 -1.2000 210.5478 164.9166 0 0 4.7124 1 0
4 -1.2000 220.5478 164.9166 0 0 4.7124 1 0
4 -1.2000 230.5478 164.9166 0 0 4.7124 1 0
4 -1.2000 240.5478 164.9166 0 0 4.7124 1 0
4 -1.2000 250.5478 164.9167 0 0 4.7124 1 0
6 -1.2000 260.5478 164.9167 0 0 4.7124 1 0
6 -1.2000 269.5509 168.6459 0 0 5.4978 1 0
6 -1.2000 273.2801 177.6490 0 0 6.2832 1 0
6 -1.2000 269.5509 186.6521 0 0 7.0686 1 0
9 -1.2000 260.5478 190.3813 0 0 7.8540 1 0
9 -0.4000 250.5478 190.3813 0 0 7.8540 1 0
9 0.4000 240.5478 190.3813 0 0 7.8540 1 0
9 1.2000 230.5478 190.3812 0 0 7.8540 1 0
8 2.0000 220.5478 190.3812 0 0 7.8540 1 0
8 2.0000 211.5447 194.1104 0 0 7.0686 1 0
8 2.0000 207.8155 203.1135 0 0 6.2832 1 0
8 2.0000 211.5447 212.1166 0 0 5.4978 1 0
9 2.0000 220.5478 215.8458 0 0 4.7124 1 0
9 2.8000 230.5478 215.8459 0 0 4.7124 1 0
9 3.6000 240.5478 215.8459 0 0 4.7124 1 0
9 4.4000 250.5478 215.8459 0 0 4.7124 1 0
6 5.2000 260.5478 215.8459 0 0 4.7124 1 0
6 5.2000 269.5509 219.5751 0 0 5.4978 1 0
6 5.2000 273.2801 228.5782 0 0 6.2832 1 0
6 5.2000 269.5509 237.5813 0 0 7.0686 1 0
9 5.2000 260.5478 241.3105 0 0 7.8540 1 0
9 6.0000 250.5478 241.3105 0 0 7.8540 1 0
9 6.8000 240.5478 241.3105 0 0 7.8540 1 0
9 7.6000 230.5478 241.3105 0 0 7.8540 1 0
8 8.4000 220.5478 241.3104 0 0 7.8540 1 0
8 8.4000 211.5447 245.0396 0 0 7.0686 1 0
8 8.4000 207.8155 254.0427 0 0 6.2832 1 0
8 8.4000 211.5447 263.0458 0 0 5.4978 1 0
4 8.4000 220.5478 266.7751 0 0 4.7124 1 0
4 8.4000 230.5478 266.7751 0 0 4.7124 1 0
4 8.4000 240.5478 266.7751 0 0 4.7124 1 0
4 8.4000 250.5478 266.7751 0 0 4.7124 1 0
4 8.4000 260.5478 266.7751 0 0 4.7124 1 0
4 8.4000 270.5478 266.7751 0 0 4.7124 1 0
4 8.4000 280.5478 266.7751 0 0 4.7124 1 0
4 8.4000 290.5478 266.7751 0 0 4.7124 1 0
4 8.4000 300.5478 266.7751 0 0 4.7124 1 0
8 8.4000 310.5478 266.7751 0 0 4.7124 1 0
8 8.4000 319.5509 263.0459 0 0 3.9270 1 0
8 8.4000 323.2801 254.0428 0 0 3.1416 1 0
8 8.4000 319.5509 245.0397 0 0 2.3562 1 0
14 8.4000 310.5478 241.3105 0 0 1.5708 1 0
29 10.8000 300.5478 241.3105 0 0 1.5708 1 0
15 13.2000 290.5478 241.3105 0 0 1.5708 1 0
15 13.2000 280.5478 241.3105 0 0 1.5708 1 0
15 13.2000 270.5478 241.3105 0 0 1.5708 1 0
15 13.2000 260.5478 241.3105 0 0 1.5708 1 0
15 13.2000 250.5478 241.3105 0 0 1.5708 1 0
15 13.2000 240.5478 241.3105 0 0 1.5708 1 0
15 13.2000 230.5478 241.3105 0 0 1.5708 1 0
15 13.2000 220.5478 241.3105 0 0 1.5708 1 0
15 13.2000 210.5478 241.3105 0 0 1.5708 1 0
29 10.8000 190.5478 241.3105 0 0 4.7124 1 0
14 8.4000 180.5478 241.3105 0 0 4.7124 1 0
9 7.6000 170.5478 241.3105 0 0 4.7124 1 0
9 6.8000 160.5478 241.3105 0 0 4.7124 1 0
4 6.8000 160.5478 241.3105 0 0 1.5708 1 0
4 6.8000 150.5478 241.3105 0 0 1.5708 1 0
4 6.8000 140.5478 241.3105 0 0 1.5708 1 0
4 6.8000 130.5478 241.3105 0 0 1.5708 1 0
4 6.8000 120.5478 241.3105 0 0 1.5708 1 0
4 6.8000 110.5478 241.3105 0 0 1.5708 1 0
4 6.8000 100.5478 241.3105 0 0 1.5708 1 0
4 6.8000 90.5478 241.3105 0 0 1.5708 1 0
4 6.8000 80.5478 241.3105 0 0 1.5708 1 0
4 6.8000 70.5478 241.3105 0 0 1.5708 1 0
4 6.8000 60.5478 241.3104 0 0 1.5708 1 0
4 6.8000 50.5478 241.3104 0 0 1.5708 1 0
4 6.8000 40.5478 241.3104 0 0 1.5708 1 0
4 6.8000 30.5478 241.3104 0 0 1.5708 1 0
4 6.8000 20.5478 241.3104 0 0 1.5708 1 0
4 6.8000 10.5478 241.3104 0 0 1.5708 1 0
4 6.8000 0.5478 241.3104 0 0 1.5708 1 0
4 6.8000 -9.4522 241.3104 0 0 1.5708 1 0
4 6.8000 -19.4522 241.3104 0 0 1.5708 1 0
4 6.8000 -29.4522 241.3104 0 0 1.5708 1 0
5 6.8000 -39.4522 241.3104 0 0 1.5708 1 0
7 6.8000 -49.1970 239.3721 0 0 1.9635 1 0
4 6.8000 -58.9418 237.4337 0 0 1.5708 1 0
4 6.8000 -68.9418 237.4337 0 0 1.5708 1 0
4 6.8000 -78.9418 237.4337 0 0 1.5708 1 0
4 6.8000 -88.9418 237.4337 0 0 1.5708 1 0
4 6.8000 -98.9418 237.4337 0 0 1.5708 1 0
4 6.8000 -108.9418 237.4337 0 0 1.5708 1 0
4 6.8000 -118.9418 237.4337 0 0 1.5708 1 0
4 6.8000 -128.9418 237.4337 0 0 1.5708 1 0
4 6.8000 -138.9418 237.4337 0 0 1.5708 1 0
4 6.8000 -148.9418 237.4337 0 0 1.5708 1 0
4 6.8000 -158.9418 237.4337 0 0 1.5708 1 0
4 6.8000 -168.9418 237.4337 0 0 1.5708 1 0
4 6.8000 -178.9418 237.4337 0 0 1.5708 1 0
4 6.8000 -188.9418 237.4337 0 0 1.5708 1 0
4 6.8000 -198.9418 237.4337 0 0 1.5708 1 0
6 6.8000 -208.9418 237.4337 0 0 1.5708 1 0
8 6.8000 -217.9449 233.7045 0 0 2.3562 1 0
4 6.8000 -226.9480 229.9753 0 0 1.5708 1 0
4 6.8000 -236.9480 229.9753 0 0 1.5708 1 0
4 6.8000 -246.9480 229.9753 0 0 1.5708 1 0
4 6.8000 -256.9480 229.9753 0 0 1.5708 1 0
4 6.8000 -266.9480 229.9753 0 0 1.5708 1 0
4 6.8000 -276.9480 229.9753 0 0 1.5708 1 0
4 6.8000 -286.9480 229.9753 0 0 1.5708 1 0
4 6.8000 -296.9480 229.9753 0 0 1.5708 1 0
4 6.8000 -306.9480 229.9753 0 0 1.5708 1 0
4 6.8000 -316.9480 229.9753 0 0 1.5708 1 0
5 6.8000 -326.9480 229.9753 0 0 1.5708 1 0
5 6.8000 -336.6928 228.0370 0 0 1.9635 1 0
5 6.8000 -344.9540 222.5171 0 0 2.3562 1 0
4 6.8000 -350.4741 214.2559 0 0 2.7489 1 0
4 6.8000 -354.3009 205.0171 0 0 2.7489 1 0
4 6.8000 -358.1277 195.7783 0 0 2.7489 1 0
4 6.8000 -361.9546 186.5395 0 0 2.7489 1 0
7 6.8000 -365.7814 177.3007 0 0 2.7489 1 0
7 6.8000 -371.3013 169.0394 0 0 2.3562 1 0
7 6.8000 -379.5625 163.5194 0 0 1.9635 1 0
7 6.8000 -389.3073 161.5810 0 0 1.5708 1 0
4 6.8000 -399.0521 163.5193 0 0 1.1781 1 0
4 6.8000 -408.2909 167.3461 0 0 1.1781 1 0
4 6.8000 -417.5297 171.1729 0 0 1.1781 1 0
4 6.8000 -426.7685 174.9998 0 0 1.1781 1 0
4 6.8000 -436.0073 178.8266 0 0 1.1781 1 0
9 6.8000 -445.2461 182.6534 0 0 1.1781 1 0
9 7.6000 -454.4849 186.4803 0 0 1.1781 1 0
9 8.4000 -463.7237 190.3071 0 0 1.1781 1 0
9 9.2000 -472.9625 194.1339 0 0 1.1781 1 0
9 10.0000 -482.2012 197.9608 0 0 1.1781 1 0
9 10.8000 -491.4400 201.7876 0 0 1.1781 1 0
9 11.6000 -500.6788 205.6144 0 0 1.1781 1 0
9 12.4000 -509.9176 209.4413 0 0 1.1781 1 0
9 13.2000 -519.1564 213.2681 0 0 1.1781 1 0
9 14.0000 -528.3952 217.0949 0 0 1.1781 1 0
4 14.8000 -537.6340 220.9218 0 0 1.1781 1 0
4 14.8000 -546.8728 224.7486 0 0 1.1781 1 0
4 14.8000 -556.1116 228.5754 0 0 1.1781 1 0
4 14.8000 -565.3504 232.4023 0 0 1.1781 1 0
7 14.8000 -574.5892 236.2291 0 0 1.1781 1 0
4 14.8000 -582.8505 241.7490 0 0 0.7854 1 0
9 14.0000 -596.9926 255.8912 0 0 3.9270 1 0
9 13.2000 -604.0637 262.9622 0 0 3.9270 1 0
9 12.4000 -611.1347 270.0333 0 0 3.9270 1 0
9 11.6000 -618.2058 277.1044 0 0 3.9270 1 0
9 10.8000 -625.2769 284.1754 0 0 3.9270 1 0
4 10.8000 -625.2769 284.1754 0 0 0.7854 1 0
4 10.8000 -632.3479 291.2465 0 0 0.7854 1 0
4 10.8000 -639.4190 298.3176 0 0 0.7854 1 0
4 10.8000 -646.4901 305.3886 0 0 0.7854 1 0
4 10.8000 -653.5612 312.4597 0 0 0.7854 1 0
4 10.8000 -660.6322 319.5308 0 0 0.7854 1 0
4 10.8000 -667.7033 326.6018 0 0 0.7854 1 0
4 10.8000 -674.7744 333.6729 0 0 0.7854 1 0
4 10.8000 -681.8454 340.7440 0 0 0.7854 1 0
4 10.8000 -688.9165 347.8150 0 0 0.7854 1 0
4 10.8000 -695.9876 354.8861 0 0 0.7854 1 0
4 10.8000 -703.0586 361.9572 0 0 0.7854 1 0
4 10.8000 -710.1297 369.0282 0 0 0.7854 1 0
4 10.8000 -717.2008 376.0993 0 0 0.7854 1 0
4 10.8000 -724.2718 383.1704 0 0 0.7854 1 0
4 10.8000 -731.3429 390.2415 0 0 0.7854 1 0
4 10.8000 -738.4140 397.3125 0 0 0.7854 1 0
4 10.8000 -745.4850 404.3836 0 0 0.7854 1 0
4 10.8000 -752.5561 411.4547 0 0 0.7854 1 0
4 10.8000 -759.6272 418.5257 0 0 0.7854 1 0
7 10.8000 -766.6982 425.5968 0 0 0.7854 1 0
7 10.8000 -772.2183 433.8580 0 0 0.3927 1 0
7 10.8000 -774.1567 443.6028 0 0 0.0000 1 0
7 10.8000 -772.2184 453.3476 0 0 -0.3927 1 0
7 10.8000 -766.6985 461.6088 0 0 -0.7854 1 0
7 10.8000 -758.4373 467.1289 0 0 -1.1781 1 0
7 10.8000 -748.6925 469.0673 0 0 -1.5708 1 0
7 10.8000 -738.9477 467.1290 0 0 -1.9635 1 0
9 10.0000 -723.6153 454.5380 0 0 0.7854 1 0
9 9.2000 -716.5443 447.4669 0 0 0.7854 1 0
9 8.4000 -709.4732 440.3958 0 0 0.7854 1 0
9 7.6000 -702.4021 433.3248 0 0 0.7854 1 0
5 7.6000 -702.4021 433.3248 0 0 -2.3562 1 0
5 7.6000 -694.1409 427.8047 0 0 -1.9635 1 0
5 7.6000 -684.3962 425.8663 0 0 -1.5708 1 0
5 7.6000 -674.6514 427.8046 0 0 -1.1781 1 0
5 7.6000 -666.3901 433.3246 0 0 -0.7854 1 0
5 7.6000 -660.8701 441.5858 0 0 -0.3927 1 0
5 7.6000 -658.9317 451.3305 0 0 0.0000 1 0
5 7.6000 -660.8700 461.0753 0 0 0.3927 1 0
9 6.8000 -673.4610 476.4077 0 0 3.9270 1 0
9 6.0000 -680.5320 483.4787 0 0 3.9270 1 0
9 5.2000 -687.6031 490.5498 0 0 3.9270 1 0
9 4.4000 -694.6742 497.6209 0 0 3.9270 1 0
7 4.4000 -694.6742 497.6209 0 0 0.7854 1 0
7 4.4000 -700.1942 505.8821 0 0 0.3927 1 0
7 4.4000 -702.1326 515.6268 0 0 0.0000 1 0
7 4.4000 -700.1943 525.3716 0 0 -0.3927 1 0
7 4.4000 -694.6744 533.6329 0 0 -0.7854 1 0
7 4.4000 -686.4132 539.1529 0 0 -1.1781 1 0
7 4.4000 -676.6684 541.0914 0 0 -1.5708 1 0
7 4.4000 -666.9236 539.1531 0 0 -1.9635 1 0
9 3.6000 -651.5913 526.5621 0 0 0.7854 1 0
9 2.8000 -644.5202 519.4910 0 0 0.7854 1 0
9 2.0000 -637.4491 512.4199 0 0 0.7854 1 0
9 1.2000 -630.3781 505.3488 0 0 0.7854 1 0
5 1.2000 -630.3781 505.3488 0 0 -2.3562 1 0
5 1.2000 -622.1169 499.8288 0 0 -1.9635 1 0
5 1.2000 -612.3721 497.8904 0 0 -1.5708 1 0
5 1.2000 -602.6273 499.8287 0 0 -1.1781 1 0
5 1.2000 -594.3660 505.3486 0 0 -0.7854 1 0
5 1.2000 -588.8460 513.6098 0 0 -0.3927 1 0
5 1.2000 -586.9076 523.3546 0 0 0.0000 1 0
5 1.2000 -588.8459 533.0994 0 0 0.3927 1 0
7 1.2000 -594.3658 541.3607 0 0 0.7854 1 0
7 1.2000 -599.8858 549.6219 0 0 0.3927 1 0
4 1.2000 -601.8243 559.3666 0 0 0.0000 1 0
4 1.2000 -601.8243 569.3666 0 0 0.0000 1 0
4 1.2000 -601.8243 579.3666 0 0 0.0000 1 0
4 1.2000 -601.8243 589.3666 0 0 0.0000 1 0
4 1.2000 -601.8243 599.3666 0 0 0.0000 1 0
9 0.4000 -601.8243 619.3666 0 0 3.1416 1 0
9 -0.4000 -601.8243 629.3666 0 0 3.1416 1 0
9 -1.2000 -601.8243 639.3666 0 0 3.1416 1 0
9 -2.0000 -601.8243 649.3666 0 0 3.1416 1 0
9 -2.8000 -601.8243 659.3666 0 0 3.1416 1 0
4 -2.8000 -601.8243 659.3666 0 0 0.0000 1 0
4 -2.8000 -601.8243 669.3666 0 0 0.0000 1 0
4 -2.8000 -601.8243 679.3666 0 0 0.0000 1 0
4 -2.8000 -601.8243 689.3666 0 0 0.0000 1 0
4 -2.8000 -601.8243 699.3666 0 0 0.0000 1 0
4 -2.8000 -601.8243 709.3666 0 0 0.0000 1 0
4 -2.8000 -601.8243 719.3666 0 0 0.0000 1 0
4 -2.8000 -601.8243 729.3666 0 0 0.0000 1 0
4 -2.8000 -601.8243 739.3666 0 0 0.0000 1 0
4 -2.8000 -601.8243 749.3666 0 0 0.0000 1 0
4 -2.8000 -601.8243 759.3666 0 0 0.0000 1 0
4 -2.8000 -601.8243 769.3666 0 0 0.0000 1 0
4 -2.8000 -601.8243 779.3666 0 0 0.0000 1 0
4 -2.8000 -601.8243 789.3666 0 0 0.0000 1 0
4 -2.8000 -601.8243 799.3666 0 0 0.0000 1 0
9 -3.6000 -601.8243 819.3666 0 0 3.1416 1 0
9 -4.4000 -601.8243 829.3666 0 0 3.1416 1 0
9 -5.2000 -601.8243 839.3666 0 0 3.1416 1 0
9 -6.0000 -601.8243 849.3666 0 0 3.1416 1 0
9 -6.8000 -601.8243 859.3666 0 0 3.1416 1 0
9 -7.6000 -601.8243 869.3666 0 0 3.1416 1 0
9 -8.4000 -601.8243 879.3666 0 0 3.1416 1 0
9 -9.2000 -601.8243 889.3666 0 0 3.1416 1 0
9 -10.0000 -601.8243 899.3666 0 0 3.1416 1 0
9 -10.8000 -601.8243 909.3666 0 0 3.1416 1 0
7 -10.8000 -601.8243 909.3666 0 0 0.0000 1 0
8 -10.8000 -599.8860 919.1114 0 0 -0.3927 1 0
6 -10.8000 -592.9953 926.0021 0 0 -1.1781 1 0
5 -10.8000 -586.1046 932.8928 0 0 -0.3927 1 0
4 -10.8000 -584.1662 942.6376 0 0 0.0000 1 0
4 -10.8000 -584.1662 952.6376 0 0 0.0000 1 0
4 -10.8000 -584.1662 962.6376 0 0 0.0000 1 0
4 -10.8000 -584.1662 972.6376 0 0 0.0000 1 0
4 -10.8000 -584.1662 982.6376 0 0 0.0000 1 0
4 -10.8000 -584.1662 992.6376 0 0 0.0000 1 0
4 -10.8000 -584.1662 1002.6376 0 0 0.0000 1 0
4 -10.8000 -584.1662 1012.6376 0 0 0.0000 1 0
4 -10.8000 -584.1662 1022.6376 0 0 0.0000 1 0
4 -10.8000 -584.1662 1032.6376 0 0 0.0000 1 0
4 -10.8000 -584.1662 1042.6376 0 0 0.0000 1 0
4 -10.8000 -584.1662 1052.6376 0 0 0.0000 1 0
4 -10.8000 -584.1662 1062.6376 0 0 0.0000 1 0
4 -10.8000 -584.1662 1072.6376 0 0 0.0000 1 0
4 -10.8000 -584.1662 1082.6376 0 0 0.0000 1 0
4 -10.8000 -584.1662 1092.6376 0 0 0.0000 1 0
4 -10.8000 -584.1662 1102.6376 0 0 0.0000 1 0
4 -10.8000 -584.1662 1112.6376 0 0 0.0000 1 0
4 -10.8000 -584.1662 1122.6376 0 0 0.0000 1 0
4 -10.8000 -584.1662 1132.6376 0 0 0.0000 1 0
7 -10.8000 -584.1662 1142.6376 0 0 0.0000 1 0
7 -10.8000 -582.2279 1152.3824 0 0 -0.3927 1 0
4 -10.8000 -576.7080 1160.6436 0 0 -0.7854 1 0
4 -10.8000 -569.6369 1167.7147 0 0 -0.7854 1 0
4 -10.8000 -562.5658 1174.7858 0 0 -0.7854 1 0
4 -10.8000 -555.4948 1181.8568 0 0 -0.7854 1 0
5 -10.8000 -548.4237 1188.9279 0 0 -0.7854 1 0
5 -10.8000 -542.9037 1197.1891 0 0 -0.3927 1 0
4 -10.8000 -540.9652 1206.9339 0 0 0.0000 1 0
4 -10.8000 -540.9652 1216.9339 0 0 0.0000 1 0
4 -10.8000 -540.9652 1226.9339 0 0 0.0000 1 0
4 -10.8000 -540.9652 1236.9339 0 0 0.0000 1 0
4 -10.8000 -540.9652 1246.9339 0 0 0.0000 1 0
4 -10.8000 -540.9652 1256.9339 0 0 0.0000 1 0
4 -10.8000 -540.9652 1266.9339 0 0 0.0000 1 0
4 -10.8000 -540.9652 1276.9339 0 0 0.0000 1 0
4 -10.8000 -540.9652 1286.9339 0 0 0.0000 1 0
4 -10.8000 -540.9652 1296.9339 0 0 0.0000 1 0
4 -10.8000 -540.9652 1306.9339 0 0 0.0000 1 0
4 -10.8000 -540.9652 1316.9339 0 0 0.0000 1 0
4 -10.8000 -540.9652 1326.9339 0 0 0.0000 1 0
4 -10.8000 -540.9652 1336.9339 0 0 0.0000 1 0
4 -10.8000 -540.9652 1346.9339 0 0 0.0000 1 0
4 -10.8000 -540.9652 1356.9339 0 0 0.0000 1 0
4 -10.8000 -540.9652 1366.9339 0 0 0.0000 1 0
4 -10.8000 -540.9652 1376.9339 0 0 0.0000 1 0
4 -10.8000 -540.9652 1386.9339 0 0 0.0000 1 0
4 -10.8000 -540.9652 1396.9339 0 0 0.0000 1 0
9 -10.8000 -540.9652 1406.9339 0 0 0.0000 1 0
10 -10.0000 -540.9652 1416.9339 0 0 0.0000 1 0
11 -8.4000 -540.9652 1426.9339 0 0 0.0000 1 0
10 -6.0000 -540.9652 1436.9339 0 0 0.0000 1 0
9 -4.4000 -540.9652 1446.9339 0 0 0.0000 1 0
4 -3.6000 -540.9652 1456.9339 0 0 0.0000 1 0
4 -3.6000 -540.9652 1466.9339 0 0 0.0000 1 0
4 -3.6000 -540.9652 1476.9339 0 0 0.0000 1 0
4 -3.6000 -540.9652 1486.9339 0 0 0.0000 1 0
4 -3.6000 -540.9652 1496.9339 0 0 0.0000 1 0
4 -3.6000 -540.9652 1506.9339 0 0 0.0000 1 0
4 -3.6000 -540.9652 1516.9339 0 0 0.0000 1 0
21 -3.6000 -540.9652 1526.9339 0 0 0.0000 5 0
16 -3.6000 -540.9652 1516.9339 0 0 0.0000 2 0
17 -1.2000 -4.7000 40.0037 0 0 0.0000 2 0
18 -1.2000 4.7000 39.9963 0 0 0.0000 2 0
19 -1.2000 -4.5000 60.0036 0 0 3.1416 2 0
17 -1.2000 -4.7000 80.0037 0 0 0.0000 2 0
18 -1.2000 -4.7000 100.0037 0 0 0.0000 2 0
18 -1.2000 4.7000 99.9963 0 0 0.0000 2 0
17 -1.2000 -4.7000 120.0037 0 0 0.0000 2 0
17 -1.2000 4.7000 119.9963 0 0 0.0000 2 0
18 -1.2000 -4.7000 140.0037 0 0 0.0000 2 0
17 -1.2000 4.7000 139.9963 0 0 0.0000 2 0
17 -1.2000 4.7000 159.9963 0 0 0.0000 2 0
17 -1.2000 -10.7843 174.6853 0 0 -0.7854 2 0
18 -1.2000 -4.1322 181.3268 0 0 -0.7854 2 0
20 -1.2000 -25.4606 189.9645 0 0 1.5708 2 0
18 -1.2000 -45.4679 180.7645 0 0 -1.5708 2 0
18 -1.2000 -45.4605 190.1645 0 0 -1.5708 2 0
17 -1.2000 -65.4679 180.7645 0 0 -1.5708 2 0
18 -1.2000 -65.4605 190.1645 0 0 -1.5708 2 0
17 -1.2000 -81.1466 178.4093 0 0 -2.3562 2 0
17 -1.2000 -87.7881 185.0614 0 0 -2.3562 2 0
18 -1.2000 -83.4965 162.7285 0 0 -3.1416 2 0
18 -1.2000 -75.4605 154.6999 0 0 -4.7124 2 0
17 -1.2000 -75.4680 145.2999 0 0 -4.7124 2 0
17 -1.2000 84.5395 154.6999 0 0 -4.7124 2 0
17 -1.2000 104.5395 154.6999 0 0 -4.7124 2 0
20 -1.2000 104.5322 145.4999 0 0 4.7124 2 0
20 -1.2000 124.5394 154.4999 0 0 7.8540 2 0
18 -1.2000 124.5320 145.2999 0 0 -4.7124 2 0
17 -1.2000 144.5395 154.7000 0 0 -4.7124 2 0
17 -1.2000 144.5320 145.3000 0 0 -4.7124 2 0
17 -1.2000 164.5395 154.7000 0 0 -4.7124 2 0
18 -1.2000 164.5320 145.3000 0 0 -4.7124 2 0
17 -1.2000 179.2211 160.7842 0 0 -5.4978 2 0
18 -1.2000 185.8626 154.1321 0 0 -5.4978 2 0
17 -1.2000 200.5516 169.6166 0 0 -4.7124 2 0
19 -1.2000 200.5442 160.4166 0 0 4.7124 2 0
19 -1.2000 220.5514 169.4166 0 0 7.8540 2 0
17 -1.2000 220.5441 160.2166 0 0 -4.7124 2 0
18 -1.2000 240.5516 169.6166 0 0 -4.7124 2 0
17 -1.2000 240.5441 160.2167 0 0 -4.7124 2 0
18 -1.2000 260.5516 169.6167 0 0 -4.7124 2 0
18 -1.2000 260.5441 160.2167 0 0 -4.7124 2 0
17 -1.4000 260.5441 185.6813 0 0 -7.8540 2 0
18 -1.4000 260.5516 195.0813 0 0 -7.8540 2 0
17 0.2000 240.5441 185.6813 0 0 -7.8540 2 0
18 1.8000 220.5441 185.6812 0 0 -7.8540 2 0
17 1.8000 220.5516 195.0812 0 0 -7.8540 2 0
18 2.0000 203.1155 203.1173 0 0 -6.2832 2 0
18 1.8000 220.5515 220.5458 0 0 -4.7124 2 0
17 1.8000 220.5441 211.1459 0 0 -4.7124 2 0
18 5.0000 260.5515 220.5459 0 0 -4.7124 2 0
17 5.0000 260.5441 211.1459 0 0 -4.7124 2 0
18 5.2000 268.5801 228.5819 0 0 -6.2832 2 0
18 5.0000 260.5441 236.6105 0 0 -7.8540 2 0
20 8.4000 203.3155 254.0463 0 0 9.4248 2 0
18 8.4000 220.5515 271.4751 0 0 -4.7124 2 0
17 8.4000 220.5441 262.0751 0 0 -4.7124 2 0
18 8.4000 240.5515 271.4751 0 0 -4.7124 2 0
18 8.4000 240.5441 262.0751 0 0 -4.7124 2 0
17 8.4000 260.5515 271.4751 0 0 -4.7124 2 0
17 8.4000 280.5515 271.4751 0 0 -4.7124 2 0
18 8.4000 280.5441 262.0751 0 0 -4.7124 2 0
18 8.4000 300.5515 271.4751 0 0 -4.7124 2 0
18 8.4000 300.5441 262.0751 0 0 -4.7124 2 0
18 8.4000 322.8769 266.3666 0 0 -3.9270 2 0
18 8.4000 316.2248 259.7251 0 0 -3.9270 2 0
17 8.4000 322.8717 241.7136 0 0 -2.3562 2 0
17 8.4000 316.2302 248.3657 0 0 -2.3562 2 0
18 6.6000 160.5441 236.6105 0 0 -1.5708 2 0
17 6.6000 160.5516 246.0105 0 0 -1.5708 2 0
18 6.8000 140.5441 236.6105 0 0 -1.5708 2 0
18 6.8000 120.5441 236.6105 0 0 -1.5708 2 0
20 6.8000 120.5514 245.8105 0 0 1.5708 2 0
17 6.8000 100.5441 236.6105 0 0 -1.5708 2 0
18 6.8000 100.5516 246.0105 0 0 -1.5708 2 0
18 6.8000 80.5441 236.6105 0 0 -1.5708 2 0
20 6.8000 80.5514 245.8104 0 0 1.5708 2 0
18 6.8000 60.5441 236.6105 0 0 -1.5708 2 0
17 6.8000 60.5516 246.0104 0 0 -1.5708 2 0
18 6.8000 20.5441 236.6104 0 0 -1.5708 2 0
18 6.8000 20.5516 246.0104 0 0 -1.5708 2 0
17 6.8000 0.5441 236.6104 0 0 -1.5708 2 0
17 6.8000 0.5516 246.0104 0 0 -1.5708 2 0
17 6.8000 -19.4559 236.6104 0 0 -1.5708 2 0
18 6.8000 -19.4484 246.0104 0 0 -1.5708 2 0
17 6.8000 -39.4559 236.6104 0 0 -1.5708 2 0
20 6.8000 -39.4486 245.8104 0 0 1.5708 2 0
18 6.8000 -58.9455 232.7337 0 0 -1.5708 2 0
18 6.8000 -58.9380 242.1337 0 0 -1.5708 2 0
17 6.8000 -78.9455 232.7337 0 0 -1.5708 2 0
18 6.8000 -98.9455 232.7337 0 0 -1.5708 2 0
17 6.8000 -98.9380 242.1337 0 0 -1.5708 2 0
17 6.8000 -118.9380 242.1337 0 0 -1.5708 2 0
18 6.8000 -138.9455 232.7337 0 0 -1.5708 2 0
17 6.8000 -138.9380 242.1337 0 0 -1.5708 2 0
17 6.8000 -158.9380 242.1337 0 0 -1.5708 2 0
19 6.8000 -178.9453 232.9337 0 0 4.7124 2 0
17 6.8000 -178.9380 242.1337 0 0 -1.5708 2 0
17 6.8000 -198.9455 232.7337 0 0 -1.5708 2 0
17 6.8000 -198.9380 242.1337 0 0 -1.5708 2 0
17 6.8000 -214.6241 230.3785 0 0 -2.3562 2 0
19 6.8000 -236.9515 225.4753 0 0 4.7124 2 0
17 6.8000 -236.9442 234.6753 0 0 -1.5708 2 0
17 6.8000 -256.9517 225.2753 0 0 -1.5708 2 0
18 6.8000 -256.9442 234.6753 0 0 -1.5708 2 0
17 6.8000 -276.9517 225.2753 0 0 -1.5708 2 0
17 6.8000 -276.9442 234.6753 0 0 -1.5708 2 0
18 6.8000 -296.9517 225.2753 0 0 -1.5708 2 0
18 6.8000 -316.9517 225.2753 0 0 -1.5708 2 0
17 6.8000 -316.9442 234.6753 0 0 -1.5708 2 0
17 6.8000 -334.8976 223.6933 0 0 -1.9635 2 0
18 6.8000 -338.4879 232.3807 0 0 -1.9635 2 0
18 6.8000 -346.1333 212.4538 0 0 -2.7489 2 0
17 6.8000 -354.8149 216.0579 0 0 -2.7489 2 0
18 6.8000 -353.7869 193.9762 0 0 -2.7489 2 0
17 6.8000 -362.4685 197.5803 0 0 -2.7489 2 0
17 6.8000 -361.4406 175.4986 0 0 -2.7489 2 0
17 6.8000 -370.1222 179.1027 0 0 -2.7489 2 0
20 6.8000 -381.2813 167.6782 0 0 1.9635 2 0
18 6.8000 -400.8542 159.1785 0 0 -1.1781 2 0
17 6.8000 -415.7276 175.5137 0 0 -1.1781 2 0
18 6.8000 -437.8093 174.4858 0 0 -1.1781 2 0
17 6.8000 -434.2052 183.1674 0 0 -1.1781 2 0
18 7.4000 -456.2869 182.1395 0 0 -1.1781 2 0
18 9.0000 -474.7645 189.7931 0 0 -1.1781 2 0
17 9.0000 -471.1604 198.4747 0 0 -1.1781 2 0
17 10.6000 -493.2421 197.4468 0 0 -1.1781 2 0
17 12.2000 -511.7197 205.1005 0 0 -1.1781 2 0
18 12.2000 -508.1156 213.7821 0 0 -1.1781 2 0
18 13.8000 -530.1973 212.7541 0 0 -1.1781 2 0
18 13.8000 -526.5932 221.4357 0 0 -1.1781 2 0
17 14.6000 -548.6749 220.4078 0 0 -1.1781 2 0
17 14.8000 -567.1525 228.0615 0 0 -1.1781 2 0
18 14.8000 -586.1765 238.4283 0 0 -0.7854 2 0
18 14.8000 -579.5244 245.0698 0 0 -0.7854 2 0
18 13.8000 -600.3187 252.5704 0 0 -0.7854 2 0
18 13.8000 -593.6666 259.2119 0 0 -0.7854 2 0
17 12.2000 -614.4608 266.7125 0 0 -0.7854 2 0
18 12.2000 -607.8087 273.3541 0 0 -0.7854 2 0
17 10.6000 -628.6029 280.8547 0 0 -0.7854 2 0
17 10.6000 -621.9508 287.4962 0 0 -0.7854 2 0
17 10.8000 -642.7451 294.9968 0 0 -0.7854 2 0
19 10.8000 -656.7457 309.2803 0 0 3.9270 2 0
18 10.8000 -650.2351 315.7805 0 0 -0.7854 2 0
18 10.8000 -671.0293 323.2811 0 0 -0.7854 2 0
17 10.8000 -664.3772 329.9226 0 0 -0.7854 2 0
17 10.8000 -685.1715 337.4232 0 0 -0.7854 2 0
18 10.8000 -678.5194 344.0647 0 0 -0.7854 2 0
17 10.8000 -692.6615 358.2069 0 0 -0.7854 2 0
18 10.8000 -713.4557 365.7075 0 0 -0.7854 2 0
17 10.8000 -706.8036 372.3490 0 0 -0.7854 2 0
18 10.8000 -727.5979 379.8496 0 0 -0.7854 2 0
17 10.8000 -741.7400 393.9918 0 0 -0.7854 2 0
17 10.8000 -735.0879 400.6333 0 0 -0.7854 2 0
17 10.8000 -749.2301 414.7754 0 0 -0.7854 2 0
18 10.8000 -770.0243 422.2760 0 0 -0.7854 2 0
18 10.8000 -763.3722 428.9175 0 0 -0.7854 2 0
17 10.8000 -778.8567 443.6065 0 0 -0.0000 2 0
17 10.8000 -769.4567 443.5990 0 0 -0.0000 2 0
18 10.8000 -770.0192 464.9349 0 0 0.7854 2 0
19 10.8000 -763.5190 458.4243 0 0 -0.7854 2 0
18 10.8000 -748.6887 473.7673 0 0 1.5708 2 0
18 10.8000 -748.6962 464.3673 0 0 1.5708 2 0
17 10.6000 -727.3604 464.9298 0 0 2.3562 2 0
17 10.6000 -734.0125 458.2883 0 0 2.3562 2 0
17 9.0000 -713.2182 450.7877 0 0 2.3562 2 0
18 9.0000 -719.8703 444.1462 0 0 2.3562 2 0
18 7.4000 -699.0761 436.6455 0 0 2.3562 2 0
24 7.6000 -684.3924 430.5663 0 0 1.5708 2 0
24 7.6000 -684.3999 421.1663 0 0 1.5708 2 0
24 7.6000 -669.7109 436.6506 0 0 0.7854 2 0
20 7.6000 -663.2107 430.1400 0 0 -0.7854 2 0
24 7.6000 -663.6317 451.3343 0 0 -0.0000 2 0
19 7.6000 -654.4317 451.3269 0 0 0.0000 2 0
24 7.4000 -669.7159 466.0158 0 0 -0.7854 2 0
24 7.4000 -663.0638 472.6573 0 0 -0.7854 2 0
24 5.8000 -683.8581 480.1580 0 0 -0.7854 2 0
24 5.8000 -677.2060 486.7995 0 0 -0.7854 2 0
24 4.2000 -691.3481 500.9416 0 0 -0.7854 2 0
24 4.4000 -697.4326 515.6231 0 0 -0.0000 2 0
24 4.4000 -697.9951 536.9590 0 0 0.7854 2 0
24 4.4000 -676.6647 545.7913 0 0 1.5708 2 0
24 4.2000 -661.9884 530.3124 0 0 2.3562 2 0
24 2.6000 -641.1942 522.8117 0 0 2.3562 2 0
24 2.6000 -647.8463 516.1702 0 0 2.3562 2 0
24 1.0000 -627.0520 508.6696 0 0 2.3562 2 0
24 1.0000 -633.7041 502.0281 0 0 2.3562 2 0
24 1.2000 -612.3684 502.5904 0 0 1.5708 2 0
24 1.2000 -612.3758 493.1904 0 0 1.5708 2 0
24 1.2000 -597.6868 508.6747 0 0 0.7854 2 0
24 1.2000 -591.0453 502.0226 0 0 0.7854 2 0
24 1.2000 -582.2076 523.3509 0 0 -0.0000 2 0
24 1.2000 -597.6919 538.0399 0 0 -0.7854 2 0
24 1.2000 -591.0398 544.6814 0 0 -0.7854 2 0
24 1.2000 -606.5243 559.3704 0 0 -0.0000 2 0
24 1.2000 -597.1243 559.3629 0 0 -0.0000 2 0
24 1.2000 -606.5243 579.3704 0 0 -0.0000 2 0
24 1.2000 -597.1243 579.3629 0 0 -0.0000 2 0
24 1.2000 -606.5243 599.3704 0 0 -0.0000 2 0
24 1.2000 -597.1243 599.3629 0 0 -0.0000 2 0
24 0.2000 -597.1243 619.3629 0 0 -0.0000 2 0
17 -1.4000 -606.5243 639.3704 0 0 -0.0000 2 0
17 -3.0000 -597.1243 659.3629 0 0 -0.0000 2 0
17 -2.8000 -606.5243 679.3704 0 0 -0.0000 2 0
18 -2.8000 -606.5243 699.3704 0 0 -0.0000 2 0
18 -2.8000 -597.1243 719.3629 0 0 -0.0000 2 0
18 -2.8000 -606.5243 739.3704 0 0 -0.0000 2 0
18 -2.8000 -597.1243 739.3629 0 0 -0.0000 2 0
18 -2.8000 -606.5243 759.3704 0 0 -0.0000 2 0
18 -2.8000 -606.5243 779.3704 0 0 -0.0000 2 0
18 -2.8000 -597.1243 779.3629 0 0 -0.0000 2 0
18 -2.8000 -606.5243 799.3704 0 0 -0.0000 2 0
18 -2.8000 -597.1243 799.3629 0 0 -0.0000 2 0
18 -3.8000 -606.5243 819.3704 0 0 -0.0000 2 0
17 -3.8000 -597.1243 819.3629 0 0 -0.0000 2 0
18 -5.4000 -606.5243 839.3704 0 0 -0.0000 2 0
18 -5.4000 -597.1243 839.3629 0 0 -0.0000 2 0
18 -7.0000 -597.1243 859.3629 0 0 -0.0000 2 0
18 -8.6000 -606.5243 879.3704 0 0 -0.0000 2 0
17 -8.6000 -597.1243 879.3629 0 0 -0.0000 2 0
17 -10.2000 -606.5243 899.3704 0 0 -0.0000 2 0
18 -11.0000 -604.2268 920.9135 0 0 0.3927 2 0
17 -11.0000 -595.5452 917.3094 0 0 0.3927 2 0
17 -10.8000 -590.4454 934.6949 0 0 0.3927 2 0
17 -10.8000 -581.7638 931.0907 0 0 0.3927 2 0
19 -10.8000 -588.6662 952.6411 0 0 3.1416 2 0
17 -10.8000 -588.8662 972.6413 0 0 -0.0000 2 0
18 -10.8000 -579.4662 972.6338 0 0 -0.0000 2 0
17 -10.8000 -579.4662 992.6338 0 0 -0.0000 2 0
17 -10.8000 -588.8662 1012.6413 0 0 -0.0000 2 0
17 -10.8000 -579.4662 1012.6338 0 0 -0.0000 2 0
17 -10.8000 -588.8662 1032.6413 0 0 -0.0000 2 0
18 -10.8000 -579.4662 1032.6338 0 0 -0.0000 2 0
17 -10.8000 -588.8662 1052.6413 0 0 -0.0000 2 0
17 -10.8000 -579.4662 1052.6338 0 0 -0.0000 2 0
17 -10.8000 -588.8662 1072.6413 0 0 -0.0000 2 0
20 -10.8000 -579.6662 1072.6340 0 0 0.0000 2 0
18 -10.8000 -588.8662 1112.6413 0 0 -0.0000 2 0
18 -10.8000 -579.4662 1112.6338 0 0 -0.0000 2 0
18 -10.8000 -588.8662 1132.6413 0 0 -0.0000 2 0
18 -10.8000 -577.8871 1150.5803 0 0 0.3927 2 0
20 -10.8000 -572.8163 1170.8992 0 0 2.3562 2 0
18 -10.8000 -566.3161 1164.3887 0 0 0.7854 2 0
18 -10.8000 -558.8155 1185.1829 0 0 0.7854 2 0
17 -10.8000 -552.1740 1178.5308 0 0 0.7854 2 0
18 -10.8000 -538.5629 1195.3870 0 0 0.3927 2 0
17 -10.8000 -545.6652 1216.9376 0 0 -0.0000 2 0
18 -10.8000 -536.2652 1216.9301 0 0 -0.0000 2 0
17 -10.8000 -545.6652 1236.9376 0 0 -0.0000 2 0
18 -10.8000 -536.2652 1236.9301 0 0 -0.0000 2 0
18 -10.8000 -545.6652 1256.9376 0 0 -0.0000 2 0
18 -10.8000 -536.2652 1256.9301 0 0 -0.0000 2 0
17 -10.8000 -545.6652 1276.9376 0 0 -0.0000 2 0
17 -10.8000 -536.2652 1276.9301 0 0 -0.0000 2 0
18 -10.8000 -545.6652 1296.9376 0 0 -0.0000 2 0
18 -10.8000 -545.6652 1316.9376 0 0 -0.0000 2 0
17 -10.8000 -536.2652 1316.9301 0 0 -0.0000 2 0
18 -10.8000 -545.6652 1336.9376 0 0 -0.0000 2 0
17 -10.8000 -536.2652 1336.9301 0 0 -0.0000 2 0
17 -10.8000 -545.6652 1356.9376 0 0 -0.0000 2 0
18 -10.8000 -536.2652 1356.9301 0 0 -0.0000 2 0
17 -10.8000 -545.6652 1376.9376 0 0 -0.0000 2 0
17 -10.8000 -545.6652 1396.9376 0 0 -0.0000 2 0
17 -10.8000 -536.2652 1396.9301 0 0 -0.0000 2 0
17 -10.4000 -545.6652 1416.9376 0 0 -0.0000 2 0
18 -10.4000 -536.2652 1416.9301 0 0 -0.0000 2 0
17 -6.6000 -545.6652 1436.9376 0 0 -0.0000 2 0
17 -6.6000 -536.2652 1436.9301 0 0 -0.0000 2 0
17 -4.0000 -536.2652 1456.9301 0 0 -0.0000 2 0
18 -3.6000 -536.2652 1476.9301 0 0 -0.0000 2 0
17 -3.6000 -545.6652 1496.9376 0 0 -0.0000 2 0
