bkgfile bmp/bkg1 -17
clfactors 1.1 1.0 0.9
traffic 4 30
objtypes 29
data/steer.geo data/steer.col data/noref.ref data/nocl.cld
data/speed.geo data/speed.col data/noref.ref data/nocl.cld
data/dmod.geo data/dmod.col data/noref.ref data/nocl.cld
data/roads.geo data/roadcity.col data/roads.ref data/road.cld
data/roadlw.geo data/roadcity.col data/roadlw.ref data/road.cld
data/roadln.geo data/roadcity.col data/roadln.ref data/road.cld
data/roadrw.geo data/roadcity.col data/roadrw.ref data/road.cld
data/roadrn.geo data/roadcity.col data/roadrn.ref data/road.cld
data/road25.geo data/roadcity.col data/road25.ref data/road.cld
data/road50.geo data/roadcity.col data/road50.ref data/road.cld
data/road75.geo data/roadcity.col data/road75.ref data/road.cld
data/tunnb.geo data/tunnbcity.col data/roads.ref data/tunnb.cld
data/tunn.geo data/tunncity.col data/roads.ref data/tunn.cld
data/bridgec.geo data/bridgecity.col data/road75.ref data/nocl.cld
data/bridges.geo data/bridges.col data/roads.ref data/nocl.cld
data/start.geo data/start.col data/noref.ref data/nocl.cld
data/tree3.geo data/tree3.col data/noref.ref data/nocl.cld
data/tree4.geo data/tree4.col data/noref.ref data/nocl.cld
data/house1.geo data/house1.col data/noref.ref data/house.cld
data/house2.geo data/house2.col data/noref.ref data/house.cld
data/trs.geo data/trscity.col data/noref.ref data/nocl.cld
data/wind.geo data/wind.col data/noref.ref data/nocl.cld
data/prop.geo data/prop.col data/noref.ref data/nocl.cld
data/light.geo data/lightnt.col data/noref.ref data/nocl.cld
data/tower.geo data/tower.col data/noref.ref data/nocl.cld
data/car1.geo data/car1.col data/noref.ref data/nocl.cld
data/car2.geo data/car2.col data/noref.ref data/nocl.cld
data/car3.geo data/car3.col data/noref.ref data/nocl.cld
data/bridgescl.geo data/bridges.col data/road75.ref data/nocl.cld
objects 997
1 -1 0 1 0 0 0 0 0
2 -0.76 -0.60 1 0 0 0 0 0
3 -0.70 0.55 1 0 0 0 0 0
16 -1.20 0 10 0 0 0 2 0
21 -1.2000 0.0000 0.0000 0 0 3.1416 5 0
4 -1.2000 0.0000 0.0000 0 0 -0.0000 1 0
4 -1.2000 0.0000 10.0000 0 0 -0.0000 1 0
4 -1.2000 0.0000 20.0000 0 0 -0.0000 1 0
4 -1.2000 0.0000 30.0000 0 0 -0.0000 1 0
4 -1.2000 0.0000 40.0000 0 0 -0.0000 1 0
4 -1.2000 0.0000 50.0000 0 0 -0.0000 1 0
4 -1.2000 0.0000 60.0000 0 0 -0.0000 1 0
4 -1.2000 0.0000 70.0000 0 0 -0.0000 1 0
4 -1.2000 0.0000 80.0000 0 0 -0.0000 1 0
4 -1.2000 0.0000 90.0000 0 0 -0.0000 1 0
4 -1.2000 0.0000 100.0000 0 0 -0.0000 1 0
4 -1.2000 0.0000 110.0000 0 0 -0.0000 1 0
4 -1.2000 0.0000 120.0000 0 0 -0.0000 1 0
4 -1.2000 0.0000 130.0000 0 0 -0.0000 1 0
4 -1.2000 0.0000 140.0000 0 0 -0.0000 1 0
4 -1.2000 0.0000 150.0000 0 0 -0.0000 1 0
4 -1.2000 0.0000 160.0000 0 0 -0.0000 1 0
4 -1.2000 0.0000 170.0000 0 0 -0.0000 1 0
4 -1.2000 0.0000 180.0000 0 0 -0.0000 1 0
4 -1.2000 0.0000 190.0000 0 0 -0.0000 1 0
4 -1.2000 0.0000 200.0000 0 0 -0.0000 1 0
4 -1.2000 0.0000 210.0000 0 0 -0.0000 1 0
4 -1.2000 0.0000 220.0000 0 0 -0.0000 1 0
4 -1.2000 0.0000 230.0000 0 0 -0.0000 1 0
4 -1.2000 0.0000 240.0000 0 0 -0.0000 1 0
4 -1.2000 0.0000 250.0000 0 0 -0.0000 1 0
4 -1.2000 0.0000 260.0000 0 0 -0.0000 1 0
4 -1.2000 0.0000 270.0000 0 0 -0.0000 1 0
4 -1.2000 0.0000 280.0000 0 0 -0.0000 1 0
4 -1.2000 0.0000 290.0000 0 0 -0.0000 1 0
4 -1.2000 0.0000 300.0000 0 0 -0.0000 1 0
4 -1.2000 0.0000 310.0000 0 0 -0.0000 1 0
4 -1.2000 0.0000 320.0000 0 0 -0.0000 1 0
4 -1.2000 0.0000 330.0000 0 0 -0.0000 1 0
4 -1.2000 0.0000 340.0000 0 0 -0.0000 1 0
4 -1.2000 0.0000 350.0000 0 0 -0.0000 1 0
4 -1.2000 0.0000 360.0000 0 0 -0.0000 1 0
4 -1.2000 0.0000 370.0000 0 0 -0.0000 1 0
4 -1.2000 0.0000 380.0000 0 0 -0.0000 1 0
4 -1.2000 0.0000 390.0000 0 0 -0.0000 1 0
4 -1.2000 0.0000 400.0000 0 0 -0.0000 1 0
4 -1.2000 0.0000 410.0000 0 0 -0.0000 1 0
4 -1.2000 0.0000 420.0000 0 0 -0.0000 1 0
4 -1.2000 0.0000 430.0000 0 0 -0.0000 1 0
4 -1.2000 0.0000 440.0000 0 0 -0.0000 1 0
4 -1.2000 0.0000 450.0000 0 0 -0.0000 1 0
4 -1.2000 0.0000 460.0000 0 0 -0.0000 1 0
4 -1.2000 0.0000 470.0000 0 0 -0.0000 1 0
4 -1.2000 0.0000 480.0000 0 0 -0.0000 1 0
4 -1.2000 0.0000 490.0000 0 0 -0.0000 1 0
4 -1.2000 0.0000 500.0000 0 0 -0.0000 1 0
4 -1.2000 0.0000 510.0000 0 0 -0.0000 1 0
4 -1.2000 0.0000 520.0000 0 0 -0.0000 1 0
4 -1.2000 0.0000 530.0000 0 0 -0.0000 1 0
4 -1.2000 0.0000 540.0000 0 0 -0.0000 1 0
4 -1.2000 0.0000 550.0000 0 0 -0.0000 1 0
4 -1.2000 0.0000 560.0000 0 0 -0.0000 1 0
4 -1.2000 0.0000 570.0000 0 0 -0.0000 1 0
4 -1.2000 0.0000 580.0000 0 0 -0.0000 1 0
4 -1.2000 0.0000 590.0000 0 0 -0.0000 1 0
4 -1.2000 0.0000 600.0000 0 0 -0.0000 1 0
4 -1.2000 0.0000 610.0000 0 0 -0.0000 1 0
4 -1.2000 0.0000 620.0000 0 0 -0.0000 1 0
4 -1.2000 0.0000 630.0000 0 0 -0.0000 1 0
4 -1.2000 0.0000 640.0000 0 0 -0.0000 1 0
4 -1.2000 0.0000 650.0000 0 0 -0.0000 1 0
4 -1.2000 0.0000 660.0000 0 0 -0.0000 1 0
4 -1.2000 0.0000 670.0000 0 0 -0.0000 1 0
4 -1.2000 0.0000 680.0000 0 0 -0.0000 1 0
4 -1.2000 0.0000 690.0000 0 0 -0.0000 1 0
4 -1.2000 0.0000 700.0000 0 0 -0.0000 1 0
4 -1.2000 0.0000 710.0000 0 0 -0.0000 1 0
4 -1.2000 0.0000 720.0000 0 0 -0.0000 1 0
4 -1.2000 0.0000 730.0000 0 0 -0.0000 1 0
4 -1.2000 0.0000 740.0000 0 0 -0.0000 1 0
4 -1.2000 0.0000 750.0000 0 0 -0.0000 1 0
4 -1.2000 0.0000 760.0000 0 0 -0.0000 1 0
4 -1.2000 0.0000 770.0000 0 0 -0.0000 1 0
4 -1.2000 0.0000 780.0000 0 0 -0.0000 1 0
4 -1.2000 0.0000 790.0000 0 0 -0.0000 1 0
9 -1.2000 0.0000 800.0000 0 0 -0.0000 1 0
9 -0.4000 0.0000 810.0000 0 0 -0.0000 1 0
10 0.4000 0.0000 820.0000 0 0 -0.0000 1 0
10 2.0000 0.0000 830.0000 0 0 -0.0000 1 0
10 3.6000 0.0000 840.0000 0 0 -0.0000 1 0
10 5.2000 0.0000 850.0000 0 0 -0.0000 1 0
10 6.8000 0.0000 860.0000 0 0 -0.0000 1 0
10 8.4000 0.0000 870.0000 0 0 -0.0000 1 0
10 10.0000 0.0000 880.0000 0 0 -0.0000 1 0
10 11.6000 0.0000 890.0000 0 0 -0.0000 1 0
10 13.2000 0.0000 900.0000 0 0 -0.0000 1 0
10 14.8000 0.0000 910.0000 0 0 -0.0000 1 0
10 16.4000 0.0000 920.0000 0 0 -0.0000 1 0
10 18.0000 0.0000 930.0000 0 0 -0.0000 1 0
10 19.6000 0.0000 940.0000 0 0 -0.0000 1 0
10 21.2000 0.0000 950.0000 0 0 -0.0000 1 0
10 22.8000 0.0000 960.0000 0 0 -0.0000 1 0
10 24.4000 0.0000 970.0000 0 0 -0.0000 1 0
10 26.0000 0.0000 980.0000 0 0 -0.0000 1 0
10 27.6000 0.0000 990.0000 0 0 -0.0000 1 0
10 29.2000 0.0000 1000.0000 0 0 -0.0000 1 0
10 30.8000 0.0000 1010.0000 0 0 -0.0000 1 0
10 32.4000 0.0000 1020.0000 0 0 -0.0000 1 0
10 34.0000 0.0000 1030.0000 0 0 -0.0000 1 0
10 35.6000 0.0000 1040.0000 0 0 -0.0000 1 0
10 37.2000 0.0000 1050.0000 0 0 -0.0000 1 0
10 38.8000 0.0000 1060.0000 0 0 -0.0000 1 0
10 40.4000 0.0000 1070.0000 0 0 -0.0000 1 0
10 42.0000 0.0000 1080.0000 0 0 -0.0000 1 0
10 43.6000 0.0000 1090.0000 0 0 -0.0000 1 0
10 45.2000 0.0000 1100.0000 0 0 -0.0000 1 0
10 46.8000 0.0000 1110.0000 0 0 -0.0000 1 0
10 48.4000 0.0000 1120.0000 0 0 -0.0000 1 0
10 50.0000 0.0000 1130.0000 0 0 -0.0000 1 0
9 51.6000 0.0000 1140.0000 0 0 -0.0000 1 0
4 52.4000 0.0000 1150.0000 0 0 -0.0000 1 0
4 52.4000 0.0000 1160.0000 0 0 -0.0000 1 0
4 52.4000 0.0000 1170.0000 0 0 -0.0000 1 0
4 52.4000 0.0000 1180.0000 0 0 -0.0000 1 0
4 52.4000 0.0000 1190.0000 0 0 -0.0000 1 0
4 52.4000 0.0000 1200.0000 0 0 -0.0000 1 0
4 52.4000 0.0000 1210.0000 0 0 -0.0000 1 0
4 52.4000 0.0000 1220.0000 0 0 -0.0000 1 0
4 52.4000 0.0000 1230.0000 0 0 -0.0000 1 0
4 52.4000 0.0000 1240.0000 0 0 -0.0000 1 0
4 52.4000 0.0000 1250.0000 0 0 -0.0000 1 0
4 52.4000 0.0000 1260.0000 0 0 -0.0000 1 0
4 52.4000 0.0000 1270.0000 0 0 -0.0000 1 0
4 52.4000 0.0000 1280.0000 0 0 -0.0000 1 0
4 52.4000 0.0000 1290.0000 0 0 -0.0000 1 0
4 52.4000 0.0000 1300.0000 0 0 -0.0000 1 0
4 52.4000 0.0000 1310.0000 0 0 -0.0000 1 0
4 52.4000 0.0000 1320.0000 0 0 -0.0000 1 0
4 52.4000 0.0000 1330.0000 0 0 -0.0000 1 0
4 52.4000 0.0000 1340.0000 0 0 -0.0000 1 0
9 52.4000 0.0000 1350.0000 0 0 -0.0000 1 0
10 53.2000 0.0000 1360.0000 0 0 -0.0000 1 0
10 54.8000 0.0000 1370.0000 0 0 -0.0000 1 0
10 56.4000 0.0000 1380.0000 0 0 -0.0000 1 0
10 58.0000 0.0000 1390.0000 0 0 -0.0000 1 0
10 59.6000 0.0000 1400.0000 0 0 -0.0000 1 0
10 61.2000 0.0000 1410.0000 0 0 -0.0000 1 0
10 62.8000 0.0000 1420.0000 0 0 -0.0000 1 0
10 64.4000 0.0000 1430.0000 0 0 -0.0000 1 0
10 66.0000 0.0000 1440.0000 0 0 -0.0000 1 0
10 67.6000 0.0000 1450.0000 0 0 -0.0000 1 0
10 69.2000 0.0000 1460.0000 0 0 -0.0000 1 0
10 70.8000 0.0000 1470.0000 0 0 -0.0000 1 0
10 72.4000 0.0000 1480.0000 0 0 -0.0000 1 0
10 74.0000 0.0000 1490.0000 0 0 -0.0000 1 0
10 75.6000 0.0000 1500.0000 0 0 -0.0000 1 0
10 77.2000 0.0000 1510.0000 0 0 -0.0000 1 0
10 78.8000 0.0000 1520.0000 0 0 -0.0000 1 0
10 80.4000 0.0000 1530.0000 0 0 -0.0000 1 0
10 82.0000 0.0000 1540.0000 0 0 -0.0000 1 0
10 83.6000 0.0000 1550.0000 0 0 -0.0000 1 0
10 85.2000 0.0000 1560.0000 0 0 -0.0000 1 0
10 86.8000 0.0000 1570.0000 0 0 -0.0000 1 0
10 88.4000 0.0000 1580.0000 0 0 -0.0000 1 0
10 90.0000 0.0000 1590.0000 0 0 -0.0000 1 0
10 91.6000 0.0000 1600.0000 0 0 -0.0000 1 0
10 93.2000 0.0000 1610.0000 0 0 -0.0000 1 0
10 94.8000 0.0000 1620.0000 0 0 -0.0000 1 0
10 96.4000 0.0000 1630.0000 0 0 -0.0000 1 0
9 98.0000 0.0000 1640.0000 0 0 -0.0000 1 0
4 98.8000 0.0000 1650.0000 0 0 -0.0000 1 0
4 98.8000 0.0000 1660.0000 0 0 -0.0000 1 0
4 98.8000 0.0000 1670.0000 0 0 -0.0000 1 0
4 98.8000 0.0000 1680.0000 0 0 -0.0000 1 0
6 98.8000 0.0000 1690.0000 0 0 -0.0000 1 0
6 98.8000 -3.7292 1699.0031 0 0 0.7854 1 0
4 98.8000 -12.7323 1702.7323 0 0 1.5708 1 0
4 98.8000 -22.7323 1702.7323 0 0 1.5708 1 0
4 98.8000 -32.7323 1702.7323 0 0 1.5708 1 0
4 98.8000 -42.7323 1702.7323 0 0 1.5708 1 0
9 98.0000 -62.7323 1702.7323 0 0 4.7124 1 0
10 96.4000 -72.7323 1702.7323 0 0 4.7124 1 0
11 94.0000 -82.7323 1702.7323 0 0 4.7124 1 0
11 91.6000 -92.7323 1702.7323 0 0 4.7124 1 0
11 89.2000 -102.7323 1702.7323 0 0 4.7124 1 0
11 86.8000 -112.7323 1702.7323 0 0 4.7124 1 0
11 84.4000 -122.7323 1702.7323 0 0 4.7124 1 0
11 82.0000 -132.7323 1702.7323 0 0 4.7124 1 0
11 79.6000 -142.7323 1702.7323 0 0 4.7124 1 0
11 77.2000 -152.7323 1702.7323 0 0 4.7124 1 0
11 74.8000 -162.7323 1702.7323 0 0 4.7124 1 0
11 72.4000 -172.7323 1702.7323 0 0 4.7124 1 0
11 70.0000 -182.7323 1702.7323 0 0 4.7124 1 0
11 67.6000 -192.7323 1702.7323 0 0 4.7124 1 0
11 65.2000 -202.7323 1702.7323 0 0 4.7124 1 0
11 62.8000 -212.7323 1702.7323 0 0 4.7124 1 0
11 60.4000 -222.7323 1702.7323 0 0 4.7124 1 0
11 58.0000 -232.7323 1702.7323 0 0 4.7124 1 0
11 55.6000 -242.7323 1702.7323 0 0 4.7124 1 0
11 53.2000 -252.7323 1702.7323 0 0 4.7124 1 0
11 50.8000 -262.7323 1702.7323 0 0 4.7124 1 0
11 48.4000 -272.7323 1702.7323 0 0 4.7124 1 0
11 46.0000 -282.7323 1702.7323 0 0 4.7124 1 0
11 43.6000 -292.7323 1702.7323 0 0 4.7124 1 0
11 41.2000 -302.7323 1702.7323 0 0 4.7124 1 0
11 38.8000 -312.7323 1702.7323 0 0 4.7124 1 0
11 36.4000 -322.7323 1702.7323 0 0 4.7124 1 0
11 34.0000 -332.7323 1702.7323 0 0 4.7124 1 0
11 31.6000 -342.7323 1702.7323 0 0 4.7124 1 0
11 29.2000 -352.7323 1702.7323 0 0 4.7124 1 0
11 26.8000 -362.7323 1702.7323 0 0 4.7124 1 0
11 24.4000 -372.7323 1702.7323 0 0 4.7124 1 0
11 22.0000 -382.7323 1702.7323 0 0 4.7124 1 0
11 19.6000 -392.7323 1702.7323 0 0 4.7124 1 0
11 17.2000 -402.7323 1702.7323 0 0 4.7124 1 0
11 14.8000 -412.7323 1702.7323 0 0 4.7124 1 0
11 12.4000 -422.7323 1702.7323 0 0 4.7124 1 0
11 10.0000 -432.7323 1702.7323 0 0 4.7124 1 0
11 7.6000 -442.7323 1702.7323 0 0 4.7124 1 0
11 5.2000 -452.7323 1702.7323 0 0 4.7124 1 0
11 2.8000 -462.7323 1702.7323 0 0 4.7124 1 0
11 0.4000 -472.7323 1702.7323 0 0 4.7124 1 0
11 -2.0000 -482.7323 1702.7323 0 0 4.7124 1 0
11 -4.4000 -492.7323 1702.7323 0 0 4.7124 1 0
11 -6.8000 -502.7323 1702.7323 0 0 4.7124 1 0
11 -9.2000 -512.7323 1702.7323 0 0 4.7124 1 0
11 -11.6000 -522.7323 1702.7323 0 0 4.7124 1 0
11 -14.0000 -532.7323 1702.7323 0 0 4.7124 1 0
11 -16.4000 -542.7323 1702.7323 0 0 4.7124 1 0
11 -18.8000 -552.7323 1702.7323 0 0 4.7124 1 0
11 -21.2000 -562.7323 1702.7323 0 0 4.7124 1 0
11 -23.6000 -572.7323 1702.7323 0 0 4.7124 1 0
10 -25.2000 -582.7323 1702.7323 0 0 4.7124 1 0
9 -26.0000 -592.7323 1702.7323 0 0 4.7124 1 0
4 -26.0000 -592.7323 1702.7323 0 0 1.5708 1 0
9 -26.0000 -602.7323 1702.7323 0 0 1.5708 1 0
10 -25.2000 -612.7323 1702.7323 0 0 1.5708 1 0
11 -23.6000 -622.7323 1702.7323 0 0 1.5708 1 0
11 -21.2000 -632.7323 1702.7323 0 0 1.5708 1 0
11 -18.8000 -642.7323 1702.7323 0 0 1.5708 1 0
11 -16.4000 -652.7323 1702.7323 0 0 1.5708 1 0
11 -14.0000 -662.7323 1702.7323 0 0 1.5708 1 0
11 -11.6000 -672.7323 1702.7323 0 0 1.5708 1 0
11 -9.2000 -682.7323 1702.7323 0 0 1.5708 1 0
11 -6.8000 -692.7323 1702.7323 0 0 1.5708 1 0
11 -4.4000 -702.7323 1702.7323 0 0 1.5708 1 0
11 -2.0000 -712.7323 1702.7323 0 0 1.5708 1 0
11 0.4000 -722.7323 1702.7323 0 0 1.5708 1 0
11 2.8000 -732.7323 1702.7323 0 0 1.5708 1 0
11 5.2000 -742.7323 1702.7323 0 0 1.5708 1 0
11 7.6000 -752.7323 1702.7323 0 0 1.5708 1 0
11 10.0000 -762.7323 1702.7323 0 0 1.5708 1 0
11 12.4000 -772.7323 1702.7323 0 0 1.5708 1 0
11 14.8000 -782.7323 1702.7323 0 0 1.5708 1 0
11 17.2000 -792.7323 1702.7323 0 0 1.5708 1 0
11 19.6000 -802.7323 1702.7323 0 0 1.5708 1 0
11 22.0000 -812.7323 1702.7323 0 0 1.5708 1 0
11 24.4000 -822.7323 1702.7323 0 0 1.5708 1 0
11 26.8000 -832.7323 1702.7323 0 0 1.5708 1 0
11 29.2000 -842.7323 1702.7322 0 0 1.5708 1 0
11 31.6000 -852.7323 1702.7322 0 0 1.5708 1 0
11 34.0000 -862.7323 1702.7322 0 0 1.5708 1 0
11 36.4000 -872.7323 1702.7322 0 0 1.5708 1 0
11 38.8000 -882.7323 1702.7322 0 0 1.5708 1 0
11 41.2000 -892.7323 1702.7322 0 0 1.5708 1 0
11 43.6000 -902.7323 1702.7322 0 0 1.5708 1 0
11 46.0000 -912.7323 1702.7322 0 0 1.5708 1 0
11 48.4000 -922.7323 1702.7322 0 0 1.5708 1 0
11 50.8000 -932.7323 1702.7322 0 0 1.5708 1 0
11 53.2000 -942.7323 1702.7322 0 0 1.5708 1 0
11 55.6000 -952.7323 1702.7322 0 0 1.5708 1 0
11 58.0000 -962.7323 1702.7322 0 0 1.5708 1 0
11 60.4000 -972.7323 1702.7322 0 0 1.5708 1 0
11 62.8000 -982.7323 1702.7322 0 0 1.5708 1 0
10 65.2000 -992.7323 1702.7322 0 0 1.5708 1 0
9 66.8000 -1002.7323 1702.7322 0 0 1.5708 1 0
4 67.6000 -1012.7323 1702.7322 0 0 1.5708 1 0
4 67.6000 -1022.7323 1702.7322 0 0 1.5708 1 0
4 67.6000 -1032.7323 1702.7322 0 0 1.5708 1 0
5 67.6000 -1042.7323 1702.7322 0 0 1.5708 1 0
5 67.6000 -1052.4771 1700.7939 0 0 1.9635 1 0
5 67.6000 -1060.7384 1695.2740 0 0 2.3562 1 0
4 67.6000 -1066.2584 1687.0128 0 0 2.7489 1 0
4 67.6000 -1070.0852 1677.7740 0 0 2.7489 1 0
4 67.6000 -1073.9121 1668.5352 0 0 2.7489 1 0
4 67.6000 -1077.7389 1659.2964 0 0 2.7489 1 0
4 67.6000 -1081.5657 1650.0576 0 0 2.7489 1 0
4 67.6000 -1085.3926 1640.8188 0 0 2.7489 1 0
4 67.6000 -1089.2194 1631.5800 0 0 2.7489 1 0
4 67.6000 -1093.0462 1622.3412 0 0 2.7489 1 0
4 67.6000 -1096.8731 1613.1024 0 0 2.7489 1 0
4 67.6000 -1100.6999 1603.8636 0 0 2.7489 1 0
4 67.6000 -1104.5267 1594.6248 0 0 2.7489 1 0
4 67.6000 -1108.3536 1585.3861 0 0 2.7489 1 0
4 67.6000 -1112.1804 1576.1473 0 0 2.7489 1 0
4 67.6000 -1116.0072 1566.9085 0 0 2.7489 1 0
4 67.6000 -1119.8341 1557.6697 0 0 2.7489 1 0
4 67.6000 -1123.6609 1548.4309 0 0 2.7489 1 0
4 67.6000 -1127.4877 1539.1921 0 0 2.7489 1 0
4 67.6000 -1131.3146 1529.9533 0 0 2.7489 1 0
4 67.6000 -1135.1414 1520.7145 0 0 2.7489 1 0
4 67.6000 -1138.9682 1511.4757 0 0 2.7489 1 0
4 67.6000 -1142.7951 1502.2369 0 0 2.7489 1 0
4 67.6000 -1146.6219 1492.9981 0 0 2.7489 1 0
4 67.6000 -1150.4487 1483.7593 0 0 2.7489 1 0
4 67.6000 -1154.2756 1474.5205 0 0 2.7489 1 0
4 67.6000 -1158.1024 1465.2817 0 0 2.7489 1 0
4 67.6000 -1161.9292 1456.0429 0 0 2.7489 1 0
4 67.6000 -1165.7561 1446.8041 0 0 2.7489 1 0
4 67.6000 -1169.5829 1437.5653 0 0 2.7489 1 0
4 67.6000 -1173.4097 1428.3265 0 0 2.7489 1 0
4 67.6000 -1177.2366 1419.0877 0 0 2.7489 1 0
4 67.6000 -1181.0634 1409.8489 0 0 2.7489 1 0
4 67.6000 -1184.8902 1400.6101 0 0 2.7489 1 0
4 67.6000 -1188.7170 1391.3713 0 0 2.7489 1 0
4 67.6000 -1192.5439 1382.1325 0 0 2.7489 1 0
4 67.6000 -1196.3707 1372.8937 0 0 2.7489 1 0
4 67.6000 -1200.1975 1363.6550 0 0 2.7489 1 0
4 67.6000 -1204.0244 1354.4162 0 0 2.7489 1 0
4 67.6000 -1207.8512 1345.1774 0 0 2.7489 1 0
4 67.6000 -1211.6780 1335.9386 0 0 2.7489 1 0
4 67.6000 -1215.5049 1326.6998 0 0 2.7489 1 0
4 67.6000 -1219.3317 1317.4610 0 0 2.7489 1 0
4 67.6000 -1223.1585 1308.2222 0 0 2.7489 1 0
4 67.6000 -1226.9854 1298.9834 0 0 2.7489 1 0
4 67.6000 -1230.8122 1289.7446 0 0 2.7489 1 0
4 67.6000 -1234.6390 1280.5058 0 0 2.7489 1 0
4 67.6000 -1238.4659 1271.2670 0 0 2.7489 1 0
4 67.6000 -1242.2927 1262.0282 0 0 2.7489 1 0
4 67.6000 -1246.1195 1252.7894 0 0 2.7489 1 0
4 67.6000 -1249.9464 1243.5506 0 0 2.7489 1 0
4 67.6000 -1253.7732 1234.3118 0 0 2.7489 1 0
9 67.6000 -1257.6000 1225.0730 0 0 2.7489 1 0
9 68.4000 -1261.4269 1215.8342 0 0 2.7489 1 0
9 69.2000 -1265.2537 1206.5954 0 0 2.7489 1 0
9 70.0000 -1269.0805 1197.3566 0 0 2.7489 1 0
9 70.8000 -1272.9074 1188.1178 0 0 2.7489 1 0
9 71.6000 -1276.7342 1178.8790 0 0 2.7489 1 0
9 72.4000 -1280.5610 1169.6402 0 0 2.7489 1 0
9 73.2000 -1284.3879 1160.4014 0 0 2.7489 1 0
9 74.0000 -1288.2147 1151.1626 0 0 2.7489 1 0
9 74.8000 -1292.0415 1141.9239 0 0 2.7489 1 0
4 75.6000 -1295.8684 1132.6851 0 0 2.7489 1 0
4 75.6000 -1299.6952 1123.4463 0 0 2.7489 1 0
7 75.6000 -1303.5220 1114.2075 0 0 2.7489 1 0
7 75.6000 -1309.0420 1105.9462 0 0 2.3562 1 0
7 75.6000 -1317.3032 1100.4262 0 0 1.9635 1 0
4 75.6000 -1327.0479 1098.4877 0 0 1.5708 1 0
4 75.6000 -1337.0479 1098.4877 0 0 1.5708 1 0
4 75.6000 -1347.0479 1098.4877 0 0 1.5708 1 0
4 75.6000 -1357.0479 1098.4877 0 0 1.5708 1 0
4 75.6000 -1367.0479 1098.4877 0 0 1.5708 1 0
4 75.6000 -1377.0479 1098.4877 0 0 1.5708 1 0
4 75.6000 -1387.0479 1098.4877 0 0 1.5708 1 0
4 75.6000 -1397.0479 1098.4877 0 0 1.5708 1 0
4 75.6000 -1407.0479 1098.4877 0 0 1.5708 1 0
4 75.6000 -1417.0479 1098.4877 0 0 1.5708 1 0
4 75.6000 -1427.0479 1098.4877 0 0 1.5708 1 0
4 75.6000 -1437.0479 1098.4877 0 0 1.5708 1 0
4 75.6000 -1447.0479 1098.4877 0 0 1.5708 1 0
4 75.6000 -1457.0479 1098.4877 0 0 1.5708 1 0
4 75.6000 -1467.0479 1098.4877 0 0 1.5708 1 0
4 75.6000 -1477.0479 1098.4877 0 0 1.5708 1 0
4 75.6000 -1487.0479 1098.4877 0 0 1.5708 1 0
4 75.6000 -1497.0479 1098.4877 0 0 1.5708 1 0
4 75.6000 -1507.0479 1098.4877 0 0 1.5708 1 0
4 75.6000 -1517.0479 1098.4877 0 0 1.5708 1 0
4 75.6000 -1527.0479 1098.4877 0 0 1.5708 1 0
4 75.6000 -1537.0479 1098.4877 0 0 1.5708 1 0
4 75.6000 -1547.0479 1098.4877 0 0 1.5708 1 0
4 75.6000 -1557.0479 1098.4877 0 0 1.5708 1 0
4 75.6000 -1567.0479 1098.4877 0 0 1.5708 1 0
4 75.6000 -1577.0479 1098.4877 0 0 1.5708 1 0
4 75.6000 -1587.0479 1098.4877 0 0 1.5708 1 0
4 75.6000 -1597.0479 1098.4877 0 0 1.5708 1 0
4 75.6000 -1607.0479 1098.4877 0 0 1.5708 1 0
4 75.6000 -1617.0479 1098.4877 0 0 1.5708 1 0
4 75.6000 -1627.0479 1098.4877 0 0 1.5708 1 0
4 75.6000 -1637.0479 1098.4877 0 0 1.5708 1 0
4 75.6000 -1647.0479 1098.4877 0 0 1.5708 1 0
4 75.6000 -1657.0479 1098.4877 0 0 1.5708 1 0
4 75.6000 -1667.0479 1098.4877 0 0 1.5708 1 0
4 75.6000 -1677.0479 1098.4877 0 0 1.5708 1 0
4 75.6000 -1687.0479 1098.4877 0 0 1.5708 1 0
4 75.6000 -1697.0479 1098.4877 0 0 1.5708 1 0
4 75.6000 -1707.0479 1098.4877 0 0 1.5708 1 0
4 75.6000 -1717.0479 1098.4877 0 0 1.5708 1 0
4 75.6000 -1727.0479 1098.4877 0 0 1.5708 1 0
4 75.6000 -1737.0479 1098.4877 0 0 1.5708 1 0
4 75.6000 -1747.0479 1098.4877 0 0 1.5708 1 0
4 75.6000 -1757.0479 1098.4877 0 0 1.5708 1 0
4 75.6000 -1767.0479 1098.4877 0 0 1.5708 1 0
4 75.6000 -1777.0479 1098.4877 0 0 1.5708 1 0
4 75.6000 -1787.0479 1098.4877 0 0 1.5708 1 0
4 75.6000 -1797.0479 1098.4877 0 0 1.5708 1 0
4 75.6000 -1807.0479 1098.4877 0 0 1.5708 1 0
4 75.6000 -1817.0479 1098.4877 0 0 1.5708 1 0
4 75.6000 -1827.0479 1098.4877 0 0 1.5708 1 0
4 75.6000 -1837.0479 1098.4877 0 0 1.5708 1 0
4 75.6000 -1847.0479 1098.4877 0 0 1.5708 1 0
4 75.6000 -1857.0479 1098.4877 0 0 1.5708 1 0
4 75.6000 -1867.0479 1098.4877 0 0 1.5708 1 0
4 75.6000 -1877.0479 1098.4877 0 0 1.5708 1 0
4 75.6000 -1887.0479 1098.4877 0 0 1.5708 1 0
4 75.6000 -1897.0479 1098.4877 0 0 1.5708 1 0
4 75.6000 -1907.0479 1098.4877 0 0 1.5708 1 0
4 75.6000 -1917.0479 1098.4877 0 0 1.5708 1 0
4 75.6000 -1927.0479 1098.4877 0 0 1.5708 1 0
4 75.6000 -1937.0479 1098.4877 0 0 1.5708 1 0
4 75.6000 -1947.0479 1098.4877 0 0 1.5708 1 0
4 75.6000 -1957.0479 1098.4877 0 0 1.5708 1 0
4 75.6000 -1967.0479 1098.4877 0 0 1.5708 1 0
4 75.6000 -1977.0479 1098.4877 0 0 1.5708 1 0
4 75.6000 -1987.0479 1098.4877 0 0 1.5708 1 0
4 75.6000 -1997.0479 1098.4877 0 0 1.5708 1 0
4 75.6000 -2007.0479 1098.4877 0 0 1.5708 1 0
4 75.6000 -2017.0479 1098.4877 0 0 1.5708 1 0
4 75.6000 -2027.0479 1098.4877 0 0 1.5708 1 0
4 75.6000 -2037.0479 1098.4877 0 0 1.5708 1 0
4 75.6000 -2047.0479 1098.4877 0 0 1.5708 1 0
4 75.6000 -2057.0479 1098.4877 0 0 1.5708 1 0
4 75.6000 -2067.0479 1098.4877 0 0 1.5708 1 0
4 75.6000 -2077.0479 1098.4877 0 0 1.5708 1 0
4 75.6000 -2087.0479 1098.4877 0 0 1.5708 1 0
4 75.6000 -2097.0479 1098.4877 0 0 1.5708 1 0
4 75.6000 -2107.0479 1098.4877 0 0 1.5708 1 0
4 75.6000 -2117.0479 1098.4877 0 0 1.5708 1 0
4 75.6000 -2127.0479 1098.4877 0 0 1.5708 1 0
4 75.6000 -2137.0479 1098.4877 0 0 1.5708 1 0
4 75.6000 -2147.0479 1098.4877 0 0 1.5708 1 0
4 75.6000 -2157.0479 1098.4877 0 0 1.5708 1 0
4 75.6000 -2167.0479 1098.4877 0 0 1.5708 1 0
4 75.6000 -2177.0479 1098.4877 0 0 1.5708 1 0
4 75.6000 -2187.0479 1098.4877 0 0 1.5708 1 0
4 75.6000 -2197.0479 1098.4877 0 0 1.5708 1 0
4 75.6000 -2207.0479 1098.4877 0 0 1.5708 1 0
4 75.6000 -2217.0479 1098.4877 0 0 1.5708 1 0
4 75.6000 -2227.0479 1098.4877 0 0 1.5708 1 0
4 75.6000 -2237.0479 1098.4877 0 0 1.5708 1 0
4 75.6000 -2247.0479 1098.4877 0 0 1.5708 1 0
4 75.6000 -2257.0479 1098.4877 0 0 1.5708 1 0
4 75.6000 -2267.0479 1098.4877 0 0 1.5708 1 0
5 75.6000 -2277.0479 1098.4877 0 0 1.5708 1 0
4 75.6000 -2286.7927 1096.5494 0 0 1.9635 1 0
4 75.6000 -2296.0315 1092.7225 0 0 1.9635 1 0
4 75.6000 -2305.2703 1088.8957 0 0 1.9635 1 0
4 75.6000 -2314.5091 1085.0689 0 0 1.9635 1 0
4 75.6000 -2323.7479 1081.2420 0 0 1.9635 1 0
4 75.6000 -2332.9867 1077.4152 0 0 1.9635 1 0
4 75.6000 -2342.2255 1073.5884 0 0 1.9635 1 0
4 75.6000 -2351.4643 1069.7615 0 0 1.9635 1 0
4 75.6000 -2360.7031 1065.9347 0 0 1.9635 1 0
4 75.6000 -2369.9419 1062.1079 0 0 1.9635 1 0
4 75.6000 -2379.1807 1058.2810 0 0 1.9635 1 0
4 75.6000 -2388.4195 1054.4542 0 0 1.9635 1 0
4 75.6000 -2397.6583 1050.6274 0 0 1.9635 1 0
4 75.6000 -2406.8971 1046.8005 0 0 1.9635 1 0
4 75.6000 -2416.1359 1042.9737 0 0 1.9635 1 0
4 75.6000 -2425.3747 1039.1469 0 0 1.9635 1 0
4 75.6000 -2434.6135 1035.3200 0 0 1.9635 1 0
4 75.6000 -2443.8523 1031.4932 0 0 1.9635 1 0
4 75.6000 -2453.0911 1027.6663 0 0 1.9635 1 0
4 75.6000 -2462.3299 1023.8395 0 0 1.9635 1 0
4 75.6000 -2471.5686 1020.0127 0 0 1.9635 1 0
4 75.6000 -2480.8074 1016.1858 0 0 1.9635 1 0
4 75.6000 -2490.0462 1012.3590 0 0 1.9635 1 0
4 75.6000 -2499.2850 1008.5322 0 0 1.9635 1 0
4 75.6000 -2508.5238 1004.7053 0 0 1.9635 1 0
4 75.6000 -2517.7626 1000.8785 0 0 1.9635 1 0
4 75.6000 -2527.0014 997.0517 0 0 1.9635 1 0
4 75.6000 -2536.2402 993.2248 0 0 1.9635 1 0
4 75.6000 -2545.4790 989.3980 0 0 1.9635 1 0
4 75.6000 -2554.7178 985.5712 0 0 1.9635 1 0
4 75.6000 -2563.9566 981.7443 0 0 1.9635 1 0
4 75.6000 -2573.1954 977.9175 0 0 1.9635 1 0
4 75.6000 -2582.4342 974.0907 0 0 1.9635 1 0
4 75.6000 -2591.6730 970.2638 0 0 1.9635 1 0
4 75.6000 -2600.9118 966.4370 0 0 1.9635 1 0
4 75.6000 -2610.1506 962.6101 0 0 1.9635 1 0
4 75.6000 -2619.3894 958.7833 0 0 1.9635 1 0
4 75.6000 -2628.6282 954.9565 0 0 1.9635 1 0
4 75.6000 -2637.8670 951.1296 0 0 1.9635 1 0
4 75.6000 -2647.1058 947.3028 0 0 1.9635 1 0
4 75.6000 -2656.3445 943.4760 0 0 1.9635 1 0
4 75.6000 -2665.5833 939.6491 0 0 1.9635 1 0
4 75.6000 -2674.8221 935.8223 0 0 1.9635 1 0
4 75.6000 -2684.0609 931.9955 0 0 1.9635 1 0
4 75.6000 -2693.2997 928.1686 0 0 1.9635 1 0
4 75.6000 -2702.5385 924.3418 0 0 1.9635 1 0
4 75.6000 -2711.7773 920.5150 0 0 1.9635 1 0
4 75.6000 -2721.0161 916.6881 0 0 1.9635 1 0
4 75.6000 -2730.2549 912.8613 0 0 1.9635 1 0
4 75.6000 -2739.4937 909.0345 0 0 1.9635 1 0
4 75.6000 -2748.7325 905.2076 0 0 1.9635 1 0
4 75.6000 -2757.9713 901.3808 0 0 1.9635 1 0
4 75.6000 -2767.2101 897.5539 0 0 1.9635 1 0
4 75.6000 -2776.4489 893.7271 0 0 1.9635 1 0
4 75.6000 -2785.6877 889.9003 0 0 1.9635 1 0
4 75.6000 -2794.9265 886.0734 0 0 1.9635 1 0
4 75.6000 -2804.1653 882.2466 0 0 1.9635 1 0
4 75.6000 -2813.4041 878.4198 0 0 1.9635 1 0
4 75.6000 -2822.6429 874.5929 0 0 1.9635 1 0
4 75.6000 -2831.8817 870.7661 0 0 1.9635 1 0
4 75.6000 -2841.1204 866.9393 0 0 1.9635 1 0
4 75.6000 -2850.3592 863.1124 0 0 1.9635 1 0
4 75.6000 -2859.5980 859.2856 0 0 1.9635 1 0
4 75.6000 -2868.8368 855.4588 0 0 1.9635 1 0
4 75.6000 -2878.0756 851.6319 0 0 1.9635 1 0
4 75.6000 -2887.3144 847.8051 0 0 1.9635 1 0
4 75.6000 -2896.5532 843.9783 0 0 1.9635 1 0
4 75.6000 -2905.7920 840.1514 0 0 1.9635 1 0
4 75.6000 -2915.0308 836.3246 0 0 1.9635 1 0
4 75.6000 -2924.2696 832.4978 0 0 1.9635 1 0
4 75.6000 -2933.5084 828.6709 0 0 1.9635 1 0
4 75.6000 -2942.7472 824.8441 0 0 1.9635 1 0
4 75.6000 -2951.9860 821.0172 0 0 1.9635 1 0
4 75.6000 -2961.2248 817.1904 0 0 1.9635 1 0
4 75.6000 -2970.4636 813.3636 0 0 1.9635 1 0
4 75.6000 -2979.7024 809.5367 0 0 1.9635 1 0
4 75.6000 -2988.9412 805.7099 0 0 1.9635 1 0
4 75.6000 -2998.1800 801.8831 0 0 1.9635 1 0
4 75.6000 -3007.4188 798.0562 0 0 1.9635 1 0
4 75.6000 -3016.6576 794.2294 0 0 1.9635 1 0
4 75.6000 -3025.8963 790.4026 0 0 1.9635 1 0
4 75.6000 -3035.1351 786.5757 0 0 1.9635 1 0
4 75.6000 -3044.3739 782.7489 0 0 1.9635 1 0
4 75.6000 -3053.6127 778.9221 0 0 1.9635 1 0
4 75.6000 -3062.8515 775.0952 0 0 1.9635 1 0
4 75.6000 -3072.0903 771.2684 0 0 1.9635 1 0
4 75.6000 -3081.3291 767.4416 0 0 1.9635 1 0
4 75.6000 -3090.5679 763.6147 0 0 1.9635 1 0
4 75.6000 -3099.8067 759.7879 0 0 1.9635 1 0
4 75.6000 -3109.0455 755.9610 0 0 1.9635 1 0
4 75.6000 -3118.2843 752.1342 0 0 1.9635 1 0
5 75.6000 -3127.5231 748.3074 0 0 1.9635 1 0
5 75.6000 -3135.7844 742.7874 0 0 2.3562 1 0
5 75.6000 -3141.3044 734.5262 0 0 2.7489 1 0
5 75.6000 -3143.2428 724.7815 0 0 3.1416 1 0
5 75.6000 -3141.3045 715.0367 0 0 3.5343 1 0
5 75.6000 -3135.7846 706.7754 0 0 3.9270 1 0
5 75.6000 -3127.5234 701.2554 0 0 4.3197 1 0
5 75.6000 -3117.7786 699.3170 0 0 4.7124 1 0
5 75.6000 -3108.0338 701.2553 0 0 5.1051 1 0
7 75.6000 -3099.7725 706.7752 0 0 5.4978 1 0
7 75.6000 -3091.5113 712.2952 0 0 5.1051 1 0
7 75.6000 -3081.7666 714.2336 0 0 4.7124 1 0
7 75.6000 -3072.0218 712.2953 0 0 4.3197 1 0
4 75.6000 -3063.7605 706.7754 0 0 3.9270 1 0
4 75.6000 -3056.6894 699.7044 0 0 3.9270 1 0
4 75.6000 -3049.6183 692.6333 0 0 3.9270 1 0
4 75.6000 -3042.5473 685.5622 0 0 3.9270 1 0
9 75.6000 -3035.4762 678.4912 0 0 3.9270 1 0
9 76.4000 -3028.4051 671.4201 0 0 3.9270 1 0
9 77.2000 -3021.3341 664.3490 0 0 3.9270 1 0
9 78.0000 -3014.2630 657.2780 0 0 3.9270 1 0
9 78.8000 -3007.1919 650.2069 0 0 3.9270 1 0
9 79.6000 -3000.1209 643.1358 0 0 3.9270 1 0
9 80.4000 -2993.0498 636.0648 0 0 3.9270 1 0
9 81.2000 -2985.9787 628.9937 0 0 3.9270 1 0
9 82.0000 -2978.9077 621.9226 0 0 3.9270 1 0
9 82.8000 -2971.8366 614.8516 0 0 3.9270 1 0
9 83.6000 -2964.7655 607.7805 0 0 3.9270 1 0
9 84.4000 -2957.6944 600.7094 0 0 3.9270 1 0
9 85.2000 -2950.6234 593.6384 0 0 3.9270 1 0
9 86.0000 -2943.5523 586.5673 0 0 3.9270 1 0
9 86.8000 -2936.4812 579.4962 0 0 3.9270 1 0
9 87.6000 -2929.4102 572.4252 0 0 3.9270 1 0
9 88.4000 -2922.3391 565.3541 0 0 3.9270 1 0
9 89.2000 -2915.2680 558.2830 0 0 3.9270 1 0
9 90.0000 -2908.1970 551.2120 0 0 3.9270 1 0
9 90.8000 -2901.1259 544.1409 0 0 3.9270 1 0
4 91.6000 -2894.0548 537.0698 0 0 3.9270 1 0
4 91.6000 -2886.9838 529.9988 0 0 3.9270 1 0
4 91.6000 -2879.9127 522.9277 0 0 3.9270 1 0
4 91.6000 -2872.8416 515.8566 0 0 3.9270 1 0
4 91.6000 -2865.7706 508.7856 0 0 3.9270 1 0
4 91.6000 -2858.6995 501.7145 0 0 3.9270 1 0
4 91.6000 -2851.6284 494.6434 0 0 3.9270 1 0
4 91.6000 -2844.5573 487.5724 0 0 3.9270 1 0
4 91.6000 -2837.4863 480.5013 0 0 3.9270 1 0
4 91.6000 -2830.4152 473.4302 0 0 3.9270 1 0
4 91.6000 -2823.3441 466.3592 0 0 3.9270 1 0
4 91.6000 -2816.2731 459.2881 0 0 3.9270 1 0
4 91.6000 -2809.2020 452.2170 0 0 3.9270 1 0
4 91.6000 -2802.1309 445.1460 0 0 3.9270 1 0
4 91.6000 -2795.0599 438.0749 0 0 3.9270 1 0
4 91.6000 -2787.9888 431.0038 0 0 3.9270 1 0
4 91.6000 -2780.9177 423.9328 0 0 3.9270 1 0
4 91.6000 -2773.8467 416.8617 0 0 3.9270 1 0
4 91.6000 -2766.7756 409.7906 0 0 3.9270 1 0
4 91.6000 -2759.7045 402.7196 0 0 3.9270 1 0
4 91.6000 -2752.6334 395.6485 0 0 3.9270 1 0
4 91.6000 -2745.5624 388.5774 0 0 3.9270 1 0
4 91.6000 -2738.4913 381.5064 0 0 3.9270 1 0
4 91.6000 -2731.4202 374.4353 0 0 3.9270 1 0
4 91.6000 -2724.3492 367.3642 0 0 3.9270 1 0
4 91.6000 -2717.2781 360.2932 0 0 3.9270 1 0
4 91.6000 -2710.2070 353.2221 0 0 3.9270 1 0
4 91.6000 -2703.1360 346.1510 0 0 3.9270 1 0
4 91.6000 -2696.0649 339.0800 0 0 3.9270 1 0
4 91.6000 -2688.9938 332.0089 0 0 3.9270 1 0
21 91.6000 -2681.9228 324.9378 0 0 3.9270 5 0
16 91.6000 -2688.9938 332.0089 0 0 3.9270 2 0
17 -1.2000 -4.7000 40.0037 0 0 0.0000 2 0
18 -1.2000 4.7000 39.9963 0 0 0.0000 2 0
19 -1.2000 7.5432 57.3353 0 0 -0.3388 2 0
17 -1.2000 -4.7000 80.0037 0 0 0.0000 2 0
19 -1.2000 7.2677 76.6562 0 0 -0.4304 2 0
18 -1.2000 -4.7000 100.0037 0 0 0.0000 2 0
17 -1.2000 4.7000 119.9963 0 0 0.0000 2 0
18 -1.2000 -4.7000 140.0037 0 0 0.0000 2 0
17 -1.2000 4.7000 139.9963 0 0 0.0000 2 0
20 -1.2000 -6.6166 155.5033 0 0 3.7393 2 0
17 -1.2000 3.8873 162.6418 0 0 -0.5977 2 0
17 -1.2000 -4.7000 180.0037 0 0 0.0000 2 0
18 -1.2000 4.7000 179.9963 0 0 0.0000 2 0
18 -1.2000 -4.7000 220.0037 0 0 0.0000 2 0
18 -1.2000 4.7000 219.9963 0 0 0.0000 2 0
17 -1.2000 -4.7000 240.0037 0 0 0.0000 2 0
18 -1.2000 4.7000 239.9963 0 0 0.0000 2 0
18 -1.2000 -4.7000 280.0037 0 0 0.0000 2 0
20 -1.2000 7.8377 278.3966 0 0 -0.2010 2 0
18 -1.2000 -4.7000 300.0037 0 0 0.0000 2 0
17 -1.2000 4.7000 299.9963 0 0 0.0000 2 0
17 -1.2000 -4.7000 320.0037 0 0 0.0000 2 0
19 -1.2000 7.9953 320.2738 0 0 0.0350 2 0
17 -1.2000 -4.7000 340.0037 0 0 0.0000 2 0
17 -1.2000 -4.7000 380.0037 0 0 0.0000 2 0
17 -1.2000 -4.7000 400.0037 0 0 0.0000 2 0
18 -1.2000 4.7000 399.9963 0 0 0.0000 2 0
17 -1.2000 -4.7000 420.0037 0 0 0.0000 2 0
18 -1.2000 4.7000 419.9963 0 0 0.0000 2 0
17 -1.2000 4.7000 459.9963 0 0 0.0000 2 0
18 -1.2000 -4.7000 480.0037 0 0 0.0000 2 0
17 -1.2000 4.7000 479.9963 0 0 0.0000 2 0
18 -1.2000 -4.7000 500.0037 0 0 0.0000 2 0
18 -1.2000 4.7000 499.9963 0 0 0.0000 2 0
19 -1.2000 -6.9680 523.9302 0 0 2.6288 2 0
17 -1.2000 -4.7000 540.0037 0 0 0.0000 2 0
18 -1.2000 4.7000 539.9963 0 0 0.0000 2 0
17 -1.2000 -4.7000 560.0037 0 0 0.0000 2 0
20 -1.2000 7.4353 562.9522 0 0 0.3788 2 0
18 -1.2000 -4.7000 580.0037 0 0 0.0000 2 0
18 -1.2000 -4.7000 600.0037 0 0 0.0000 2 0
20 -1.2000 7.8889 601.3286 0 0 0.1676 2 0
18 -1.2000 -4.7000 620.0037 0 0 0.0000 2 0
17 -1.2000 4.7000 619.9963 0 0 0.0000 2 0
18 -1.2000 -4.7000 660.0037 0 0 0.0000 2 0
18 -1.2000 -4.7000 680.0037 0 0 0.0000 2 0
19 -1.2000 7.6491 677.6568 0 0 -0.2965 2 0
18 -1.2000 -4.7000 700.0037 0 0 0.0000 2 0
17 -1.2000 -4.7000 720.0037 0 0 0.0000 2 0
17 -1.2000 4.7000 719.9963 0 0 0.0000 2 0
18 -1.2000 -4.7000 780.0037 0 0 0.0000 2 0
24 -1.4000 -4.7000 800.0037 0 0 0.0000 2 0
24 -1.4000 4.7000 799.9963 0 0 0.0000 2 0
24 0.0000 3.9690 817.4826 0 0 0.5644 2 0
24 3.2000 -4.7000 840.0037 0 0 0.0000 2 0
24 6.4000 4.7000 859.9963 0 0 0.0000 2 0
24 9.6000 -4.7000 880.0037 0 0 0.0000 2 0
24 12.8000 4.7000 899.9963 0 0 0.0000 2 0
24 16.0000 -4.7000 920.0037 0 0 0.0000 2 0
24 16.0000 4.7000 919.9963 0 0 0.0000 2 0
24 22.4000 -4.7000 960.0037 0 0 0.0000 2 0
24 25.6000 -4.7000 980.0037 0 0 0.0000 2 0
24 25.6000 4.7000 979.9963 0 0 0.0000 2 0
24 28.8000 -4.7000 1000.0037 0 0 0.0000 2 0
24 32.0000 4.7000 1019.9963 0 0 0.0000 2 0
24 35.2000 4.1338 1042.2364 0 0 -0.4967 2 0
24 38.4000 -4.7000 1060.0037 0 0 0.0000 2 0
24 38.4000 4.7000 1059.9963 0 0 0.0000 2 0
24 41.6000 -4.7000 1080.0037 0 0 0.0000 2 0
24 44.8000 -4.7000 1100.0037 0 0 0.0000 2 0
24 44.8000 4.7000 1099.9963 0 0 0.0000 2 0
24 51.2000 -4.7000 1140.0037 0 0 0.0000 2 0
24 51.2000 4.7000 1139.9963 0 0 0.0000 2 0
24 52.2000 -4.7000 1160.0037 0 0 0.0000 2 0
24 52.2000 4.1405 1162.2240 0 0 -0.4937 2 0
24 52.4000 -4.7000 1180.0037 0 0 0.0000 2 0
24 52.4000 4.7000 1179.9963 0 0 0.0000 2 0
17 52.4000 4.7000 1199.9963 0 0 0.0000 2 0
18 52.4000 -4.7000 1220.0037 0 0 0.0000 2 0
17 52.4000 4.7000 1219.9963 0 0 0.0000 2 0
20 52.4000 -7.9829 1240.5232 0 0 3.0769 2 0
17 52.4000 4.7000 1259.9963 0 0 0.0000 2 0
17 52.4000 4.7000 1279.9963 0 0 0.0000 2 0
19 52.4000 7.7455 1297.9983 0 0 -0.2521 2 0
17 52.4000 4.7000 1319.9963 0 0 0.0000 2 0
18 52.4000 4.7000 1339.9963 0 0 0.0000 2 0
17 52.8000 -4.7000 1360.0037 0 0 0.0000 2 0
17 56.0000 3.9645 1377.4756 0 0 0.5662 2 0
18 59.2000 -4.7000 1400.0037 0 0 0.0000 2 0
17 59.2000 4.7000 1399.9963 0 0 0.0000 2 0
17 62.4000 -4.7000 1420.0037 0 0 0.0000 2 0
18 62.4000 4.7000 1419.9963 0 0 0.0000 2 0
18 65.6000 -4.7000 1440.0037 0 0 0.0000 2 0
18 68.8000 -4.7000 1460.0037 0 0 0.0000 2 0
17 68.8000 4.7000 1459.9963 0 0 0.0000 2 0
17 72.0000 4.7000 1479.9963 0 0 0.0000 2 0
18 78.4000 -4.7000 1520.0037 0 0 0.0000 2 0
17 78.4000 4.5002 1518.6442 0 0 0.2918 2 0
18 81.6000 -4.6490 1539.3098 0 0 -0.1482 2 0
17 84.8000 4.7000 1559.9963 0 0 0.0000 2 0
18 88.0000 -4.7000 1580.0037 0 0 0.0000 2 0
17 88.0000 4.6931 1580.2553 0 0 -0.0551 2 0
18 91.2000 -4.7000 1600.0037 0 0 0.0000 2 0
17 94.4000 -4.7000 1620.0037 0 0 0.0000 2 0
17 94.4000 4.5135 1621.3109 0 0 -0.2835 2 0
17 97.6000 -4.7000 1640.0037 0 0 0.0000 2 0
18 97.6000 4.7000 1639.9963 0 0 0.0000 2 0
18 98.6000 -4.7000 1660.0037 0 0 0.0000 2 0
18 98.6000 4.7000 1659.9963 0 0 0.0000 2 0
17 98.8000 -4.7000 1680.0037 0 0 0.0000 2 0
20 98.8000 6.8954 1684.0563 0 0 0.5325 2 0
17 98.8000 -7.0552 1695.6823 0 0 -0.7854 2 0
20 98.8000 -2.0666 1706.8284 0 0 1.3622 2 0
18 98.8000 -22.7360 1698.0323 0 0 -1.5708 2 0
18 98.8000 -22.7286 1707.4323 0 0 -1.5708 2 0
18 98.8000 -42.7286 1707.4323 0 0 -1.5708 2 0
17 97.6000 -62.7360 1698.0323 0 0 -1.5708 2 0
18 97.6000 -62.7286 1707.4323 0 0 -1.5708 2 0
17 88.6000 -102.7360 1698.0323 0 0 -1.5708 2 0
17 88.6000 -104.7758 1706.9648 0 0 -2.0214 2 0
18 83.8000 -122.7286 1707.4323 0 0 -1.5708 2 0
18 79.0000 -142.7360 1698.0323 0 0 -1.5708 2 0
17 79.0000 -142.7286 1707.4323 0 0 -1.5708 2 0
17 74.2000 -162.7360 1698.0323 0 0 -1.5708 2 0
18 74.2000 -162.7286 1707.4323 0 0 -1.5708 2 0
17 69.4000 -182.7111 1698.0323 0 0 -1.5761 2 0
17 69.4000 -182.7535 1707.4322 0 0 -1.5761 2 0
17 64.6000 -202.7286 1707.4323 0 0 -1.5708 2 0
18 59.8000 -222.7360 1698.0323 0 0 -1.5708 2 0
17 59.8000 -221.7673 1707.3322 0 0 -1.3648 2 0
17 55.0000 -242.7360 1698.0323 0 0 -1.5708 2 0
17 55.0000 -242.7286 1707.4323 0 0 -1.5708 2 0
17 50.2000 -262.7286 1707.4323 0 0 -1.5708 2 0
18 45.4000 -282.7360 1698.0323 0 0 -1.5708 2 0
18 45.4000 -282.7286 1707.4323 0 0 -1.5708 2 0
24 31.0000 -342.7360 1698.0323 0 0 -1.5708 2 0
24 31.0000 -342.7286 1707.4323 0 0 -1.5708 2 0
24 26.2000 -362.7360 1698.0323 0 0 -1.5708 2 0
24 26.2000 -362.7286 1707.4323 0 0 -1.5708 2 0
24 21.4000 -382.7360 1698.0323 0 0 -1.5708 2 0
24 21.4000 -382.7286 1707.4323 0 0 -1.5708 2 0
24 16.6000 -402.7360 1698.0323 0 0 -1.5708 2 0
24 16.6000 -400.4675 1706.8506 0 0 -1.0688 2 0
24 11.8000 -422.7360 1698.0323 0 0 -1.5708 2 0
24 11.8000 -422.7286 1707.4323 0 0 -1.5708 2 0
24 -2.6000 -482.7360 1698.0323 0 0 -1.5708 2 0
24 -7.4000 -502.7360 1698.0323 0 0 -1.5708 2 0
24 -12.2000 -522.7286 1707.4323 0 0 -1.5708 2 0
24 -17.0000 -543.9907 1698.2039 0 0 -1.3005 2 0
24 -17.0000 -541.4739 1707.2607 0 0 -1.3005 2 0
24 -21.8000 -562.7360 1698.0323 0 0 -1.5708 2 0
24 -21.8000 -564.3101 1707.1595 0 0 -1.9140 2 0
24 -25.8000 -582.7360 1698.0323 0 0 -1.5708 2 0
24 -26.2000 -605.0934 1698.6684 0 0 -1.0453 2 0
24 -26.2000 -600.3712 1706.7962 0 0 -1.0453 2 0
24 -24.2000 -622.7360 1698.0323 0 0 -1.5708 2 0
24 -24.2000 -622.7286 1707.4323 0 0 -1.5708 2 0
24 -19.4000 -642.7286 1707.4323 0 0 -1.5708 2 0
24 -14.6000 -662.7286 1707.4323 0 0 -1.5708 2 0
24 -9.8000 -682.7360 1698.0323 0 0 -1.5708 2 0
18 -5.0000 -702.7286 1707.4323 0 0 -1.5708 2 0
18 -0.2000 -722.7360 1698.0323 0 0 -1.5708 2 0
17 -0.2000 -722.7286 1707.4323 0 0 -1.5708 2 0
18 4.6000 -742.7360 1698.0323 0 0 -1.5708 2 0
17 9.4000 -762.7360 1698.0323 0 0 -1.5708 2 0
18 14.2000 -782.7360 1698.0323 0 0 -1.5708 2 0
18 14.2000 -782.7286 1707.4323 0 0 -1.5708 2 0
18 19.0000 -802.9454 1698.0371 0 0 -1.5262 2 0
18 19.0000 -802.5192 1707.4274 0 0 -1.5262 2 0
17 23.8000 -822.7360 1698.0323 0 0 -1.5708 2 0
18 23.8000 -822.5391 1707.4283 0 0 -1.5305 2 0
17 28.6000 -842.7286 1707.4322 0 0 -1.5708 2 0
17 33.4000 -862.7360 1698.0322 0 0 -1.5708 2 0
18 38.2000 -882.7360 1698.0322 0 0 -1.5708 2 0
17 38.2000 -881.0235 1707.1106 0 0 -1.1995 2 0
18 43.0000 -902.7286 1707.4322 0 0 -1.5708 2 0
18 47.8000 -922.7360 1698.0322 0 0 -1.5708 2 0
17 52.6000 -940.1827 1706.6806 0 0 -0.9982 2 0
18 57.4000 -962.7360 1698.0322 0 0 -1.5708 2 0
18 57.4000 -962.7286 1707.4322 0 0 -1.5708 2 0
18 62.2000 -982.7286 1707.4322 0 0 -1.5708 2 0
18 66.2000 -1002.7360 1698.0322 0 0 -1.5708 2 0
18 67.4000 -1022.7286 1707.4322 0 0 -1.5708 2 0
18 67.6000 -1057.4176 1691.9480 0 0 -2.3562 2 0
17 67.6000 -1064.0591 1698.6001 0 0 -2.3562 2 0
20 67.6000 -1076.3680 1682.7265 0 0 2.4748 2 0
18 67.6000 -1073.3981 1657.4943 0 0 -2.7489 2 0
17 67.6000 -1082.0797 1661.0985 0 0 -2.7489 2 0
17 67.6000 -1089.7334 1642.6209 0 0 -2.7489 2 0
20 67.6000 -1100.6444 1624.8448 0 0 2.8241 2 0
17 67.6000 -1096.3591 1602.0616 0 0 -2.7489 2 0
18 67.6000 -1105.0407 1605.6657 0 0 -2.7489 2 0
20 67.6000 -1102.3621 1580.0849 0 0 5.5596 2 0
17 67.6000 -1111.6664 1565.1064 0 0 -2.7489 2 0
17 67.6000 -1120.3480 1568.7105 0 0 -2.7489 2 0
17 67.6000 -1119.3201 1546.6288 0 0 -2.7489 2 0
18 67.6000 -1128.0017 1550.2329 0 0 -2.7489 2 0
17 67.6000 -1134.6274 1509.6736 0 0 -2.7489 2 0
20 67.6000 -1142.2554 1486.2948 0 0 5.2905 2 0
19 67.6000 -1154.0088 1496.0696 0 0 2.7483 2 0
18 67.6000 -1149.9348 1472.7184 0 0 -2.7489 2 0
18 67.6000 -1158.6164 1476.3226 0 0 -2.7489 2 0
18 67.6000 -1157.5884 1454.2408 0 0 -2.7489 2 0
20 67.6000 -1164.5113 1431.3783 0 0 5.3998 2 0
18 67.6000 -1172.5624 1441.2002 0 0 -2.2582 2 0
17 67.6000 -1189.2310 1402.4122 0 0 -2.7489 2 0
17 67.6000 -1195.8567 1361.8529 0 0 -2.7489 2 0
17 67.6000 -1203.5104 1343.3753 0 0 -2.7489 2 0
18 67.6000 -1212.1920 1346.9794 0 0 -2.7489 2 0
18 67.6000 -1211.1641 1324.8977 0 0 -2.7489 2 0
18 67.6000 -1219.8457 1328.5018 0 0 -2.7489 2 0
24 67.6000 -1226.4714 1287.9425 0 0 -2.7489 2 0
20 67.6000 -1236.8036 1295.0458 0 0 2.4180 2 0
24 67.6000 -1242.8067 1273.0691 0 0 -2.7489 2 0
24 67.6000 -1249.4324 1232.5097 0 0 -2.7489 2 0
24 68.2000 -1257.0861 1214.0321 0 0 -2.7489 2 0
24 68.2000 -1264.0329 1219.7456 0 0 -2.1593 2 0
24 69.8000 -1264.7397 1195.5546 0 0 -2.7489 2 0
24 69.8000 -1273.4213 1199.1587 0 0 -2.7489 2 0
24 71.4000 -1281.0750 1180.6811 0 0 -2.7489 2 0
24 73.0000 -1280.0471 1158.5994 0 0 -2.7489 2 0
24 73.0000 -1288.7287 1162.2035 0 0 -2.7489 2 0
24 74.6000 -1287.3552 1142.2815 0 0 -3.2186 2 0
24 74.6000 -1296.7279 1141.5662 0 0 -3.2186 2 0
24 75.4000 -1294.9953 1123.4116 0 0 -3.1350 2 0
24 75.6000 -1305.7212 1102.6202 0 0 -2.3562 2 0
20 75.6000 -1312.6447 1113.0890 0 0 2.0387 2 0
24 75.6000 -1327.0442 1103.1877 0 0 -1.5708 2 0
24 75.6000 -1347.0442 1103.1877 0 0 -1.5708 2 0
24 75.6000 -1367.0517 1093.7877 0 0 -1.5708 2 0
24 75.6000 -1367.0442 1103.1877 0 0 -1.5708 2 0
24 75.6000 -1387.0517 1093.7877 0 0 -1.5708 2 0
24 75.6000 -1387.0442 1103.1877 0 0 -1.5708 2 0
24 75.6000 -1407.0442 1103.1877 0 0 -1.5708 2 0
24 75.6000 -1427.0517 1093.7877 0 0 -1.5708 2 0
24 75.6000 -1447.0517 1093.7877 0 0 -1.5708 2 0
20 75.6000 -1450.5059 1105.7018 0 0 2.0186 2 0
19 75.6000 -1471.1319 1091.6087 0 0 4.1774 2 0
24 75.6000 -1487.0517 1093.7877 0 0 -1.5708 2 0
24 75.6000 -1487.0442 1103.1877 0 0 -1.5708 2 0
20 75.6000 -1511.5607 1091.8820 0 0 4.1139 2 0
18 75.6000 -1504.3967 1102.3686 0 0 -0.9723 2 0
18 75.6000 -1527.0517 1093.7877 0 0 -1.5708 2 0
17 75.6000 -1527.0442 1103.1877 0 0 -1.5708 2 0
18 75.6000 -1547.0517 1093.7877 0 0 -1.5708 2 0
20 75.6000 -1551.4134 1105.1917 0 0 2.1488 2 0
20 75.6000 -1571.1176 1105.3752 0 0 2.1053 2 0
17 75.6000 -1587.0517 1093.7877 0 0 -1.5708 2 0
18 75.6000 -1607.0442 1103.1877 0 0 -1.5708 2 0
19 75.6000 -1629.3079 1106.1619 0 0 1.8580 2 0
18 75.6000 -1647.0517 1093.7877 0 0 -1.5708 2 0
18 75.6000 -1647.0442 1103.1877 0 0 -1.5708 2 0
17 75.6000 -1667.0517 1093.7877 0 0 -1.5708 2 0
17 75.6000 -1667.0442 1103.1877 0 0 -1.5708 2 0
18 75.6000 -1687.0442 1103.1877 0 0 -1.5708 2 0
19 75.6000 -1705.6266 1106.3604 0 0 1.3930 2 0
20 75.6000 -1724.5500 1090.8877 0 0 5.0307 2 0
18 75.6000 -1728.5155 1102.9527 0 0 -1.8891 2 0
17 75.6000 -1747.0517 1093.7877 0 0 -1.5708 2 0
18 75.6000 -1747.0442 1103.1877 0 0 -1.5708 2 0
17 75.6000 -1767.0517 1093.7877 0 0 -1.5708 2 0
19 75.6000 -1763.4168 1105.6162 0 0 1.1005 2 0
17 75.6000 -1787.0517 1093.7877 0 0 -1.5708 2 0
17 75.6000 -1787.0442 1103.1877 0 0 -1.5708 2 0
18 75.6000 -1807.0517 1093.7877 0 0 -1.5708 2 0
17 75.6000 -1807.0442 1103.1877 0 0 -1.5708 2 0
17 75.6000 -1827.0517 1093.7877 0 0 -1.5708 2 0
18 75.6000 -1827.0442 1103.1877 0 0 -1.5708 2 0
18 75.6000 -1867.0517 1093.7877 0 0 -1.5708 2 0
18 75.6000 -1867.0442 1103.1877 0 0 -1.5708 2 0
18 75.6000 -1887.0517 1093.7877 0 0 -1.5708 2 0
18 75.6000 -1887.0442 1103.1877 0 0 -1.5708 2 0
18 75.6000 -1907.0517 1093.7877 0 0 -1.5708 2 0
17 75.6000 -1907.0442 1103.1877 0 0 -1.5708 2 0
17 75.6000 -1947.0442 1103.1877 0 0 -1.5708 2 0
18 75.6000 -1967.0517 1093.7877 0 0 -1.5708 2 0
17 75.6000 -2027.0517 1093.7877 0 0 -1.5708 2 0
18 75.6000 -2027.0442 1103.1877 0 0 -1.5708 2 0
17 75.6000 -2047.0442 1103.1877 0 0 -1.5708 2 0
17 75.6000 -2067.0517 1093.7877 0 0 -1.5708 2 0
18 75.6000 -2067.0442 1103.1877 0 0 -1.5708 2 0
17 75.6000 -2107.0517 1093.7877 0 0 -1.5708 2 0
18 75.6000 -2127.0517 1093.7877 0 0 -1.5708 2 0
20 75.6000 -2151.5660 1091.8856 0 0 4.1131 2 0
17 75.6000 -2167.0442 1103.1877 0 0 -1.5708 2 0
17 75.6000 -2187.0517 1093.7877 0 0 -1.5708 2 0
20 75.6000 -2191.2600 1105.2890 0 0 2.1261 2 0
17 75.6000 -2207.0517 1093.7877 0 0 -1.5708 2 0
17 75.6000 -2207.0442 1103.1877 0 0 -1.5708 2 0
17 75.6000 -2227.0442 1103.1877 0 0 -1.5708 2 0
17 75.6000 -2247.0517 1093.7877 0 0 -1.5708 2 0
18 75.6000 -2247.0442 1103.1877 0 0 -1.5708 2 0
18 75.6000 -2284.9976 1092.2057 0 0 -1.9635 2 0
18 75.6000 -2288.5879 1100.8930 0 0 -1.9635 2 0
19 75.6000 -2301.8807 1081.6493 0 0 5.1507 2 0
24 75.6000 -2307.2617 1093.1530 0 0 -2.0091 2 0
24 75.6000 -2340.4304 1069.2447 0 0 -1.9635 2 0
24 75.6000 -2358.9080 1061.5910 0 0 -1.9635 2 0
24 75.6000 -2380.9759 1062.6247 0 0 -1.9635 2 0
24 75.6000 -2395.8631 1046.2837 0 0 -1.9635 2 0
24 75.6000 -2399.4534 1054.9710 0 0 -1.9635 2 0
20 75.6000 -2409.5548 1038.4252 0 0 5.6792 2 0
24 75.6000 -2420.0023 1045.6459 0 0 -2.5376 2 0
24 75.6000 -2432.8183 1030.9764 0 0 -1.9635 2 0
24 75.6000 -2436.4086 1039.6637 0 0 -1.9635 2 0
24 75.6000 -2451.2959 1023.3227 0 0 -1.9635 2 0
24 75.6000 -2469.7735 1015.6690 0 0 -1.9635 2 0
24 75.6000 -2473.3638 1024.3563 0 0 -1.9635 2 0
24 75.6000 -2488.2511 1008.0153 0 0 -1.9635 2 0
24 75.6000 -2491.8414 1016.7027 0 0 -1.9635 2 0
20 75.6000 -2521.4763 991.2660 0 0 5.4756 2 0
24 75.6000 -2530.2474 1000.4507 0 0 -2.3340 2 0
24 75.6000 -2543.6839 985.0543 0 0 -1.9635 2 0
24 75.6000 -2562.1614 977.4007 0 0 -1.9635 2 0
24 75.6000 -2565.7518 986.0880 0 0 -1.9635 2 0
19 75.6000 -2579.0908 966.8228 0 0 5.1444 2 0
24 75.6000 -2584.3985 978.3605 0 0 -2.0028 2 0
24 75.6000 -2599.1166 962.0933 0 0 -1.9635 2 0
24 75.6000 -2602.7069 970.7806 0 0 -1.9635 2 0
24 75.6000 -2639.6621 955.4733 0 0 -1.9635 2 0
24 75.6000 -2654.5494 939.1323 0 0 -1.9635 2 0
19 75.6000 -2675.5466 927.8552 0 0 4.6225 2 0
17 75.6000 -2674.3965 940.5030 0 0 -1.4809 2 0
17 75.6000 -2691.5046 923.8250 0 0 -1.9635 2 0
19 75.6000 -2699.6644 933.0154 0 0 2.4916 2 0
20 75.6000 -2718.3584 925.0635 0 0 2.5376 2 0
18 75.6000 -2728.4598 908.5176 0 0 -1.9635 2 0
17 75.6000 -2732.0501 917.2050 0 0 -1.9635 2 0
17 75.6000 -2746.9373 900.8640 0 0 -1.9635 2 0
17 75.6000 -2765.4149 893.2103 0 0 -1.9635 2 0
18 75.6000 -2769.0052 901.8976 0 0 -1.9635 2 0
19 75.6000 -2792.0375 894.7664 0 0 2.4885 2 0
17 75.6000 -2802.3701 877.9029 0 0 -1.9635 2 0
20 75.6000 -2828.1679 880.3786 0 0 2.3340 2 0
20 75.6000 -2846.0331 873.2532 0 0 2.2328 2 0
18 75.6000 -2876.2805 847.2883 0 0 -1.9635 2 0
18 75.6000 -2879.8708 855.9756 0 0 -1.9635 2 0
17 75.6000 -2894.7581 839.6346 0 0 -1.9635 2 0
17 75.6000 -2935.3035 833.0146 0 0 -1.9635 2 0
18 75.6000 -2987.1460 801.3662 0 0 -1.9635 2 0
17 75.6000 -3005.6236 793.7126 0 0 -1.9635 2 0
18 75.6000 -3027.6915 794.7462 0 0 -1.9635 2 0
18 75.6000 -3042.5788 778.4052 0 0 -1.9635 2 0
17 75.6000 -3046.1691 787.0926 0 0 -1.9635 2 0
18 75.6000 -3061.0564 770.7516 0 0 -1.9635 2 0
18 75.6000 -3064.6467 779.4389 0 0 -1.9635 2 0
18 75.6000 -3083.1243 771.7852 0 0 -1.9635 2 0
18 75.6000 -3098.0116 755.4442 0 0 -1.9635 2 0
18 75.6000 -3101.6019 764.1315 0 0 -1.9635 2 0
20 75.6000 -3113.1010 746.0405 0 0 5.4180 2 0
18 75.6000 -3138.5428 724.7777 0 0 -3.1416 2 0
18 75.6000 -3147.9428 724.7852 0 0 -3.1416 2 0
17 75.6000 -3139.1106 703.4547 0 0 -3.9270 2 0
20 75.6000 -3116.8666 691.3691 0 0 4.8274 2 0
17 75.6000 -3103.0933 710.1012 0 0 -5.4978 2 0
20 75.6000 -3092.9795 702.5497 0 0 5.7275 2 0
17 75.6000 -3060.4344 710.0962 0 0 -3.9270 2 0
17 75.6000 -3067.0865 703.4547 0 0 -3.9270 2 0
17 75.6000 -3046.2923 695.9540 0 0 -3.9270 2 0
17 75.6000 -3052.9444 689.3125 0 0 -3.9270 2 0
18 75.4000 -3032.1502 681.8119 0 0 -3.9270 2 0
18 75.4000 -3038.8023 675.1704 0 0 -3.9270 2 0
17 77.0000 -3022.2478 659.7387 0 0 -4.5175 2 0
18 78.6000 -3003.8659 653.5276 0 0 -3.9270 2 0
18 78.6000 -3008.0627 645.5883 0 0 -4.5268 2 0
18 81.8000 -2974.3568 623.0970 0 0 -3.3949 2 0
17 81.8000 -2983.4586 620.7482 0 0 -3.3949 2 0
18 83.4000 -2968.0916 604.4597 0 0 -3.9270 2 0
17 85.0000 -2946.2991 595.4797 0 0 -3.5449 2 0
17 85.0000 -2954.9477 591.7970 0 0 -3.5449 2 0
24 86.6000 -2932.3613 581.7581 0 0 -3.6445 2 0
24 88.2000 -2925.6651 562.0333 0 0 -3.9270 2 0
24 89.8000 -2904.8709 554.5327 0 0 -3.9270 2 0
24 89.8000 -2911.5230 547.8912 0 0 -3.9270 2 0
24 91.4000 -2890.9540 540.6018 0 0 -3.9927 2 0
24 91.4000 -2897.1556 533.5378 0 0 -3.9927 2 0
24 91.6000 -2876.5866 526.2484 0 0 -3.9270 2 0
20 91.6000 -2872.7015 504.7904 0 0 3.6653 2 0
24 91.6000 -2848.3024 497.9642 0 0 -3.9270 2 0
24 91.6000 -2854.9545 491.3227 0 0 -3.9270 2 0
24 91.6000 -2840.8123 477.1805 0 0 -3.9270 2 0
24 91.6000 -2820.0181 469.6799 0 0 -3.9270 2 0
19 91.6000 -2807.5615 460.0470 0 0 7.6483 2 0
24 91.6000 -2791.7338 441.3956 0 0 -3.9270 2 0
24 91.6000 -2798.3859 434.7541 0 0 -3.9270 2 0
24 91.6000 -2777.5917 427.2535 0 0 -3.9270 2 0
24 91.6000 -2784.2438 420.6120 0 0 -3.9270 2 0
24 91.6000 -2770.1016 406.4699 0 0 -3.9270 2 0
24 91.6000 -2749.3074 398.9693 0 0 -3.9270 2 0
24 91.6000 -2741.8174 378.1856 0 0 -3.9270 2 0
24 91.6000 -2713.5331 349.9013 0 0 -3.9270 2 0
24 91.6000 -2692.7388 342.4007 0 0 -3.9270 2 0
25 87.6000 -2688.2805 346.8519 0 0 -3.9270 2 0
24 91.6000 -2699.3909 335.7592 0 0 -3.9270 2 0
