bkgfile bmp/bkg2 60
clfactors 1.0 0.95 1.0
traffic 5 20
objtypes 29
data/steer.geo data/steer.col data/noref.ref data/nocl.cld
data/speed.geo data/speed.col data/noref.ref data/nocl.cld
data/dmod.geo data/dmod.col data/noref.ref data/nocl.cld
data/roads.geo data/road.col data/roads.ref data/road.cld
data/roadlw.geo data/road.col data/roadlw.ref data/road.cld
data/roadln.geo data/road.col data/roadln.ref data/road.cld
data/roadrw.geo data/road.col data/roadrw.ref data/road.cld
data/roadrn.geo data/road.col data/roadrn.ref data/road.cld
data/road25.geo data/road.col data/road25.ref data/road.cld
data/road50.geo data/road.col data/road50.ref data/road.cld
data/road75.geo data/road.col data/road75.ref data/road.cld
data/tunnb.geo data/tunnb.col data/roads.ref data/tunnb.cld
data/tunn.geo data/tunn.col data/roads.ref data/tunn.cld
data/bridgec.geo data/bridgec.col data/road75.ref data/nocl.cld
data/bridges.geo data/bridges.col data/roads.ref data/nocl.cld
data/start.geo data/start.col data/noref.ref data/nocl.cld
data/tree1.geo data/tree1.col data/noref.ref data/tree.cld
data/tree2.geo data/tree2.col data/noref.ref data/tree.cld
data/house1.geo data/house1.col data/noref.ref data/house.cld
data/house2.geo data/house2.col data/noref.ref data/house.cld
data/trs.geo data/trs.col data/noref.ref data/nocl.cld
data/wind.geo data/wind.col data/noref.ref data/nocl.cld
data/prop.geo data/prop.col data/noref.ref data/nocl.cld
data/light.geo data/light.col data/noref.ref data/nocl.cld
data/glider.geo data/glider.col data/noref.ref data/nocl.cld
data/car1.geo data/car1.col data/noref.ref data/nocl.cld
data/car2.geo data/car2.col data/noref.ref data/nocl.cld
data/car3.geo data/car3.col data/noref.ref data/nocl.cld
data/bridgescl.geo data/bridges.col data/road75.ref data/nocl.cld
objects 603
1 -1 0 1 0 0 0 0 0
2 -0.76 -0.60 1 0 0 0 0 0
3 -0.70 0.55 1 0 0 0 0 0
16 -1.20 0 10 0 0 0 2 0
21 -1.2000 0.0000 0.0000 0 0 3.1416 5 0
4 -1.2000 0.0000 0.0000 0 0 -0.0000 1 0
4 -1.2000 0.0000 10.0000 0 0 -0.0000 1 0
4 -1.2000 0.0000 20.0000 0 0 -0.0000 1 0
4 -1.2000 0.0000 30.0000 0 0 -0.0000 1 0
4 -1.2000 0.0000 40.0000 0 0 -0.0000 1 0
5 -1.2000 0.0000 50.0000 0 0 -0.0000 1 0
5 -1.2000 -1.9383 59.7448 0 0 0.3927 1 0
5 -1.2000 -7.4582 68.0061 0 0 0.7854 1 0
4 -1.2000 -15.7194 73.5261 0 0 1.1781 1 0
4 -1.2000 -24.9582 77.3529 0 0 1.1781 1 0
4 -1.2000 -34.1970 81.1798 0 0 1.1781 1 0
4 -1.2000 -43.4358 85.0066 0 0 1.1781 1 0
4 -1.2000 -52.6746 88.8334 0 0 1.1781 1 0
4 -1.2000 -61.9134 92.6603 0 0 1.1781 1 0
4 -1.2000 -71.1522 96.4871 0 0 1.1781 1 0
4 -1.2000 -80.3910 100.3139 0 0 1.1781 1 0
4 -1.2000 -89.6298 104.1408 0 0 1.1781 1 0
4 -1.2000 -98.8686 107.9676 0 0 1.1781 1 0
4 -1.2000 -108.1074 111.7944 0 0 1.1781 1 0
4 -1.2000 -117.3462 115.6213 0 0 1.1781 1 0
4 -1.2000 -126.5850 119.4481 0 0 1.1781 1 0
4 -1.2000 -135.8238 123.2749 0 0 1.1781 1 0
4 -1.2000 -145.0626 127.1018 0 0 1.1781 1 0
7 -1.2000 -154.3014 130.9286 0 0 1.1781 1 0
7 -1.2000 -162.5626 136.4485 0 0 0.7854 1 0
7 -1.2000 -168.0827 144.7097 0 0 0.3927 1 0
7 -1.2000 -170.0211 154.4545 0 0 0.0000 1 0
4 -1.2000 -168.0828 164.1993 0 0 -0.3927 1 0
4 -1.2000 -164.2559 173.4381 0 0 -0.3927 1 0
4 -1.2000 -160.4291 182.6769 0 0 -0.3927 1 0
4 -1.2000 -156.6023 191.9157 0 0 -0.3927 1 0
4 -1.2000 -152.7754 201.1545 0 0 -0.3927 1 0
4 -1.2000 -148.9486 210.3933 0 0 -0.3927 1 0
4 -1.2000 -145.1218 219.6321 0 0 -0.3927 1 0
4 -1.2000 -141.2949 228.8709 0 0 -0.3927 1 0
4 -1.2000 -137.4681 238.1097 0 0 -0.3927 1 0
4 -1.2000 -133.6413 247.3485 0 0 -0.3927 1 0
4 -1.2000 -129.8144 256.5873 0 0 -0.3927 1 0
14 -1.2000 -125.9876 265.8261 0 0 -0.3927 1 0
29 1.2000 -122.1608 275.0648 0 0 -0.3927 1 0
29 3.6000 -118.3339 284.3036 0 0 -0.3927 1 0
15 6.0000 -114.5071 293.5424 0 0 -0.3927 1 0
15 6.0000 -110.6803 302.7812 0 0 -0.3927 1 0
29 3.6000 -103.0266 321.2588 0 0 2.7489 1 0
29 1.2000 -99.1998 330.4976 0 0 2.7489 1 0
14 -1.2000 -95.3729 339.7364 0 0 2.7489 1 0
4 -1.2000 -95.3729 339.7364 0 0 -0.3927 1 0
7 -1.2000 -91.5461 348.9752 0 0 -0.3927 1 0
7 -1.2000 -86.0262 357.2365 0 0 -0.7854 1 0
7 -1.2000 -77.7650 362.7565 0 0 -1.1781 1 0
7 -1.2000 -68.0202 364.6949 0 0 -1.5708 1 0
4 -1.2000 -58.2754 362.7566 0 0 -1.9635 1 0
4 -1.2000 -49.0366 358.9298 0 0 -1.9635 1 0
4 -1.2000 -39.7978 355.1030 0 0 -1.9635 1 0
4 -1.2000 -30.5590 351.2761 0 0 -1.9635 1 0
4 -1.2000 -21.3202 347.4493 0 0 -1.9635 1 0
4 -1.2000 -12.0814 343.6224 0 0 -1.9635 1 0
4 -1.2000 -2.8426 339.7956 0 0 -1.9635 1 0
4 -1.2000 6.3962 335.9688 0 0 -1.9635 1 0
4 -1.2000 15.6350 332.1419 0 0 -1.9635 1 0
4 -1.2000 24.8738 328.3151 0 0 -1.9635 1 0
4 -1.2000 34.1126 324.4883 0 0 -1.9635 1 0
4 -1.2000 43.3514 320.6614 0 0 -1.9635 1 0
4 -1.2000 52.5902 316.8346 0 0 -1.9635 1 0
4 -1.2000 61.8290 313.0078 0 0 -1.9635 1 0
9 -2.0000 80.3065 305.3541 0 0 1.1781 1 0
10 -3.6000 89.5453 301.5273 0 0 1.1781 1 0
9 -4.4000 98.7841 297.7004 0 0 1.1781 1 0
4 -4.4000 98.7841 297.7004 0 0 -1.9635 1 0
7 -4.4000 108.0229 293.8736 0 0 -1.9635 1 0
7 -4.4000 116.2842 288.3537 0 0 -2.3562 1 0
7 -4.4000 121.8042 280.0925 0 0 -2.7489 1 0
7 -4.4000 123.7426 270.3477 0 0 -3.1416 1 0
4 -4.4000 121.8043 260.6029 0 0 -3.5343 1 0
4 -4.4000 117.9775 251.3641 0 0 -3.5343 1 0
7 -4.4000 114.1507 242.1253 0 0 -3.5343 1 0
7 -4.4000 108.6307 233.8640 0 0 -3.9270 1 0
7 -4.4000 100.3695 228.3440 0 0 -4.3197 1 0
7 -4.4000 90.6248 226.4056 0 0 -4.7124 1 0
4 -4.4000 80.8800 228.3439 0 0 -5.1051 1 0
12 -4.4000 71.6412 232.1707 0 0 -5.1051 1 0
13 -4.4000 62.4024 235.9976 0 0 -5.1051 1 0
13 -4.4000 53.1636 239.8244 0 0 -5.1051 1 0
13 -4.4000 43.9248 243.6512 0 0 -5.1051 1 0
13 -4.4000 34.6860 247.4781 0 0 -5.1051 1 0
13 -4.4000 25.4472 251.3049 0 0 -5.1051 1 0
13 -4.4000 16.2084 255.1317 0 0 -5.1051 1 0
13 -4.4000 6.9696 258.9586 0 0 -5.1051 1 0
13 -4.4000 -2.2692 262.7854 0 0 -5.1051 1 0
13 -4.4000 -11.5080 266.6123 0 0 -5.1051 1 0
13 -4.4000 -20.7468 270.4391 0 0 -5.1051 1 0
13 -4.4000 -29.9856 274.2659 0 0 -5.1051 1 0
13 -4.4000 -39.2244 278.0928 0 0 -5.1051 1 0
13 -4.4000 -48.4632 281.9196 0 0 -5.1051 1 0
13 -4.4000 -57.7020 285.7464 0 0 -5.1051 1 0
13 -4.4000 -66.9408 289.5733 0 0 -5.1051 1 0
13 -4.4000 -76.1795 293.4001 0 0 -5.1051 1 0
13 -4.4000 -85.4183 297.2269 0 0 -5.1051 1 0
13 -4.4000 -94.6571 301.0538 0 0 -5.1051 1 0
13 -4.4000 -103.8959 304.8806 0 0 -5.1051 1 0
13 -4.4000 -113.1347 308.7075 0 0 -5.1051 1 0
13 -4.4000 -122.3735 312.5343 0 0 -5.1051 1 0
13 -4.4000 -131.6123 316.3611 0 0 -5.1051 1 0
13 -4.4000 -140.8511 320.1880 0 0 -5.1051 1 0
13 -4.4000 -150.0899 324.0148 0 0 -5.1051 1 0
13 -4.4000 -159.3287 327.8416 0 0 -5.1051 1 0
13 -4.4000 -168.5675 331.6685 0 0 -5.1051 1 0
12 -4.4000 -187.0451 339.3221 0 0 -1.9635 1 0
4 -4.4000 -187.0451 339.3221 0 0 -5.1051 1 0
4 -4.4000 -196.2839 343.1490 0 0 -5.1051 1 0
4 -4.4000 -205.5227 346.9758 0 0 -5.1051 1 0
4 -4.4000 -214.7615 350.8027 0 0 -5.1051 1 0
4 -4.4000 -224.0003 354.6295 0 0 -5.1051 1 0
4 -4.4000 -233.2391 358.4563 0 0 -5.1051 1 0
4 -4.4000 -242.4778 362.2832 0 0 -5.1051 1 0
4 -4.4000 -251.7166 366.1100 0 0 -5.1051 1 0
4 -4.4000 -260.9554 369.9368 0 0 -5.1051 1 0
4 -4.4000 -270.1942 373.7637 0 0 -5.1051 1 0
4 -4.4000 -279.4330 377.5905 0 0 -5.1051 1 0
4 -4.4000 -288.6718 381.4173 0 0 -5.1051 1 0
4 -4.4000 -297.9106 385.2442 0 0 -5.1051 1 0
4 -4.4000 -307.1494 389.0710 0 0 -5.1051 1 0
4 -4.4000 -316.3882 392.8979 0 0 -5.1051 1 0
4 -4.4000 -325.6270 396.7247 0 0 -5.1051 1 0
4 -4.4000 -334.8658 400.5515 0 0 -5.1051 1 0
4 -4.4000 -344.1046 404.3784 0 0 -5.1051 1 0
4 -4.4000 -353.3434 408.2052 0 0 -5.1051 1 0
4 -4.4000 -362.5822 412.0320 0 0 -5.1051 1 0
9 -4.4000 -371.8210 415.8589 0 0 -5.1051 1 0
10 -3.6000 -381.0598 419.6857 0 0 -5.1051 1 0
11 -2.0000 -390.2986 423.5126 0 0 -5.1051 1 0
11 0.4000 -399.5374 427.3394 0 0 -5.1051 1 0
11 2.8000 -408.7761 431.1662 0 0 -5.1051 1 0
11 5.2000 -418.0149 434.9931 0 0 -5.1051 1 0
11 7.6000 -427.2537 438.8199 0 0 -5.1051 1 0
11 10.0000 -436.4925 442.6467 0 0 -5.1051 1 0
11 12.4000 -445.7313 446.4736 0 0 -5.1051 1 0
11 14.8000 -454.9701 450.3004 0 0 -5.1051 1 0
11 17.2000 -464.2089 454.1272 0 0 -5.1051 1 0
11 19.6000 -473.4477 457.9541 0 0 -5.1051 1 0
11 22.0000 -482.6865 461.7809 0 0 -5.1051 1 0
11 24.4000 -491.9253 465.6078 0 0 -5.1051 1 0
11 26.8000 -501.1641 469.4346 0 0 -5.1051 1 0
11 29.2000 -510.4029 473.2614 0 0 -5.1051 1 0
11 31.6000 -519.6417 477.0883 0 0 -5.1051 1 0
10 34.0000 -528.8805 480.9151 0 0 -5.1051 1 0
9 35.6000 -538.1193 484.7419 0 0 -5.1051 1 0
4 36.4000 -547.3581 488.5688 0 0 -5.1051 1 0
4 36.4000 -556.5969 492.3956 0 0 -5.1051 1 0
5 36.4000 -565.8357 496.2224 0 0 -5.1051 1 0
5 36.4000 -575.5804 498.1609 0 0 -4.7124 1 0
5 36.4000 -585.3252 496.2226 0 0 -4.3197 1 0
5 36.4000 -593.5865 490.7026 0 0 -3.9270 1 0
5 36.4000 -599.1065 482.4414 0 0 -3.5343 1 0
5 36.4000 -601.0449 472.6967 0 0 -3.1416 1 0
5 36.4000 -599.1066 462.9519 0 0 -2.7489 1 0
5 36.4000 -593.5867 454.6906 0 0 -2.3562 1 0
4 36.4000 -585.3255 449.1706 0 0 -1.9635 1 0
4 36.4000 -576.0867 445.3437 0 0 -1.9635 1 0
9 35.6000 -557.6091 437.6901 0 0 1.1781 1 0
10 34.0000 -548.3703 433.8632 0 0 1.1781 1 0
11 31.6000 -539.1315 430.0364 0 0 1.1781 1 0
11 29.2000 -529.8927 426.2096 0 0 1.1781 1 0
11 26.8000 -520.6540 422.3827 0 0 1.1781 1 0
11 24.4000 -511.4152 418.5559 0 0 1.1781 1 0
11 22.0000 -502.1764 414.7291 0 0 1.1781 1 0
11 19.6000 -492.9376 410.9022 0 0 1.1781 1 0
11 17.2000 -483.6988 407.0754 0 0 1.1781 1 0
11 14.8000 -474.4600 403.2485 0 0 1.1781 1 0
11 12.4000 -465.2212 399.4217 0 0 1.1781 1 0
11 10.0000 -455.9824 395.5949 0 0 1.1781 1 0
11 7.6000 -446.7436 391.7680 0 0 1.1781 1 0
11 5.2000 -437.5048 387.9412 0 0 1.1781 1 0
11 2.8000 -428.2660 384.1144 0 0 1.1781 1 0
11 0.4000 -419.0272 380.2875 0 0 1.1781 1 0
11 -2.0000 -409.7884 376.4607 0 0 1.1781 1 0
10 -3.6000 -400.5496 372.6339 0 0 1.1781 1 0
9 -4.4000 -391.3108 368.8070 0 0 1.1781 1 0
4 -4.4000 -391.3108 368.8070 0 0 -1.9635 1 0
4 -4.4000 -382.0720 364.9802 0 0 -1.9635 1 0
4 -4.4000 -372.8332 361.1534 0 0 -1.9635 1 0
4 -4.4000 -363.5944 357.3265 0 0 -1.9635 1 0
4 -4.4000 -354.3556 353.4997 0 0 -1.9635 1 0
4 -4.4000 -345.1168 349.6729 0 0 -1.9635 1 0
4 -4.4000 -335.8781 345.8460 0 0 -1.9635 1 0
4 -4.4000 -326.6393 342.0192 0 0 -1.9635 1 0
4 -4.4000 -317.4005 338.1923 0 0 -1.9635 1 0
4 -4.4000 -308.1617 334.3655 0 0 -1.9635 1 0
4 -4.4000 -298.9229 330.5387 0 0 -1.9635 1 0
4 -4.4000 -289.6841 326.7118 0 0 -1.9635 1 0
4 -4.4000 -280.4453 322.8850 0 0 -1.9635 1 0
4 -4.4000 -271.2065 319.0582 0 0 -1.9635 1 0
4 -4.4000 -261.9677 315.2313 0 0 -1.9635 1 0
4 -4.4000 -252.7289 311.4045 0 0 -1.9635 1 0
4 -4.4000 -243.4901 307.5777 0 0 -1.9635 1 0
4 -4.4000 -234.2513 303.7508 0 0 -1.9635 1 0
4 -4.4000 -225.0125 299.9240 0 0 -1.9635 1 0
4 -4.4000 -215.7737 296.0972 0 0 -1.9635 1 0
7 -4.4000 -206.5349 292.2703 0 0 -1.9635 1 0
7 -4.4000 -198.2737 286.7504 0 0 -2.3562 1 0
4 -4.4000 -192.7536 278.4892 0 0 -2.7489 1 0
4 -4.4000 -188.9268 269.2504 0 0 -2.7489 1 0
7 -4.4000 -185.1000 260.0116 0 0 -2.7489 1 0
7 -4.4000 -183.1615 250.2668 0 0 -3.1416 1 0
7 -4.4000 -185.0998 240.5220 0 0 -3.5343 1 0
7 -4.4000 -190.6198 232.2608 0 0 -3.9270 1 0
7 -4.4000 -198.8810 226.7407 0 0 -4.3197 1 0
7 -4.4000 -208.6258 224.8023 0 0 -4.7124 1 0
7 -4.4000 -218.3706 226.7406 0 0 -5.1051 1 0
7 -4.4000 -226.6318 232.2606 0 0 -5.4978 1 0
7 -4.4000 -232.1518 240.5218 0 0 -5.8905 1 0
9 -4.4000 -234.0903 250.2665 0 0 -6.2832 1 0
9 -3.6000 -234.0903 260.2665 0 0 -6.2832 1 0
9 -2.8000 -234.0903 270.2665 0 0 -6.2832 1 0
14 -2.0000 -234.0903 280.2665 0 0 -6.2832 1 0
29 0.4000 -234.0903 290.2665 0 0 -6.2832 1 0
29 2.8000 -234.0902 300.2665 0 0 -6.2832 1 0
15 5.2000 -234.0902 310.2665 0 0 -6.2832 1 0
15 5.2000 -234.0902 320.2665 0 0 -6.2832 1 0
15 5.2000 -234.0902 330.2665 0 0 -6.2832 1 0
15 5.2000 -234.0902 340.2665 0 0 -6.2832 1 0
29 2.8000 -234.0902 360.2665 0 0 -3.1416 1 0
29 0.4000 -234.0902 370.2665 0 0 -3.1416 1 0
14 -2.0000 -234.0902 380.2665 0 0 -3.1416 1 0
9 -2.8000 -234.0902 390.2665 0 0 -3.1416 1 0
9 -3.6000 -234.0902 400.2665 0 0 -3.1416 1 0
9 -4.4000 -234.0902 410.2665 0 0 -3.1416 1 0
4 -4.4000 -234.0902 410.2665 0 0 -6.2832 1 0
4 -4.4000 -234.0902 420.2665 0 0 -6.2832 1 0
4 -4.4000 -234.0902 430.2665 0 0 -6.2832 1 0
4 -4.4000 -234.0902 440.2665 0 0 -6.2832 1 0
4 -4.4000 -234.0902 450.2665 0 0 -6.2832 1 0
4 -4.4000 -234.0902 460.2665 0 0 -6.2832 1 0
4 -4.4000 -234.0902 470.2665 0 0 -6.2832 1 0
4 -4.4000 -234.0902 480.2665 0 0 -6.2832 1 0
4 -4.4000 -234.0902 490.2665 0 0 -6.2832 1 0
4 -4.4000 -234.0902 500.2665 0 0 -6.2832 1 0
4 -4.4000 -234.0902 510.2665 0 0 -6.2832 1 0
4 -4.4000 -234.0902 520.2665 0 0 -6.2832 1 0
4 -4.4000 -234.0902 530.2665 0 0 -6.2832 1 0
4 -4.4000 -234.0902 540.2665 0 0 -6.2832 1 0
4 -4.4000 -234.0902 550.2665 0 0 -6.2832 1 0
4 -4.4000 -234.0902 560.2665 0 0 -6.2832 1 0
4 -4.4000 -234.0902 570.2665 0 0 -6.2832 1 0
4 -4.4000 -234.0902 580.2665 0 0 -6.2832 1 0
4 -4.4000 -234.0902 590.2665 0 0 -6.2832 1 0
4 -4.4000 -234.0902 600.2665 0 0 -6.2832 1 0
4 -4.4000 -234.0902 610.2665 0 0 -6.2832 1 0
4 -4.4000 -234.0902 620.2665 0 0 -6.2832 1 0
4 -4.4000 -234.0902 630.2665 0 0 -6.2832 1 0
4 -4.4000 -234.0901 640.2665 0 0 -6.2832 1 0
4 -4.4000 -234.0901 650.2665 0 0 -6.2832 1 0
4 -4.4000 -234.0901 660.2665 0 0 -6.2832 1 0
4 -4.4000 -234.0901 670.2665 0 0 -6.2832 1 0
4 -4.4000 -234.0901 680.2665 0 0 -6.2832 1 0
4 -4.4000 -234.0901 690.2665 0 0 -6.2832 1 0
4 -4.4000 -234.0901 700.2665 0 0 -6.2832 1 0
9 -4.4000 -234.0901 710.2665 0 0 -6.2832 1 0
10 -3.6000 -234.0901 720.2665 0 0 -6.2832 1 0
11 -2.0000 -234.0901 730.2665 0 0 -6.2832 1 0
10 0.4000 -234.0901 740.2665 0 0 -6.2832 1 0
9 2.0000 -234.0901 750.2665 0 0 -6.2832 1 0
4 2.8000 -234.0901 760.2665 0 0 -6.2832 1 0
9 2.0000 -234.0901 780.2665 0 0 -3.1416 1 0
10 0.4000 -234.0901 790.2665 0 0 -3.1416 1 0
11 -2.0000 -234.0901 800.2665 0 0 -3.1416 1 0
10 -3.6000 -234.0901 810.2665 0 0 -3.1416 1 0
9 -4.4000 -234.0901 820.2665 0 0 -3.1416 1 0
4 -4.4000 -234.0901 820.2665 0 0 -6.2832 1 0
9 -4.4000 -234.0901 830.2665 0 0 -6.2832 1 0
10 -3.6000 -234.0901 840.2665 0 0 -6.2832 1 0
11 -2.0000 -234.0901 850.2665 0 0 -6.2832 1 0
10 0.4000 -234.0901 860.2665 0 0 -6.2832 1 0
9 2.0000 -234.0901 870.2665 0 0 -6.2832 1 0
4 2.8000 -234.0901 880.2665 0 0 -6.2832 1 0
9 2.0000 -234.0901 900.2665 0 0 -3.1416 1 0
10 0.4000 -234.0901 910.2665 0 0 -3.1416 1 0
11 -2.0000 -234.0901 920.2665 0 0 -3.1416 1 0
10 -3.6000 -234.0901 930.2665 0 0 -3.1416 1 0
9 -4.4000 -234.0901 940.2665 0 0 -3.1416 1 0
4 -4.4000 -234.0901 940.2665 0 0 -6.2832 1 0
9 -4.4000 -234.0901 950.2665 0 0 -6.2832 1 0
10 -3.6000 -234.0901 960.2665 0 0 -6.2832 1 0
11 -2.0000 -234.0901 970.2665 0 0 -6.2832 1 0
10 0.4000 -234.0900 980.2665 0 0 -6.2832 1 0
9 2.0000 -234.0900 990.2665 0 0 -6.2832 1 0
4 2.8000 -234.0900 1000.2665 0 0 -6.2832 1 0
9 2.0000 -234.0900 1020.2665 0 0 -3.1416 1 0
10 0.4000 -234.0900 1030.2665 0 0 -3.1416 1 0
11 -2.0000 -234.0900 1040.2665 0 0 -3.1416 1 0
10 -3.6000 -234.0900 1050.2665 0 0 -3.1416 1 0
9 -4.4000 -234.0900 1060.2665 0 0 -3.1416 1 0
4 -4.4000 -234.0900 1060.2665 0 0 -6.2832 1 0
4 -4.4000 -234.0900 1070.2665 0 0 -6.2832 1 0
4 -4.4000 -234.0900 1080.2665 0 0 -6.2832 1 0
4 -4.4000 -234.0900 1090.2665 0 0 -6.2832 1 0
4 -4.4000 -234.0900 1100.2665 0 0 -6.2832 1 0
4 -4.4000 -234.0900 1110.2665 0 0 -6.2832 1 0
4 -4.4000 -234.0900 1120.2665 0 0 -6.2832 1 0
4 -4.4000 -234.0900 1130.2665 0 0 -6.2832 1 0
4 -4.4000 -234.0900 1140.2665 0 0 -6.2832 1 0
4 -4.4000 -234.0900 1150.2665 0 0 -6.2832 1 0
4 -4.4000 -234.0900 1160.2665 0 0 -6.2832 1 0
4 -4.4000 -234.0900 1170.2665 0 0 -6.2832 1 0
4 -4.4000 -234.0900 1180.2665 0 0 -6.2832 1 0
4 -4.4000 -234.0900 1190.2665 0 0 -6.2832 1 0
7 -4.4000 -234.0900 1200.2665 0 0 -6.2832 1 0
7 -4.4000 -232.1517 1210.0113 0 0 -6.6759 1 0
4 -4.4000 -226.6318 1218.2726 0 0 -7.0686 1 0
4 -4.4000 -219.5607 1225.3437 0 0 -7.0686 1 0
4 -4.4000 -212.4896 1232.4147 0 0 -7.0686 1 0
6 -4.4000 -205.4185 1239.4858 0 0 -7.0686 1 0
4 -4.4000 -201.6893 1248.4889 0 0 -6.2832 1 0
4 -4.4000 -201.6893 1258.4889 0 0 -6.2832 1 0
4 -4.4000 -201.6893 1268.4889 0 0 -6.2832 1 0
4 -4.4000 -201.6893 1278.4889 0 0 -6.2832 1 0
4 -4.4000 -201.6893 1288.4889 0 0 -6.2832 1 0
4 -4.4000 -201.6893 1298.4889 0 0 -6.2832 1 0
4 -4.4000 -201.6893 1308.4889 0 0 -6.2832 1 0
4 -4.4000 -201.6893 1318.4889 0 0 -6.2832 1 0
4 -4.4000 -201.6893 1328.4889 0 0 -6.2832 1 0
4 -4.4000 -201.6893 1338.4889 0 0 -6.2832 1 0
7 -4.4000 -201.6893 1348.4889 0 0 -6.2832 1 0
7 -4.4000 -199.7510 1358.2337 0 0 -6.6759 1 0
7 -4.4000 -194.2311 1366.4949 0 0 -7.0686 1 0
7 -4.4000 -185.9699 1372.0150 0 0 -7.4613 1 0
7 -4.4000 -176.2251 1373.9534 0 0 -7.8540 1 0
7 -4.4000 -166.4803 1372.0151 0 0 -8.2467 1 0
7 -4.4000 -158.2190 1366.4952 0 0 -8.6394 1 0
7 -4.4000 -152.6990 1358.2340 0 0 -9.0321 1 0
9 -4.4000 -150.7606 1348.4892 0 0 -9.4248 1 0
9 -3.6000 -150.7606 1338.4892 0 0 -9.4248 1 0
9 -2.8000 -150.7606 1328.4892 0 0 -9.4248 1 0
9 -2.0000 -150.7606 1318.4892 0 0 -9.4248 1 0
8 -1.2000 -150.7606 1308.4892 0 0 -9.4248 1 0
8 -1.2000 -154.4898 1299.4861 0 0 -10.2102 1 0
8 -1.2000 -163.4929 1295.7569 0 0 -10.9956 1 0
8 -1.2000 -172.4960 1299.4861 0 0 -11.7810 1 0
9 -1.2000 -176.2252 1308.4892 0 0 -12.5664 1 0
9 -0.4000 -176.2252 1318.4892 0 0 -12.5664 1 0
9 0.4000 -176.2252 1328.4892 0 0 -12.5664 1 0
9 1.2000 -176.2252 1338.4892 0 0 -12.5664 1 0
14 2.0000 -176.2252 1348.4892 0 0 -12.5664 1 0
29 4.4000 -176.2252 1358.4892 0 0 -12.5664 1 0
15 6.8000 -176.2252 1368.4892 0 0 -12.5664 1 0
15 6.8000 -176.2252 1378.4892 0 0 -12.5664 1 0
15 6.8000 -176.2252 1388.4892 0 0 -12.5664 1 0
15 6.8000 -176.2252 1398.4892 0 0 -12.5664 1 0
15 6.8000 -176.2251 1408.4892 0 0 -12.5664 1 0
15 6.8000 -176.2251 1418.4892 0 0 -12.5664 1 0
29 4.4000 -176.2251 1438.4892 0 0 -9.4248 1 0
14 2.0000 -176.2251 1448.4892 0 0 -9.4248 1 0
4 2.0000 -176.2251 1448.4892 0 0 -12.5664 1 0
4 2.0000 -176.2251 1458.4892 0 0 -12.5664 1 0
4 2.0000 -176.2251 1468.4892 0 0 -12.5664 1 0
4 2.0000 -176.2251 1478.4892 0 0 -12.5664 1 0
4 2.0000 -176.2251 1488.4892 0 0 -12.5664 1 0
4 2.0000 -176.2251 1498.4892 0 0 -12.5664 1 0
4 2.0000 -176.2251 1508.4892 0 0 -12.5664 1 0
21 2.0000 -176.2251 1518.4892 0 0 -12.5664 5 0
16 2.0000 -176.2251 1508.4892 0 0 -12.5664 2 0
17 -1.2000 -4.7000 40.0037 0 0 0.0000 2 0
18 -1.2000 4.7000 39.9963 0 0 0.0000 2 0
19 -1.2000 -6.0971 58.0260 0 0 3.5343 2 0
17 -1.2000 -17.5215 69.1853 0 0 -1.1781 2 0
18 -1.2000 -35.9991 76.8390 0 0 -1.1781 2 0
18 -1.2000 -32.3950 85.5206 0 0 -1.1781 2 0
17 -1.2000 -54.4767 84.4926 0 0 -1.1781 2 0
17 -1.2000 -50.8725 93.1742 0 0 -1.1781 2 0
18 -1.2000 -72.9543 92.1463 0 0 -1.1781 2 0
17 -1.2000 -69.3501 100.8279 0 0 -1.1781 2 0
17 -1.2000 -87.8277 108.4816 0 0 -1.1781 2 0
17 -1.2000 -109.9095 107.4536 0 0 -1.1781 2 0
18 -1.2000 -106.3053 116.1352 0 0 -1.1781 2 0
20 -1.2000 -124.8596 123.6042 0 0 1.1781 2 0
18 -1.2000 -146.8646 122.7610 0 0 -1.1781 2 0
18 -1.2000 -143.2605 131.4426 0 0 -1.1781 2 0
17 -1.2000 -165.8887 133.1278 0 0 -0.7854 2 0
18 -1.2000 -159.2366 139.7693 0 0 -0.7854 2 0
17 -1.2000 -174.7211 154.4582 0 0 -0.0000 2 0
17 -1.2000 -165.3211 154.4508 0 0 -0.0000 2 0
18 -1.2000 -168.5967 175.2402 0 0 0.3927 2 0
18 -1.2000 -160.9431 193.7178 0 0 0.3927 2 0
17 -1.2000 -152.2615 190.1136 0 0 0.3927 2 0
17 -1.2000 -153.2894 212.1954 0 0 0.3927 2 0
17 -1.2000 -145.6357 230.6729 0 0 0.3927 2 0
20 -1.2000 -137.1388 227.1455 0 0 -0.3927 2 0
20 -1.2000 -137.7974 249.0738 0 0 2.7489 2 0
18 -1.2000 -129.3005 245.5464 0 0 0.3927 2 0
17 -1.2000 -89.3469 360.5625 0 0 0.7854 2 0
17 -1.2000 -82.7054 353.9104 0 0 0.7854 2 0
17 -1.2000 -68.0164 369.3949 0 0 1.5708 2 0
18 -1.2000 -68.0239 359.9949 0 0 1.5708 2 0
17 -1.2000 -47.2345 363.2706 0 0 1.9635 2 0
18 -1.2000 -50.8387 354.5890 0 0 1.9635 2 0
17 -1.2000 -28.7569 355.6169 0 0 1.9635 2 0
19 -1.2000 -32.2844 347.1200 0 0 -1.9635 2 0
19 -1.2000 -10.3560 347.7785 0 0 1.1781 2 0
17 -1.2000 -13.8835 339.2816 0 0 1.9635 2 0
18 -1.2000 8.1983 340.3096 0 0 1.9635 2 0
17 -1.2000 4.5941 331.6280 0 0 1.9635 2 0
18 -1.2000 26.6758 332.6559 0 0 1.9635 2 0
18 -1.2000 23.0717 323.9743 0 0 1.9635 2 0
17 -1.2000 63.6310 317.3486 0 0 1.9635 2 0
18 -1.2000 60.0269 308.6670 0 0 1.9635 2 0
17 -2.4000 82.1086 309.6949 0 0 1.9635 2 0
18 -4.8000 100.5862 302.0412 0 0 1.9635 2 0
17 -4.8000 96.9821 293.3596 0 0 1.9635 2 0
18 -4.4000 119.6102 291.6744 0 0 2.3562 2 0
18 -4.4000 128.4426 270.3439 0 0 3.1416 2 0
17 -4.4000 119.0426 270.3514 0 0 3.1416 2 0
18 -4.4000 111.9515 230.5380 0 0 3.9270 2 0
17 -4.4000 105.3100 237.1901 0 0 3.9270 2 0
18 -4.4000 90.6210 221.7056 0 0 4.7124 2 0
18 -4.4000 -207.3247 342.6350 0 0 5.1051 2 0
17 -4.4000 -203.7206 351.3166 0 0 5.1051 2 0
17 -4.4000 -225.8023 350.2887 0 0 5.1051 2 0
17 -4.4000 -222.1982 358.9703 0 0 5.1051 2 0
20 -4.4000 -244.2032 358.1271 0 0 -1.9635 2 0
20 -4.4000 -262.6808 365.7808 0 0 -1.9635 2 0
18 -4.4000 -281.2351 373.2497 0 0 5.1051 2 0
17 -4.4000 -277.6310 381.9313 0 0 5.1051 2 0
18 -4.4000 -299.7127 380.9034 0 0 5.1051 2 0
18 -4.4000 -296.1085 389.5850 0 0 5.1051 2 0
17 -4.4000 -318.1903 388.5571 0 0 5.1051 2 0
17 -4.4000 -336.6679 396.2107 0 0 5.1051 2 0
18 -4.4000 -333.0637 404.8923 0 0 5.1051 2 0
18 -4.4000 -355.1454 403.8644 0 0 5.1051 2 0
18 -4.4000 -351.5413 412.5460 0 0 5.1051 2 0
18 -4.6000 -373.6230 411.5181 0 0 5.1051 2 0
18 -4.6000 -370.0189 420.1997 0 0 5.1051 2 0
17 -2.6000 -392.1006 419.1718 0 0 5.1051 2 0
17 -2.6000 -388.4965 427.8533 0 0 5.1051 2 0
18 2.2000 -410.5782 426.8254 0 0 5.1051 2 0
17 2.2000 -406.9741 435.5070 0 0 5.1051 2 0
18 7.0000 -429.0558 434.4791 0 0 5.1051 2 0
18 11.8000 -447.5334 442.1328 0 0 5.1051 2 0
18 11.8000 -443.9293 450.8144 0 0 5.1051 2 0
17 16.6000 -466.0110 449.7864 0 0 5.1051 2 0
18 16.6000 -462.4068 458.4680 0 0 5.1051 2 0
18 21.4000 -484.4886 457.4401 0 0 5.1051 2 0
18 21.4000 -480.8844 466.1217 0 0 5.1051 2 0
18 26.2000 -502.9662 465.0938 0 0 5.1051 2 0
17 26.2000 -499.3620 473.7754 0 0 5.1051 2 0
18 35.0000 -539.9213 480.4011 0 0 5.1051 2 0
18 35.0000 -536.3172 489.0827 0 0 5.1051 2 0
17 36.2000 -558.3989 488.0548 0 0 5.1051 2 0
17 36.2000 -554.7948 496.7364 0 0 5.1051 2 0
17 36.4000 -575.5842 493.4609 0 0 4.7124 2 0
18 36.4000 -575.5767 502.8609 0 0 4.7124 2 0
17 36.4000 -590.2657 487.3766 0 0 3.9270 2 0
20 36.4000 -596.7659 493.8872 0 0 -3.9270 2 0
18 36.4000 -596.3449 472.6929 0 0 3.1416 2 0
18 36.4000 -605.7449 472.7004 0 0 3.1416 2 0
17 36.4000 -590.2607 458.0114 0 0 2.3562 2 0
18 36.4000 -574.2847 449.6845 0 0 1.9635 2 0
17 36.4000 -577.8888 441.0029 0 0 1.9635 2 0
17 35.2000 -559.4112 433.3493 0 0 1.9635 2 0
18 31.0000 -537.3295 434.3772 0 0 1.9635 2 0
17 31.0000 -540.9336 425.6956 0 0 1.9635 2 0
17 26.2000 -522.4560 418.0419 0 0 1.9635 2 0
17 21.4000 -500.3743 419.0699 0 0 1.9635 2 0
17 21.4000 -503.9784 410.3883 0 0 1.9635 2 0
17 16.6000 -481.8967 411.4162 0 0 1.9635 2 0
17 16.6000 -485.5008 402.7346 0 0 1.9635 2 0
17 11.8000 -463.4191 403.7625 0 0 1.9635 2 0
17 7.0000 -444.9415 396.1088 0 0 1.9635 2 0
17 7.0000 -448.5457 387.4272 0 0 1.9635 2 0
17 2.2000 -426.4639 388.4552 0 0 1.9635 2 0
18 2.2000 -430.0681 379.7736 0 0 1.9635 2 0
17 -2.6000 -407.9863 380.8015 0 0 1.9635 2 0
17 -2.6000 -411.5905 372.1199 0 0 1.9635 2 0
18 -4.8000 -389.5088 373.1478 0 0 1.9635 2 0
18 -4.4000 -371.0312 365.4942 0 0 1.9635 2 0
17 -4.4000 -374.6353 356.8126 0 0 1.9635 2 0
17 -4.4000 -352.5536 357.8405 0 0 1.9635 2 0
18 -4.4000 -356.1577 349.1589 0 0 1.9635 2 0
18 -4.4000 -334.0760 350.1868 0 0 1.9635 2 0
17 -4.4000 -337.6801 341.5052 0 0 1.9635 2 0
18 -4.4000 -315.5984 342.5331 0 0 1.9635 2 0
17 -4.4000 -319.2025 333.8515 0 0 1.9635 2 0
17 -4.4000 -297.1208 334.8795 0 0 1.9635 2 0
17 -4.4000 -300.7249 326.1979 0 0 1.9635 2 0
20 -4.4000 -282.1707 318.7289 0 0 -1.9635 2 0
18 -4.4000 -260.1656 319.5721 0 0 1.9635 2 0
17 -4.4000 -245.2922 303.2369 0 0 1.9635 2 0
18 -4.4000 -223.2104 304.2648 0 0 1.9635 2 0
17 -4.4000 -226.8146 295.5832 0 0 1.9635 2 0
18 -4.4000 -204.7329 296.6111 0 0 1.9635 2 0
18 -4.4000 -188.4100 280.2843 0 0 2.7489 2 0
17 -4.4000 -197.0973 276.6940 0 0 2.7489 2 0
17 -4.4000 -180.7563 261.8068 0 0 2.7489 2 0
17 -4.4000 -180.7590 238.7200 0 0 3.5343 2 0
18 -4.4000 -189.4406 242.3241 0 0 3.5343 2 0
18 -4.4000 -197.0858 222.3971 0 0 4.3197 2 0
18 -4.4000 -200.6761 231.0844 0 0 4.3197 2 0
17 -4.4000 -220.1726 222.3998 0 0 5.1051 2 0
17 -4.4000 -236.4955 238.7266 0 0 5.8905 2 0
18 -3.8000 -238.7903 260.2703 0 0 6.2832 2 0
18 -3.8000 -229.3903 260.2628 0 0 6.2832 2 0
18 -3.8000 -238.7902 400.2703 0 0 6.2832 2 0
18 -3.8000 -229.3902 400.2628 0 0 6.2832 2 0
17 -4.6000 -238.7902 420.2703 0 0 6.2832 2 0
18 -4.6000 -229.3902 420.2628 0 0 6.2832 2 0
17 -4.4000 -238.7902 440.2703 0 0 6.2832 2 0
19 -4.4000 -229.5902 440.2629 0 0 -6.2832 2 0
17 -4.4000 -238.7902 460.2703 0 0 6.2832 2 0
19 -4.4000 -238.5902 480.2701 0 0 -3.1416 2 0
18 -4.4000 -229.3902 480.2628 0 0 6.2832 2 0
18 -4.4000 -238.7902 500.2703 0 0 6.2832 2 0
17 -4.4000 -229.3902 500.2628 0 0 6.2832 2 0
17 -4.4000 -238.7902 520.2703 0 0 6.2832 2 0
18 -4.4000 -229.3902 520.2628 0 0 6.2832 2 0
24 -4.4000 -229.3902 540.2628 0 0 6.2832 2 0
24 -4.4000 -238.7902 560.2703 0 0 6.2832 2 0
24 -4.4000 -229.3902 560.2628 0 0 6.2832 2 0
24 -4.4000 -238.7902 580.2703 0 0 6.2832 2 0
24 -4.4000 -238.7902 600.2703 0 0 6.2832 2 0
24 -4.4000 -229.3902 600.2628 0 0 6.2832 2 0
24 -4.4000 -229.3902 620.2628 0 0 6.2832 2 0
24 -4.4000 -238.7901 640.2703 0 0 6.2832 2 0
24 -4.4000 -229.3902 640.2628 0 0 6.2832 2 0
24 -4.4000 -238.7901 660.2703 0 0 6.2832 2 0
24 -4.4000 -229.3901 660.2628 0 0 6.2832 2 0
24 -4.4000 -238.7901 680.2703 0 0 6.2832 2 0
19 -4.4000 -229.5901 680.2629 0 0 -6.2832 2 0
24 -4.4000 -238.7901 700.2703 0 0 6.2832 2 0
24 -4.4000 -229.3901 700.2628 0 0 6.2832 2 0
24 -4.0000 -238.7901 720.2703 0 0 6.2832 2 0
24 -4.0000 -229.3901 720.2628 0 0 6.2832 2 0
24 -0.2000 -238.7901 740.2703 0 0 6.2832 2 0
24 -0.2000 -229.3901 740.2628 0 0 6.2832 2 0
24 2.4000 -238.7901 760.2703 0 0 6.2832 2 0
24 1.6000 -238.7901 780.2703 0 0 6.2832 2 0
24 1.6000 -229.3901 780.2628 0 0 6.2832 2 0
24 -2.6000 -238.7901 800.2703 0 0 6.2832 2 0
24 -2.6000 -229.3901 800.2628 0 0 6.2832 2 0
24 -4.8000 -238.7901 820.2703 0 0 6.2832 2 0
24 -4.8000 -229.3901 820.2628 0 0 6.2832 2 0
24 -4.0000 -238.7901 840.2703 0 0 6.2832 2 0
24 -4.0000 -229.3901 840.2628 0 0 6.2832 2 0
24 -0.2000 -238.7901 860.2703 0 0 6.2832 2 0
24 -0.2000 -229.3901 860.2628 0 0 6.2832 2 0
24 2.4000 -229.3901 880.2628 0 0 6.2832 2 0
24 1.6000 -229.3901 900.2628 0 0 6.2832 2 0
24 -2.6000 -238.7901 920.2703 0 0 6.2832 2 0
18 -4.8000 -238.7901 940.2703 0 0 6.2832 2 0
17 -4.0000 -229.3901 960.2628 0 0 6.2832 2 0
18 -0.2000 -238.7900 980.2703 0 0 6.2832 2 0
18 -0.2000 -229.3901 980.2628 0 0 6.2832 2 0
17 2.4000 -238.7900 1000.2703 0 0 6.2832 2 0
18 2.4000 -229.3900 1000.2628 0 0 6.2832 2 0
18 1.6000 -238.7900 1020.2703 0 0 6.2832 2 0
18 1.6000 -229.3900 1020.2628 0 0 6.2832 2 0
17 -2.6000 -238.7900 1040.2703 0 0 6.2832 2 0
17 -2.6000 -229.3900 1040.2628 0 0 6.2832 2 0
18 -4.8000 -229.3900 1060.2628 0 0 6.2832 2 0
18 -4.4000 -238.7900 1080.2703 0 0 6.2832 2 0
17 -4.4000 -229.3900 1080.2628 0 0 6.2832 2 0
18 -4.4000 -238.7900 1100.2703 0 0 6.2832 2 0
18 -4.4000 -229.3900 1100.2628 0 0 6.2832 2 0
17 -4.4000 -238.7900 1120.2703 0 0 6.2832 2 0
17 -4.4000 -229.3900 1120.2628 0 0 6.2832 2 0
18 -4.4000 -238.7900 1140.2703 0 0 6.2832 2 0
18 -4.4000 -229.3900 1140.2628 0 0 6.2832 2 0
18 -4.4000 -229.3900 1160.2628 0 0 6.2832 2 0
17 -4.4000 -238.7900 1180.2703 0 0 6.2832 2 0
17 -4.4000 -229.3900 1200.2628 0 0 6.2832 2 0
17 -4.4000 -229.9525 1221.5986 0 0 7.0686 2 0
18 -4.4000 -215.8104 1235.7408 0 0 7.0686 2 0
18 -4.4000 -196.9893 1248.4851 0 0 6.2832 2 0
18 -4.4000 -206.3893 1268.4926 0 0 6.2832 2 0
18 -4.4000 -196.9893 1268.4851 0 0 6.2832 2 0
18 -4.4000 -206.3893 1288.4926 0 0 6.2832 2 0
18 -4.4000 -206.3893 1308.4926 0 0 6.2832 2 0
18 -4.4000 -196.9893 1308.4851 0 0 6.2832 2 0
18 -4.4000 -206.3893 1328.4926 0 0 6.2832 2 0
18 -4.4000 -196.9893 1328.4851 0 0 6.2832 2 0
18 -4.4000 -206.3893 1348.4926 0 0 6.2832 2 0
17 -4.4000 -196.9893 1348.4851 0 0 6.2832 2 0
18 -4.4000 -197.5518 1369.8210 0 0 7.0686 2 0
18 -4.4000 -190.9103 1363.1689 0 0 7.0686 2 0
18 -4.4000 -176.2288 1369.2534 0 0 7.8540 2 0
18 -4.4000 -154.8930 1369.8159 0 0 8.6394 2 0
17 -4.4000 -161.5451 1363.1744 0 0 8.6394 2 0
17 -4.6000 -146.0606 1348.4854 0 0 9.4248 2 0
18 -3.0000 -146.0606 1328.4854 0 0 9.4248 2 0
17 -3.0000 -155.4606 1328.4929 0 0 9.4248 2 0
17 -1.4000 -146.0606 1308.4854 0 0 9.4248 2 0
17 -1.4000 -155.4606 1308.4929 0 0 9.4248 2 0
19 -1.2000 -163.4965 1291.2569 0 0 -7.8540 2 0
17 -1.4000 -180.9252 1308.4929 0 0 12.5664 2 0
18 -1.4000 -171.5252 1308.4854 0 0 12.5664 2 0
17 0.2000 -171.5252 1328.4854 0 0 12.5664 2 0
17 2.0000 -180.9251 1468.4929 0 0 12.5664 2 0
17 2.0000 -171.5251 1468.4854 0 0 12.5664 2 0
17 2.0000 -180.9251 1488.4929 0 0 12.5664 2 0
18 2.0000 -171.5251 1488.4854 0 0 12.5664 2 0
