MILLER
 3
 3
 0
-2
-2
-2
 24
 24
 24
 24
 24
 24
 24
 24
 24
 24
 24
-2
-2
-2
-2
-2
-2
 24
-1
 24
 3
-1
 7
-1
 6
 24
-1
 24
-2
-2
-2
-2
-2
-2
 24
 3
-1
 24
 7
 17
-1
 24
-1
 2
 24
-2
-2
-2
-2
-2
-2
-2
 24
 8
-1
 24
-1
 24
 5
 8
 24
-2
-2
-2
-2
-2
-2
-2
-2
-2
 24
 2
-1
-1
-1
 15
 24
-2
-2
-2
-2
-2
-2
-2
-2
-2
-2
-2
 24
-1
 17
-1
 24
-2
-2
-2
-2
-2
-2
-2
-2
-2
-2
-2
 24
-1
 24
-1
 24
-1
 24
-2
-2
-2
-2
-2
-2
-2
-2
-2
-2
 24
-1
 24
-1
 24
-1
 24
-2
-2
-2
-2
-2
-2
-2
-2
-2
-2
 24
-1
-1
 3
-1
-1
 24
-2
-2
-2
-2
-2
-2
-2
-2
-2
-2
 24
-1
 0
 1
 11
-1
 24
-2
-2
-2
-2
-2
-2
-2
-2
-2
-2
 24
 24
 24
 24
 24
 24
 24
-2
-2
-2
-2
-2
-2
