OH !DAM!
 1
 4
 5
-2
-2
-2
-2
-2
-2
-2
-2
-2
-2
-2
-2
-2
-2
-2
-2
-2
 24
 24
 24
 24
 24
-2
-2
-2
-2
-2
-2
-2
-2
-2
-2
-2
-2
 24
-1
-1
-1
 24
-2
-2
-2
-2
-2
-2
-2
-2
-2
-2
-2
-2
 24
-1
-1
-1
 24
 24
-2
-2
-2
-2
-2
-2
-2
-2
-2
-2
-2
 24
-1
-1
 13
 24
 24
-2
-2
-2
-2
-2
-2
-2
-2
-2
-2
-2
 24
 14
 12
 15
 24
 24
 24
-2
-2
-2
-2
-2
-2
-2
-2
-2
-2
 24
 15
 3
 5
 24
 24
 24
 24
-2
-2
-2
-2
-2
-2
-2
-2
-2
 24
 1
 6
 4
-1
-1
-1
-1
 24
 24
 24
 24
 24
 24
 24
 24
 24
 24
 24
 24
 24
 24
 24
 24
 24
-2
-2
-2
-2
-2
-2
-2
-2
-2
-2
-2
-2
-2
-2
-2
-2
-2
-2
-2
-2
-2
-2
-2
-2
-2
-2
-2
-2
-2
-2
-2
-2
-2
-2
-2
-2
-2
-2
-2
-2
-2
-2
-2
-2
