THE PRODUCTION LINE
 2
 0
 0
-2
-2
-2
-2
-2
-2
-2
-2
-2
-2
-2
-2
-2
-2
-2
-2
-2
-2
-2
-2
-2
-2
-2
-2
-2
 24
 24
 24
-2
-2
-2
-2
-2
-2
-2
-2
-2
-2
-2
-2
-2
-2
 24
-1
 24
-2
-2
-2
-2
-2
-2
-2
-2
 24
 24
 24
 24
 24
 24
 24
 16
 24
 24
 24
 24
-2
-2
-2
-2
-2
 24
-1
-1
-1
-1
-1
-1
-1
-1
-1
 24
 24
-2
-2
-2
-2
-2
 24
-1
 24
 24
 24
 24
 24
-1
-1
-1
 24
 24
-2
-2
-2
-2
-2
 24
-1
 24
-1
-1
-1
 24
 24
-1
-1
-1
 24
-2
-2
-2
-2
-2
 24
-1
 7
 1
 14
 6
 24
 24
 24
-1
 24
 24
-2
-2
-2
-2
-2
 24
 16
 24
 24
 24
 24
 24
 24
 24
 24
 24
 24
-2
-2
-2
-2
-2
 24
 24
-2
-2
-2
-2
-2
-2
-2
-2
 24
 24
-2
-2
-2
-2
-2
-2
-2
-2
-2
-2
-2
-2
-2
-2
-2
-2
-2
-2
-2
-2
-2
