DYNAMO
 1
 3
 0
-2
-2
-2
-2
-2
-2
-2
 24
-2
-2
-2
-2
-2
-2
-2
-2
-2
-2
-2
-2
-2
 24
 24
 24
 14
 24
 24
 24
-2
-2
-2
-2
-2
-2
-2
-2
-2
-2
 24
-1
-1
 3
-1
-1
 24
-2
-2
-2
-2
-2
-2
-2
-2
-2
-2
 24
-1
-1
 13
-1
-1
 24
-2
-2
-2
-2
-2
-2
-2
-2
-2
-2
 24
-1
-1
 4
-1
-1
 24
-2
-2
-2
-2
-2
-2
-2
-2
-2
-2
 24
-1
-1
 15
-1
-1
 24
-2
-2
-2
-2
-2
-2
-2
-2
-2
-2
 24
-1
-1
 5
-1
-1
 24
-2
-2
-2
-2
-2
-2
-2
-2
-2
-2
 24
-1
-1
 5
-1
-1
 24
-2
-2
-2
-2
-2
-2
-2
-2
-2
-2
 24
-1
-1
 2
-1
-1
 24
-2
-2
-2
-2
-2
-2
-2
-2
-2
-2
 24
 7
 24
 24
 24
 3
 24
-2
-2
-2
-2
-2
-2
-2
-2
-2
-2
-2
 24
-2
-2
-2
 24
-2
-2
-2
-2
-2
-2
-2
-2
