GLUED
 1
 1
 5
-2
-2
-2
-2
-2
-2
-2
-2
-2
-2
-2
-2
-2
-2
-2
-2
-2
-2
-2
-2
 24
 24
 24
 24
 24
 24
 24
 24
 24
 24
-2
-2
-2
-2
-2
-2
-2
 24
-1
 4
-1
 13
-1
-1
-1
-1
 24
-2
-2
-2
-2
-2
-2
-2
 24
-1
 5
-1
 24
-1
-1
-1
-1
 24
-2
-2
-2
-2
-2
-2
-2
 24
-1
 4
-1
-1
-1
 2
-1
-1
 24
-2
-2
-2
-2
-2
-2
-2
 24
-1
 5
-1
-1
-1
 24
-1
-1
 24
-2
-2
-2
-2
-2
-2
-2
 24
-1
 4
-1
-1
-1
-1
-1
 12
 24
-2
-2
-2
-2
-2
-2
-2
 24
-1
 17
-1
-1
-1
-1
-1
 24
 24
-2
-2
-2
-2
-2
-2
-2
 24
-1
-1
-1
-1
-1
-1
-1
-1
 24
-2
-2
-2
-2
-2
-2
-2
 24
 24
 24
 24
 24
 24
 24
 24
 24
 24
-2
-2
-2
-2
-2
-2
-2
-2
-2
-2
-2
-2
-2
-2
-2
-2
-2
-2
-2
-2
-2
-2
