CANNON FIRE
 1
 4
 5
-2
-2
-2
-2
-2
-2
-2
-2
-2
-2
-2
 24
 24
-2
-2
-2
-2
-2
-2
-2
-2
-2
-2
-2
-2
-2
-2
 24
 10
-1
 24
-2
-2
-2
-2
-2
-2
-2
-2
-2
-2
-2
-2
-2
 24
 1
-1
 24
-2
-2
-2
-2
-2
-2
-2
-2
-2
-2
 24
 24
-2
-2
 24
 24
-2
-2
-2
-2
-2
-2
-2
-2
-2
 24
 24
-1
-1
 24
-2
-2
-2
-2
-2
-2
-2
-2
-2
 24
-2
 24
-1
-1
 12
-1
 3
 24
-2
-2
-2
-2
-2
-2
-2
-2
-2
 24
-1
-1
-1
 5
 1
 24
-2
-2
-2
-2
-2
-2
-2
-2
-2
 24
 2
-1
 3
-1
 4
 24
-2
-2
-2
-2
-2
-2
-2
-2
-2
-2
 24
 14
-1
 6
 12
 24
-2
-2
-2
-2
-2
-2
-2
-2
-2
-2
-2
-2
 24
 4
 2
 24
-2
-2
-2
-2
-2
-2
-2
-2
-2
-2
-2
-2
-2
-2
 24
 24
-2
-2
-2
-2
-2
-2
-2
-2
-2
-2
-2
-2
