THE WHEEL
 2
 0
 0
-2
-2
-2
-2
-2
-2
-2
-2
-2
-2
-2
-2
-2
-2
-2
-2
-2
-2
-2
-2
-2
-2
-2
-2
 24
 24
 24
-2
-2
-2
-2
-2
-2
-2
-2
-2
-2
-2
-2
-2
 24
 6
-1
-1
 24
-2
-2
-2
-2
-2
-2
-2
-2
-2
-2
-2
 24
-1
 6
-1
 15
-1
 24
-2
-2
-2
-2
-2
-2
-2
-2
-2
 24
-1
-1
 24
-1
 24
-1
 8
 24
-2
-2
-2
-2
-2
-2
-2
-2
 24
 3
-1
 5
-1
 3
-1
 0
 24
-2
-2
-2
-2
-2
-2
-2
-2
 24
 1
 0
 24
-1
 24
-1
 4
 24
-2
-2
-2
-2
-2
-2
-2
-2
-2
 24
 1
-1
-1
-1
 2
 24
-2
-2
-2
-2
-2
-2
-2
-2
-2
-2
-2
 24
 2
 4
-1
 24
-2
-2
-2
-2
-2
-2
-2
-2
-2
-2
-2
-2
-2
 24
 24
 24
-2
-2
-2
-2
-2
-2
-2
-2
-2
-2
-2
-2
-2
-2
-2
-2
-2
-2
-2
-2
-2
-2
-2
-2
-2
