118
111111
111111
111111
111111
111111
111111
111111
111111
111111
111111
111111
111111
111111
111111
111111
111111
111111
111111
111111
111111
111111
111111
111111
111111
111111
111111
111111
111111
111111
444444
111111
111111
111111
111111
111111
911111
191111
119111
111101
111211
111111
211112
111131
121111
111112
101111
111211
111111
221111
111122
111111
111131
111111
111122
221111
111111
131111
111111
111111
112122
111111
211111
111131
111111
112121
111111
111112
112111
111111
111912
111311
211111
111111
112111
111111
111121
211111
111131
112111
111122
111111
132211
111111
211111
192211
111111
111111
131212
111111
111131
221111
119011
111122
131111
111111
111111
111111
111111
111111
111111
111111
111111
111111
111111
111111
111111
111111
111111
111111
111111
111111
111111
111111
111111
111111
111111
111111
111111