  9 30 2  40 30 0 //ステージ入口（左向き））
 40  2 0  84 27 0 //Ａブロック→Ｂ
 84 27 3  40  2 3 //Ｂブロック→Ａ
 84 15 0  80  3 3 //Ｂ
 80  3 0  84 15 3 //Ｂ
 51 14 2  62 25 3 //Ｂワープゾーンへ
 58 28 4   6  1 0 //6-1
 62 28 4   7  1 0 //7-1
 66 28 4   8  1 0 //8-1
 84  5 0 119 27 0 //Ｂブロック→Ｃ
119 27 3  84  5 3 //Ｃブロック→Ｂ
117  9 2 123 21 3 //Ｃ
123 21 0 117  9 1 //Ｃ
124  2 1 154 27 0 //Ｃブロック→Ｄ
154 27 3 124  2 2 //Ｄブロック→Ｃ
154  2 0 189 27 0 //Ｄブロック→Ｅ
189 27 3 154  2 3 //Ｅブロック→Ｄ
199 17 0 199  6 0 //Ｅ
199  6 3 199 17 3 //Ｅ
181  2 0 216 29 0 //Ｅブロック→Ｆ
216 29 3 181  2 3 //Ｆブロック→Ｅ
231 15 2 235 15 2 //ゴール