 1
 1
 2
 2
 3
 3
 4
 3
 5
 3
 6
 4
 6
 5
 6
 6
 6
 7
 6
 8
 7
 9
 6
 10
 7
 11
 8
 12
 8
 13
 9
 16
 10
 17
 11
 18
 12
 19
 13
 20
 14
 21
 15
 22
 15
 23
 16
 24
 16
 25
 17
 26
 18
 27
 18
 28
 21
 29
 22
 30
 23
 31
 24
 32
 33
 33
 34
 34
 35
 35
 36
 36
 37
 37
 38
 38
 39
 39
 40
 40
 41
 41
 42
 42
 43
 43
 44
 44
 45
 45
 46
 46
 47
 47
 48
 48
 49
 49
 50
 50
 51
 51
 52
 52
 53
 53
 54
 54
 55
 55
 56
 56
 57
 57
 58
 58
 59
 59
 60
 60
 61
 61
 62
 62
 63
 63
 64
 64
 65
 65
 66
 66
 67
 67
 68
 68
 69
 69
 70
 70
 71
 71
 72
 72
 73
 73
 74
 74
 75
 75
 76
 76
 77
 77
 78
 78
 79
 79
 80
 80
 81
 81
 82
 82
 83
 83
 84
 84
 85
 85
 86
 86
 87
 87
 88
 88
 89
 89
 90
 90
 91
 91
 92
 92
 93
 93
 94
 94
 95
 95
 96
 96
 97
 97
 98
 98
 99
 99
 100
 100
