 3
 16
 2
 21
 6
 5
 22
 4
 8
 22
 12
 12
 21
 5
 19
 2
 22
 1
 5
 20
 12
 6
 21
 16
 8
 21
 1
 10
 20
 13
 11
 22
 2
 2
 6
 19
 1
 6
 20
 1
 9
 20
 4
 2
 2
 20
 12
 5
 21
 7
 7
 22
 16
 9
 21
 2
 10
 20
 3
 2
 2
 19
 2
 7
 19
 1
 6
 20
 1
 11
 20
 8
 2
 3
 18
 2
 9
 18
 16
 2
 19
 1
 6
 19
 7
 7
 19
 1
 9
 19
 12
 12
 19
 15
 3
 22
 17
 10
 22
 8
 2
 2
 18
 2
 10
 18
 2
 6
 19
 2
 2
 20
 2
 10
 20
 2
 6
 21
 2
 2
 22
 2
 10
 22
 2
 6
 23
 9
 1
 3
 16
 1
 3
 20
 13
 4
 16
 17
 4
 18
 4
 4
 20
 16
 5
 21
 2
 9
 16
 12
 9
 17
 18
 9
 20
 2
 9
 23
 12
 2
 3
 16
 2
 9
 16
 12
 2
 17
 6
 5
 17
 4
 8
 17
 16
 12
 17
 6
 2
 19
 4
 11
 19
 12
 2
 21
 10
 4
 22
 7
 7
 22
 10
 9
 22
 16
 12
 21
 14
 1
 2
 16
 2
 3
 16
 1
 7
 16
 6
 8
 17
 6
 11
 15
 7
 4
 18
 8
 11
 18
 13
 3
 20
 13
 6
 20
 13
 9
 20
 1
 13
 20
 12
 2
 21
 10
 4
 22
 10
 7
 22
 10
 10
 22
 15
 10
 3
 13
 1
 4
 14
 12
 7
 13
 11
 7
 14
 18
 7
 15
 10
 10
 13
 1
 11
 14
 12
 3
 19
 14
 4
 19
 7
 3
 22
 8
 3
 22
 1
 7
 19
 1
 7
 20
 19
 9
 19
 13
 9
 21
 17
 9
 22
 12
 8
 11
 12
 10
 11
 13
 8
 7
 13
 10
 7
 14
 8
 3
 15
 10
 3
 16
 8
 9
 16
 10
 9
 17
 6
 3
 22
 6
 5
 20
 4
 8
 20
 4
 10
 22
 7
 7
 19
 18
 15
 2
 16
 16
 4
 15
 17
 6
 15
 18
 9
 14
 19
 10
 14
 10
 2
 19
 11
 5
 18
 12
 7
 17
 13
 9
 17
 14
 12
 15
 1
 2
 20
 6
 3
 21
 7
 6
 20
 8
 8
 19
 9
 11
 18
 2
 3
 23
 3
 7
 21
 4
 9
 22
 5
 12
 21
 999
