"* HUMANS *"
0,0,0,0,0,0,0,0,0,0,0,0,0,0,0,0,0,0,0,0,0,0,0,0,0
"Arctic Man"
10,0,5,0,5,5,0,-5,5,0,2,8,4,1,1,-2,1,"(CO;"
120,0,0,0,0,15,82 
"Bear Tribe"
15,0,0,0,0,15,-5,5,5,-10,3,10,4,1,1,1,1.1,"(ST/CO;"
150,20,0,0,20,15,85 
"Common Man"
0,0,5,0,0,5,0,0,0,0,2,8,5,1,1,0,1,"(--;"
120,0,0,0,0,0,84 
"Dark Tribe"
5,5,0,0,0,5,5,-5,-5,5,2,8,5,1,1,-1,1,"(--;"
120,0,0,0,0,0,83 
"High Man"
10,-5,0,0,0,10,-5,10,0,0,3,10,4,1,1,8,1,"(ST/PR/CO;"
150,-5,5,-5,0,0,92 
"Mixed Man"
5,0,5,0,0,5,0,5,0,0,2,10,5,1,1,4,1,"(--;"
135,-5,-5,-5,0,0,88 
Northman
10,0,5,0,0,10,0,5,0,-5,3,10,4,1,1,2,1,"(ST/CO;"
150,0,0,0,0,10,86 
"* ELVES *"
0,0,0,0,0,0,0,0,0,0,0,0,0,0,0,0,0,0,0,0,0,0,0,0,0 
"Aquatic Elf"
0,10,0,5,0,0,10,5,0,5,4,8,3,3,2,0,.75,"(QU/AG;"
110,-5,-5,-5,10,100,90 
"Dark Elf"
-10,10,0,5,5,-5,10,10,-5,10,5,8,3,3,2,0,.75,"(QU/PR/EM/AG;"
110,-5,-5,-5,10,100,90 
"Fair Elf"
-5,5,0,5,0,-5,15,15,0,5,5,10,3,3,2,0,.75,"(QU/PR;"
120,-5,-5,-5,10,100,90 
"Grey Elf"
0,5,0,5,0,0,10,5,0,5,4,8,3,3,2,0,.75,"(QU;"
120,-5,-5,-5,10,100,90 
"High Elf"
-5,5,0,5,0,-5,10,10,0,5,4,8,3,3,2,0,.75,"(QU/PR;"
110,-5,-5,-5,10,100,90 
"Wood Elf"
-5,10,0,5,0,-5,5,5,0,5,3,8,4,3,2,-1,.75,"(AG;"
100,-5,-5,-5,10,100,89
"* OTHER 'GOOD' RACES *"
0,0,0,0,0,0,0,0,0,0,0,0,0,0,0,0,0,0,0,0,0,0,0,0,0
Halfling
10,15,0,0,0,-20,10,-15,0,-5,2,8,5,6,4,0,2,"(QU/CO/AG;"
80,50,0,40,30,15,50 
Tallfellow
5,20,0,0,5,-20,15,-10,0,0,3,8,4,6,4,11,1.6,"(QU/AG;"
90,20,0,20,20,50,61
Stout
20,10,0,0,0,-5,5,-10,0,-10,2,10,5,6,4,3,1.9,"(CO/AG;"
110,50,0,40,40,60,53
Dwarf
15,-5,5,0,0,5,-5,-10,0,-10,2,10,5,5,3,0,1.77,"(CO;"
120,40,0,40,20,15,60 
Half-dwarf
15,0,5,0,0,5,-5,-5,0,0,2,10,5,5,3,5,1.5,"(CO;"
120,20,0,20,15,15,65
Hira'razhir
-10,15,0,0,0,-5,5,0,0,5,3,5,4,3,1,-8,.5,"(AG;"
90,-5,-5,-5,-10,-20,76
Lyrri
0,10,-5,-5,-5,0,10,5,0,0,2,8,4,1,1,2,1.2,"(AG/QU;"
120,0,0,0,5,5,86
SStoi'isslythi
-5,0,10,0,0,-5,0,5,0,10,3,8,4,1,1,-3,1,"(SD/EM;"
120,0,0,0,50,-5,81
"* VILE RACES *"
0,0,0,0,0,0,0,0,0,0,0,0,0,0,0,0,0,0,0,0,0,0,0,0,0
"Lesser Orc"
5,0,-10,-10,-5,5,0,-5,-10,-5,1,8,5,7,5,0,1.3,"(--;"
80,0,0,0,0,5,67 
"Great Orc"
10,0,-5,-5,-5,10,0,-5,-5,-5,1,10,4,7,5,18,1.3,"(ST/CO;"
120,0,0,0,5,10,85 
Half-orc
10,0,0,-5,-5,10,0,-5,-5,0,3,10,5,7,5,16,1.2,"(ST/CO;"
130,0,0,0,5,10,83
Troll
15,-10,-10,-10,-10,15,-10,-10,-10,-10,1,10,4,8,6,0,1.3,"(ST/CO;"
250,0,0,0,10,10,144 
Half-troll
20,5,0,-5,-5,15,0,-5,-5,-5,2,15,4,8,6,-24,1.2,"(ST/CO;"
280,0,0,0,15,10,120 
"'Great Man'"
20,5,-20,-5,-5,15,5,5,-10,-10,2,20,3,1,6,-24,1.2,"(ST/CO;"
300,-5,-5,-5,40,100,120 
Giant
20,0,5,-5,-10,25,0,-5,-5,-5,1,20,3,1,6,24,1.2,"(ST/CO;"
400,0,10,10,10,10,168 
"* SPECIAL RACES *"
0,0,0,0,0,0,0,0,0,0,0,0,0,0,0,0,0,0,0,0,0,0,0,0,0
RatBeast
10,10,0,-5,-10,5,15,-5,0,0,1,10,4,1,1,0,1,"(CO/AG/QU;"
130,5,0,5,20,20,84
