Necr
9,0,9,0,10,0,11,0,9,0,20,0,20,0,20,0,20,0,20,0,9,0,18,0,2,6
15,0,18,0,20,0,5,0,5,0,3,0,6,0,9,0,3,6,6,0,18,0,6,0,2,5
2,6,2,5,2,5,2,6,3,5,4,0,2,6,2,5,2,6,1,4,2,5,2,6,2,5
1,4,1,2,3,6,1,4,1,3,2,4,2,4,2,6,2,6,1,3,2,4,2,4,2,6
2,0,4,0,5,0,3,0,2,6,3,0,3,0,8,0,7,0,3,0,3,0,7,0,3,0
3,0,3,7,3,7,3,0,3,7,3,0,7,0,2,6,3,0,20,0,5,0,2,5,2,4
2,5,4,0,2,4,1,2,3,7,2,5,1,4,2,4,1,4,2,5,9,0,5,0,1,4
2,0,3,0,2,0,3,0,3,0,3,6,2,5,2,6,3,0,2,6,2,4,2,6,2,5
1,4,2,5,3,0,2,6,3,7,3,0,3,0,3,0,2,6,4,0,3,0,5,0,2,5
4,0,5,0,4,0,3,0,3,0,1,99,2,4,2,4,2,6,2,6,3,6,2,5,2,6
2,6,2,6,2,6,3,7,2,5,2,5,2,5,2,99,1,4,2,5,2,5,1,99,2,5
3,5,6,0,2,5,2,6,1,5,2,4,2,5,2,6,2,5,2,4,3,6,3,6,7,0
5,0,5,0,3,0,2,4,3,0,2,4,3,6,1,5,3,8,3,0,2,5,2,6,1,3
3,0,2,6,2,5,2,5,2,5,2,6,2,6,2,5,2,6,2,6,6,0,7,0,2,7
3,0,6,0,2,7,7,0,3,0,7,0,6,0,3,5,3,0,2,5,2,6,2,5,2,6
Barb
2,99,3,99,5,99,7,99,1,5,2,5,3,8,4,0,4,0,6,0,3,7,2,5,2,6
3,6,3,6,3,8,2,5,2,5,1,4,2,5,3,8,2,4,2,5,2,10,3,6,7,0
3,9,5,0,3,6,3,6,3,5,7,0,3,7,2,6,2,6,3,6,2,6,3,7,7,0
7,0,7,0,2,4,1,2,5,0,2,0,3,0,2,4,2,4,2,5,3,6,3,7,5,0
1,3,1,3,3,7,1,3,1,4,1,3,2,6,1,3,2,6,2,4,2,6,3,7,1,4
2,6,2,5,2,5,2,4,2,5,1,3,1,4,2,6,3,6,6,0,2,4,3,6,2,4
2,5,2,6,3,5,4,0,3,7,3,7,3,7,3,7,3,8,4,0,2,5,2,5,2,5
3,6,1,3,3,6,3,6,1,3,4,0,2,5,2,4,3,8,3,8,2,6,2,6,2,6
1,4,2,6,2,4,2,6,3,7,3,0,3,5,2,7,2,4,2,6,2,5,2,6,2,5
1,3,2,5,2,6,3,7,1,5,3,99,3,7,2,5,2,6,2,6,4,0,2,6,1,4
2,6,2,6,3,6,3,5,8,0,25,0,7,0,8,0,7,0,15,0,8,0,25,0,7,0
10,0,20,0,8,0,25,0,3,6,11,0,6,0,2,6,6,0,3,0,3,0,2,6,4,0
3,7,8,0,2,5,1,4,2,4,3,5,2,6,2,6,1,4,1,4,9,0,3,6,3,6
1,4,3,6,2,4,2,5,2,6,2,5,2,5,2,6,3,7,3,7,1,4,2,5,3,7
3,0,2,5,2,6,4,0,2,6,2,5,1,5,2,6,2,6,2,6,2,6,3,8,2,6
Danc
2,99,9,0,3,99,15,0,3,9,5,0,6,0,8,0,9,0,10,0,1,5,3,5,2,4
2,5,6,0,3,7,2,5,1,4,1,2,3,6,2,5,2,5,2,5,6,18,4,0,2,5
3,7,3,0,2,5,3,0,3,5,4,0,3,9,4,0,2,6,2,6,3,9,3,7,3,0
4,0,3,0,3,6,2,7,3,0,5,0,5,0,4,0,4,0,2,5,2,5,2,5,5,0
2,7,2,7,3,8,2,7,2,5,3,6,3,7,1,5,2,5,1,4,1,3,2,5,3,7
3,7,1,2,1,4,1,4,1,3,2,5,1,4,1,2,2,4,3,8,1,3,3,6,2,6
3,6,2,5,3,6,4,0,2,6,2,7,3,7,3,9,2,5,6,0,2,5,3,8,1,4
1,4,2,7,1,4,1,4,2,5,1,4,1,5,3,8,3,7,8,0,2,6,2,4,3,6
3,7,2,5,2,5,1,4,1,5,2,6,3,7,4,0,2,4,3,6,1,2,1,2,1,4
1,3,1,4,1,3,1,3,1,2,3,99,2,5,2,5,2,4,1,4,2,6,2,4,2,4
1,4,1,4,3,5,2,6,8,0,19,0,5,0,8,0,5,0,10,0,6,0,10,0,4,0
5,0,12,0,4,0,20,0,3,5,8,0,6,0,2,6,4,0,1,5,2,3,2,6,4,0
3,7,6,0,1,4,1,4,2,4,2,5,2,4,1,4,3,6,2,5,5,0,2,3,1,4
2,5,2,4,1,4,1,3,2,5,2,7,1,2,2,5,1,5,1,4,2,6,3,0,1,3
1,5,1,4,2,5,1,4,2,4,2,6,1,4,2,5,1,4,2,6,1,3,1,3,2,6
High
2,99,2,99,3,99,5,99,3,7,3,8,4,0,8,0,8,0,8,0,1,2,8,0,2,5
1,5,3,6,2,4,1,2,2,7,2,5,1,3,1,4,1,4,2,5,6,14,2,5,6,0
3,6,4,0,2,4,2,0,2,4,5,0,6,0,6,0,6,0,3,6,6,0,6,0,3,7
2,6,1,3,1,4,1,4,4,0,5,0,4,0,3,0,3,0,2,5,3,0,3,0,5,0
2,6,3,8,4,0,2,6,6,0,2,6,3,0,2,7,2,6,1,4,2,5,2,6,6,0
6,0,6,0,6,0,1,5,6,0,2,5,1,5,6,0,2,5,2,6,1,3,1,4,1,3
2,5,2,5,2,5,1,5,2,5,1,4,2,5,2,5,1,4,1,4,2,5,1,4,4,0
2,5,2,5,2,5,2,5,2,5,6,0,6,0,6,0,4,0,6,0,1,3,2,5,2,4
3,6,2,5,6,0,2,4,3,5,3,0,6,0,6,0,2,4,6,0,2,5,2,5,3,7
1,3,1,4,2,6,1,4,2,5,3,99,2,5,2,5,6,0,2,6,6,0,6,0,6,0
6,0,2,6,6,0,3,5,7,0,20,0,4,0,6,0,3,7,6,0,7,0,20,0,5,0
9,0,18,0,7,0,20,0,3,5,8,0,6,0,2,6,2,5,2,5,1,5,2,6,4,0
3,7,5,0,1,4,1,3,2,5,2,5,1,4,1,4,2,6,1,4,2,5,3,6,1,4
6,0,2,4,3,7,2,6,7,0,1,4,3,6,2,5,3,7,3,8,3,5,3,6,1,4
6,0,2,4,2,5,6,0,4,0,3,7,1,5,6,0,2,5,6,0,3,7,4,0,6,0
Rogu
1,99,1,99,2,99,3,99,2,5,3,8,3,9,3,9,3,9,6,0,3,7,1,5,1,5
3,8,3,6,3,8,2,6,1,5,1,3,2,5,3,6,1,4,1,5,4,10,3,6,2,6
3,5,2,5,2,5,2,5,2,5,6,0,3,6,2,4,2,5,1,4,2,6,3,7,3,0
3,0,2,0,1,4,1,3,4,0,2,0,4,0,2,0,2,0,1,5,2,5,2,5,4,0
1,4,3,6,4,0,1,5,1,4,1,5,2,5,2,5,3,7,2,5,2,4,3,7,1,3
2,6,2,6,2,6,2,5,2,6,2,5,1,5,2,4,2,6,20,0,2,6,3,7,2,6
3,6,2,6,3,7,4,0,3,6,3,7,3,6,3,6,2,7,5,0,2,5,1,4,2,4
2,4,1,3,2,5,2,5,1,3,2,4,2,5,2,4,2,6,6,0,2,6,1,5,2,7
1,5,2,4,2,4,2,6,3,7,3,0,2,7,3,7,2,4,2,6,1,4,2,4,1,3
1,3,1,4,1,4,1,4,1,3,3,99,2,5,1,5,2,6,2,5,2,4,2,4,1,4
2,6,2,5,2,4,2,5,8,0,20,0,5,0,9,0,5,0,10,0,6,0,8,0,4,0
7,0,12,0,4,0,20,0,3,6,7,0,5,0,2,5,4,0,3,0,2,6,2,6,4,0
3,7,7,0,1,3,1,4,1,3,2,5,1,4,1,4,1,4,1,4,5,0,1,4,2,4
1,4,2,5,1,4,1,4,2,7,2,5,2,5,1,3,2,4,2,4,1,3,2,5,2,5
2,4,1,3,1,3,2,6,1,3,2,5,1,3,1,3,1,3,2,4,1,3,1,3,2,5
Thie
1,99,2,99,3,99,4,99,2,7,3,8,4,0,4,0,4,0,6,0,3,7,2,7,1,3
4,0,3,6,4,0,2,6,1,5,1,3,2,5,3,7,1,4,1,4,4,14,3,6,2,5
2,6,2,4,2,4,1,4,2,5,5,0,2,7,1,4,2,6,2,6,2,6,3,7,3,0
3,0,2,0,1,4,1,3,3,0,4,0,3,0,2,0,2,0,1,3,2,4,2,4,4,0
2,5,3,7,4,0,2,6,2,5,2,6,2,6,3,7,2,5,1,3,1,3,2,5,1,4
2,6,2,6,2,6,1,3,2,6,1,3,1,5,2,4,1,5,20,0,2,6,3,6,2,6
3,5,2,6,3,6,4,0,3,6,3,6,3,6,3,6,2,6,3,8,1,3,1,3,1,4
1,4,1,3,1,3,1,3,1,4,2,4,1,5,2,4,2,5,4,0,2,6,1,3,2,7
1,3,1,5,2,4,2,6,3,7,3,0,2,6,3,7,2,4,2,7,1,3,1,3,1,2
1,4,1,3,1,3,1,3,1,3,3,99,3,5,2,5,2,6,2,5,2,4,2,6,1,3
2,6,2,5,2,4,3,5,7,0,20,0,4,0,8,0,4,0,9,0,6,0,10,0,3,0
8,0,10,0,3,0,20,0,3,6,7,0,6,0,2,6,3,6,3,0,1,4,2,6,4,0
3,7,6,0,1,2,1,4,1,3,1,5,1,3,1,3,1,4,1,3,4,0,1,2,1,4
1,3,2,5,2,4,1,3,2,6,2,6,2,6,2,5,1,4,1,4,1,3,1,3,1,3
1,3,1,3,2,5,1,3,1,2,1,3,1,3,1,3,1,2,1,4,1,4,1,2,2,6
Trad
2,99,2,99,4,99,5,0,2,7,3,8,3,9,4,0,5,0,6,0,3,7,2,5,1,4
6,0,5,0,4,0,3,0,2,6,2,5,4,0,5,0,3,6,3,0,4,14,5,0,1,3
2,5,2,5,2,4,2,5,2,6,2,4,1,3,2,6,1,4,2,5,1,4,2,5,3,0
3,0,2,0,3,6,2,5,4,0,4,0,4,0,1,4,1,4,1,4,2,4,2,4,4,0
1,3,1,4,2,5,1,2,2,4,1,2,1,4,2,6,4,0,2,5,2,5,3,7,1,4
2,6,2,5,2,5,2,5,2,5,2,5,2,6,2,6,2,6,20,0,2,6,3,8,2,6
3,5,2,6,4,0,5,0,2,6,4,0,2,6,2,6,1,4,6,0,4,0,6,0,2,7
1,2,1,3,1,2,1,2,1,3,2,6,1,3,2,5,2,5,3,0,2,6,1,4,2,7
1,3,1,4,2,5,1,4,2,5,3,6,3,6,3,8,2,4,2,6,2,6,2,5,1,4
1,4,2,5,2,5,2,5,1,4,1,99,2,4,1,4,2,6,1,4,1,2,1,4,1,4
2,6,1,4,1,2,2,4,5,0,20,0,6,0,7,0,10,0,8,0,5,0,7,0,4,0
7,0,13,0,4,0,20,0,2,5,7,0,5,0,2,6,4,0,3,0,2,6,2,6,4,0
3,7,7,0,1,4,1,3,1,3,1,2,1,4,1,3,2,5,1,4,6,0,1,4,2,4
2,4,1,3,1,3,1,4,3,5,2,6,2,5,1,3,1,4,1,3,2,5,3,6,1,4
1,4,1,4,1,4,3,6,1,3,2,5,2,5,2,5,1,4,2,6,1,4,1,4,2,5
Beas
2,99,2,99,4,99,6,99,3,7,4,0,6,0,6,0,6,0,9,0,3,7,2,6,2,6
2,6,3,6,3,7,2,5,2,6,1,5,2,5,3,6,2,5,2,5,6,14,3,6,7,0
3,5,5,0,2,5,2,5,2,5,6,0,3,6,2,6,2,5,1,3,2,6,1,4,6,0
3,0,2,0,2,5,1,3,5,0,4,0,6,0,2,0,2,0,1,5,2,6,2,5,6,0
1,2,1,2,1,2,1,4,1,2,1,4,1,3,2,7,2,5,2,5,2,4,3,7,1,3
2,6,2,6,2,6,2,5,2,6,2,5,1,5,2,6,2,6,15,0,2,7,2,5,2,6
3,7,2,6,3,6,2,4,2,5,2,6,2,7,3,7,3,7,6,0,3,0,2,6,2,5
2,5,1,2,3,6,3,6,1,2,3,6,2,5,1,4,2,6,8,0,2,6,2,6,2,6
1,4,2,4,2,4,2,6,3,7,3,0,3,5,2,6,2,5,1,3,2,5,2,6,1,5
1,3,2,5,2,5,3,6,1,5,3,99,3,7,2,5,2,6,2,6,3,6,2,6,1,4
2,6,2,6,3,6,3,5,6,0,13,0,6,0,6,99,2,5,12,0,5,0,4,99,7,0
3,6,3,9,5,0,9,0,3,5,4,0,3,5,2,6,4,0,3,0,3,0,2,6,4,0
3,7,7,0,2,4,1,4,2,7,3,5,2,5,2,5,1,2,1,3,3,6,3,6,3,5
1,2,2,5,2,6,2,4,2,4,2,4,2,6,2,6,2,6,2,6,2,5,2,6,2,6
3,0,2,5,2,6,2,5,2,6,2,4,1,4,2,6,2,6,2,6,2,6,3,6,1,4
Pala
1,99,1,99,2,99,3,99,2,5,3,8,4,0,4,0,4,0,6,0,6,0,3,6,2,6
2,5,3,6,3,7,2,5,2,5,2,6,2,5,4,0,1,4,3,6,4,10,3,7,2,5
2,7,2,5,3,7,3,5,1,3,3,0,2,6,3,6,2,5,1,3,2,5,2,5,2,6
2,4,1,2,1,4,1,3,2,4,1,4,2,5,2,5,2,4,1,4,2,4,2,4,2,5
1,4,3,7,4,0,2,6,2,6,2,6,2,5,2,5,6,0,2,5,2,6,3,7,2,4
2,5,2,6,2,7,2,5,2,6,3,0,1,5,2,5,2,6,20,0,3,9,1,5,1,4
3,6,2,5,1,2,2,4,2,4,1,5,2,4,2,4,2,6,1,4,9,0,3,7,3,6
1,4,1,3,2,5,2,5,1,3,3,6,2,6,2,5,2,6,3,0,1,4,2,6,2,7
2,6,2,4,2,5,2,6,3,7,3,0,3,5,3,5,1,4,2,4,2,6,2,5,2,7
3,6,3,6,3,6,2,6,2,4,3,99,2,5,2,5,2,6,2,6,3,6,1,4,1,5
2,6,2,6,3,6,3,6,9,0,3,0,3,6,4,99,2,5,2,6,7,0,4,99,3,6
3,6,2,6,2,5,20,0,3,5,5,0,3,5,1,5,3,6,1,4,3,6,1,5,2,5
2,5,3,0,1,4,2,4,3,7,1,3,2,4,1,4,2,4,1,4,3,6,2,6,2,4
2,6,1,4,2,4,3,6,1,4,1,3,2,6,3,6,3,6,3,6,2,5,7,0,3,6
6,0,3,0,3,6,7,0,4,0,7,0,5,0,3,6,3,0,3,6,2,6,4,0,2,6
Nigh
2,99,2,99,4,99,6,99,3,9,6,0,7,0,7,0,7,0,15,0,3,7,2,7,1,3
18,0,18,0,4,0,1,4,1,5,1,3,2,5,3,7,2,5,1,4,6,18,3,6,2,5
2,6,2,4,2,4,1,4,2,5,5,0,2,7,3,6,2,6,1,3,2,6,3,7,3,6
3,0,2,0,2,5,1,3,3,0,2,0,3,0,3,0,3,0,1,4,2,4,2,4,3,0
2,5,3,8,5,0,3,0,2,0,3,0,3,0,3,8,3,7,1,3,2,4,2,5,1,4
2,6,2,6,2,6,1,3,2,6,3,0,2,6,2,4,1,5,7,0,2,4,1,3,2,6
3,5,2,6,3,6,2,6,3,6,3,6,3,6,3,6,2,6,3,8,3,0,1,3,1,4
1,4,1,3,1,3,1,3,1,4,3,5,1,5,2,6,2,5,4,0,2,6,1,3,2,7
3,0,2,6,2,4,2,6,3,7,3,0,2,6,3,5,1,4,3,5,1,3,1,3,1,2
1,4,1,3,1,3,1,3,1,3,3,99,3,5,2,5,2,6,2,5,3,5,2,6,1,3
2,6,2,5,2,4,3,5,7,0,20,0,4,0,4,99,2,5,9,0,6,0,4,99,6,0
3,6,3,9,3,0,2,6,3,5,4,0,3,5,2,6,2,6,3,0,1,3,2,6,4,0
3,7,6,0,1,2,1,4,2,7,1,5,1,3,1,3,1,4,1,3,3,6,1,2,1,4
3,0,2,5,2,4,1,3,1,2,2,6,2,6,2,5,1,4,1,4,1,3,3,7,1,3
1,3,1,3,2,5,2,7,1,3,1,3,1,5,1,3,1,2,3,6,1,4,1,3,2,6
Burg
9,0,9,0,10,0,10,0,3,8,3,8,4,0,6,0,6,0,9,0,3,7,2,7,1,3
2,6,3,6,3,5,2,6,1,5,1,3,2,5,2,4,1,4,1,4,6,16,3,6,2,6
2,6,2,5,2,5,1,4,2,6,5,0,2,6,1,4,2,6,2,6,2,6,3,7,3,0
3,0,2,0,1,4,1,3,3,0,4,0,4,0,5,0,5,0,1,5,2,4,2,4,5,0
3,6,3,8,5,0,2,6,2,5,2,6,3,0,3,7,1,3,1,3,1,3,2,5,1,4
2,6,2,6,2,6,1,3,2,6,2,6,1,5,2,4,1,5,7,0,1,3,2,5,1,3
3,6,2,6,3,6,4,0,3,6,3,6,3,6,3,6,2,5,3,8,1,3,1,3,1,4
1,2,1,3,1,2,1,2,1,3,2,4,1,5,2,4,2,4,8,0,2,6,1,3,2,7
3,6,1,4,2,4,2,6,3,7,3,0,2,6,3,7,2,4,2,7,1,3,1,3,1,3
1,4,1,3,1,3,1,3,1,3,3,99,3,5,2,5,2,6,2,5,2,4,2,6,1,3
2,6,2,5,2,4,3,5,7,0,20,0,4,0,9,0,5,0,10,0,6,0,10,0,4,0
9,0,18,0,4,0,20,0,3,6,7,0,6,0,2,6,5,0,3,0,3,5,2,6,4,0
3,7,6,0,1,2,1,4,1,3,1,4,1,2,1,3,3,6,1,3,5,0,1,4,1,4
1,3,2,4,2,4,1,3,2,7,2,6,2,6,2,5,1,4,1,3,3,7,1,3,1,3
1,3,1,3,2,5,1,3,1,3,1,3,1,3,1,3,1,2,1,4,1,4,1,2,2,6
Bard
2,99,2,99,3,99,5,99,3,9,6,0,7,0,7,0,7,0,15,0,3,0,5,0,2,5
3,5,3,6,5,0,2,7,2,6,2,5,5,0,6,0,2,5,5,0,6,18,5,0,1,5
2,4,2,5,2,4,2,4,1,2,3,0,2,5,2,6,2,6,2,4,2,5,2,6,1,4
1,2,1,3,2,5,2,4,2,5,2,5,1,4,1,4,2,4,1,4,2,4,2,4,2,5
1,5,3,7,4,0,2,7,2,7,2,7,2,6,3,8,3,9,2,6,2,5,3,9,2,5
2,6,2,7,2,7,2,6,2,7,2,6,2,6,1,3,2,6,15,0,2,7,2,5,2,6
2,5,2,6,2,6,2,4,2,4,2,5,2,4,2,4,1,3,2,5,6,0,5,0,2,6
1,3,2,5,2,4,2,4,2,5,1,5,2,6,2,5,2,5,2,6,1,4,2,5,2,6
2,5,3,5,2,6,1,2,1,3,1,4,3,5,2,7,2,4,2,4,2,6,2,5,1,5
3,6,3,6,3,6,2,6,2,5,1,99,1,4,1,5,1,2,1,2,1,5,1,2,1,5
1,2,1,3,2,4,2,5,6,0,13,0,3,6,4,99,2,5,3,6,5,0,4,99,2,4
3,6,3,9,3,6,10,0,3,5,4,0,3,5,2,5,2,5,1,4,2,5,2,6,4,0
3,7,6,0,1,4,1,4,2,7,1,2,1,5,2,0,2,4,1,4,3,6,2,5,1,3
2,6,1,4,1,4,2,6,1,4,1,4,1,4,1,5,1,5,1,5,2,7,4,0,1,5
3,0,2,7,1,5,4,0,2,4,4,0,2,7,2,6,2,4,2,6,2,6,1,4,2,6
Figh
1,99,1,99,2,99,2,99,1,5,2,5,2,7,2,7,2,7,5,0,3,7,2,6,2,6
2,7,2,6,2,7,2,6,2,6,1,5,2,5,3,6,1,3,2,5,2,10,2,6,2,6
3,7,3,6,3,6,3,6,1,5,7,0,3,7,2,6,2,6,1,2,2,6,3,7,3,0
3,0,2,0,1,3,1,2,5,0,2,0,6,0,3,0,3,0,1,5,2,6,2,6,6,0
1,4,3,7,4,0,1,4,1,4,1,4,2,6,1,3,3,7,2,4,2,6,3,7,1,4
2,6,2,7,2,7,2,4,2,7,2,6,1,4,2,6,3,6,20,0,2,6,3,8,2,6
3,7,2,6,3,8,4,0,3,7,3,8,3,7,3,7,3,7,6,0,3,8,2,6,2,5
2,5,1,2,3,6,3,6,1,2,3,6,2,5,2,4,3,7,8,0,2,6,2,6,2,7
2,6,2,5,2,4,2,6,3,7,3,0,3,5,2,7,2,4,2,6,2,5,2,6,1,5
1,3,2,5,2,5,3,6,1,5,3,99,3,5,2,5,2,6,2,6,3,6,2,6,1,4
2,6,2,6,3,6,3,5,9,0,25,0,6,0,9,0,6,0,12,0,7,0,20,0,5,0
8,0,15,0,5,0,20,0,3,6,8,0,6,0,2,6,4,0,3,0,3,5,2,6,4,0
3,7,7,0,2,4,1,4,2,5,3,5,2,5,2,5,2,5,1,4,6,0,2,5,2,5
1,4,2,5,2,6,2,4,3,9,2,5,2,6,2,6,2,6,2,6,2,5,3,8,2,6
3,0,2,5,2,6,3,9,3,6,3,8,2,5,2,6,2,6,2,6,2,6,1,4,2,6
Farm
2,99,3,99,6,99,7,99,3,8,4,0,6,0,15,0,20,0,20,0,3,8,3,8,3,8
3,8,3,8,3,8,3,8,3,8,3,8,3,8,3,8,3,8,3,8,6,0,3,8,2,6
2,6,2,6,2,6,2,6,2,6,2,6,2,6,2,6,2,6,2,6,2,6,1,3,2,6
2,6,2,6,3,6,2,6,2,6,2,6,2,6,1,4,1,4,1,6,2,6,1,5,2,6
1,3,1,3,1,3,1,3,1,3,1,3,1,5,1,4,2,5,2,6,2,6,2,6,2,6
2,6,2,6,2,6,2,6,2,6,1,5,2,6,2,6,2,6,15,0,5,0,3,6,2,6
2,6,2,6,2,6,3,7,2,6,2,6,2,6,2,6,2,6,3,8,3,8,3,8,3,8
2,6,2,6,2,6,2,6,2,6,2,6,1,4,2,6,2,6,1,2,2,6,2,6,2,6
1,5,1,5,2,6,2,6,3,7,3,0,2,6,2,6,2,6,1,5,2,6,2,6,2,6
2,6,2,6,2,6,2,6,2,6,2,99,2,6,2,6,2,6,2,6,2,6,2,6,2,6
2,6,2,6,2,6,2,6,10,0,20,0,6,0,9,0,6,0,12,0,10,0,20,0,5,0
8,0,15,0,5,0,20,0,3,6,8,0,6,0,2,6,2,6,2,6,2,6,2,6,3,6
3,7,5,0,2,6,2,6,2,6,2,6,2,6,2,6,2,6,2,6,3,8,2,6,2,6
2,6,2,6,2,6,2,6,2,6,2,6,2,6,2,6,2,6,2,6,2,6,6,0,2,6
2,6,2,6,2,6,5,0,2,6,1,5,2,7,2,6,2,6,2,6,2,6,2,4,2,6
Warr
9,0,9,0,10,0,10,0,4,0,6,0,8,0,8,0,8,0,15,0,1,3,8,0,2,5
2,6,3,6,2,6,1,3,1,4,1,4,2,3,1,5,1,5,1,2,8,0,3,6,3,7
3,9,3,6,2,4,2,0,3,6,5,0,3,6,2,5,2,6,2,6,2,5,2,7,2,6
2,6,1,4,1,5,1,4,4,0,3,0,3,0,2,6,2,6,2,4,2,0,2,0,4,0
2,6,3,8,4,0,2,6,2,6,2,6,2,7,2,7,3,7,1,5,1,4,3,7,1,4
2,6,2,5,2,5,1,5,2,5,1,5,1,5,2,4,2,5,3,7,1,3,1,4,1,3
2,5,2,5,2,5,2,6,2,4,1,5,2,4,2,4,2,4,1,4,3,9,1,5,2,5
2,0,3,0,3,0,3,0,1,3,3,5,2,5,2,5,3,7,3,0,1,3,2,5,2,5
2,5,2,5,2,4,2,6,3,7,3,0,3,5,3,5,2,4,2,6,1,3,1,2,2,7
1,3,1,4,1,3,1,3,1,2,3,99,3,5,2,5,2,6,2,6,3,5,2,6,1,4
2,6,2,6,3,5,3,5,9,0,19,0,5,0,6,0,3,7,6,0,6,0,10,0,3,0
7,0,20,0,5,0,20,0,3,5,7,0,5,0,2,5,4,0,2,5,2,5,2,6,4,0
3,7,4,0,1,4,1,3,2,5,3,5,1,4,1,4,2,5,1,4,3,0,2,5,1,4
1,3,2,5,2,6,2,4,4,0,2,6,2,6,2,5,2,6,2,6,2,4,3,9,2,5
1,4,2,4,2,5,3,9,2,5,3,9,2,4,2,5,1,4,2,5,2,5,2,4,2,6
Warl
4,99,4,99,6,99,7,99,8,0,20,0,20,0,20,0,20,0,20,0,9,0,15,0,3,0
20,0,20,0,20,0,3,0,5,0,3,0,5,0,7,0,3,7,3,0,16,0,6,0,2,4
2,6,4,0,3,7,4,0,2,5,4,0,2,6,4,0,2,5,1,3,1,4,1,4,1,5
1,4,1,2,2,4,2,4,1,3,2,4,1,4,1,5,1,5,1,3,2,6,2,6,2,6
2,4,4,0,1,4,3,0,3,6,3,0,3,0,8,0,4,0,3,0,3,0,4,0,3,0
3,0,3,7,3,7,3,0,3,7,3,0,4,0,2,6,3,0,15,0,5,0,1,4,1,2
3,6,1,5,2,4,3,6,1,4,2,5,1,2,1,3,1,4,1,4,6,0,2,6,2,5
2,0,3,0,2,0,2,0,3,0,2,4,2,4,3,5,3,7,2,6,2,4,3,0,2,6
4,0,2,6,3,0,2,6,3,7,3,0,4,0,3,0,1,4,3,0,3,0,4,0,2,5
4,0,6,0,4,0,3,0,3,0,1,99,1,4,1,4,2,4,1,5,1,5,1,4,2,5
2,4,2,5,3,6,2,5,2,5,2,6,1,4,1,99,1,3,2,5,2,5,1,99,1,4
3,5,5,0,2,5,2,7,1,4,2,5,2,5,3,6,1,2,3,6,2,5,3,6,4,0
3,7,6,0,1,4,2,5,2,7,1,4,2,5,1,4,2,6,2,5,1,4,2,3,1,3
2,5,1,4,1,4,2,4,1,4,1,4,1,3,1,4,2,6,1,4,3,0,7,0,2,5
2,6,2,5,2,5,7,0,3,0,6,0,3,0,3,5,2,6,3,0,2,5,2,3,2,6
Ench
6,99,7,99,8,99,9,99,9,0,20,0,20,0,20,0,20,0,20,0,6,0,18,0,5,0
20,0,20,0,20,0,4,0,5,0,3,0,6,0,8,0,4,7,3,5,18,0,7,0,2,5
2,4,2,5,2,4,2,6,2,4,3,0,2,5,3,0,2,6,2,4,1,4,1,4,1,4
1,4,1,2,3,6,2,4,2,5,1,4,1,2,1,2,1,4,1,3,2,5,2,5,2,5
2,6,4,0,4,0,3,0,3,5,3,0,4,0,8,0,7,0,3,0,3,0,7,0,3,0
3,0,3,7,3,7,3,0,3,7,3,0,7,0,1,3,3,0,15,0,5,0,3,6,1,3
3,7,3,0,2,4,2,4,1,3,2,6,1,3,1,3,1,4,1,3,6,0,3,5,2,4
3,5,3,0,3,6,3,6,3,0,3,6,1,5,2,6,3,7,2,5,2,4,3,0,2,7
3,4,2,6,3,0,2,4,3,5,3,0,3,0,3,0,1,4,3,0,3,0,4,0,2,5
4,0,5,0,4,0,3,0,3,0,1,99,1,3,1,4,2,5,2,5,1,5,2,4,2,4
1,3,2,5,2,6,2,4,1,5,8,0,2,5,1,99,1,4,2,5,2,5,1,99,1,4
3,5,7,0,2,5,2,8,1,4,2,5,2,5,2,5,2,5,3,5,3,6,2,6,4,0
3,7,6,0,3,0,2,4,2,0,2,5,3,6,3,0,3,6,3,0,1,3,2,6,1,4
3,0,1,4,1,3,2,4,1,4,1,4,1,2,1,3,2,6,2,6,3,0,8,0,1,3
2,4,3,0,1,3,8,0,1,5,8,0,3,0,2,6,1,4,3,0,2,6,1,3,2,6
