Rang
1,99,2,99,3,99,4,99,3,7,4,0,6,0,6,0,6,0,9,0,4,0,5,0,2,5
2,6,3,6,3,7,2,7,3,5,2,4,4,0,5,0,2,5,4,0,6,14,4,0,5,0
3,7,3,6,3,7,3,7,1,4,2,6,2,6,2,6,1,4,1,4,2,4,1,5,2,6
2,4,1,3,2,5,1,4,2,5,1,3,1,4,1,4,1,2,1,3,2,5,2,5,2,5
1,3,3,7,4,0,2,7,2,7,2,7,2,6,2,7,3,9,2,6,2,5,3,9,2,4
2,5,2,6,2,6,2,6,2,6,2,6,1,4,2,5,2,6,20,0,2,7,1,4,2,6
2,4,2,6,1,4,2,4,2,4,2,5,2,4,2,4,2,5,1,4,3,0,4,0,2,5
1,4,1,4,2,5,2,5,1,4,3,6,2,4,2,5,2,7,1,2,1,4,2,5,2,5
1,3,2,4,2,5,2,6,3,7,3,0,2,7,2,6,2,4,2,4,2,6,2,6,2,7
3,6,2,6,3,6,2,6,2,4,3,99,2,6,2,6,2,6,2,6,3,6,2,6,1,5
2,6,2,6,3,5,3,6,6,0,3,0,3,6,4,99,2,5,3,6,5,0,4,99,3,6
3,6,3,7,2,4,15,0,3,5,4,0,3,5,2,5,3,6,1,4,3,6,2,4,2,6
2,5,3,6,1,3,1,2,2,7,3,5,1,4,3,0,1,3,1,3,3,6,2,6,1,3
2,5,2,6,2,6,2,6,2,6,2,6,2,6,2,6,2,6,2,6,1,5,4,0,2,6
3,0,1,5,2,6,4,0,2,5,4,0,1,5,2,5,2,5,2,6,2,6,3,8,1,3
WarM
2,99,2,99,3,99,4,99,2,7,3,8,3,9,5,0,9,0,12,0,3,8,6,0,3,6
3,6,3,6,3,8,2,5,3,6,2,5,4,0,6,0,2,5,3,7,4,14,3,7,2,5
3,5,3,5,2,5,3,5,2,4,2,6,2,6,3,6,2,6,1,4,2,6,2,5,2,6
2,6,1,4,1,5,1,4,2,6,2,7,3,5,2,6,2,6,2,5,2,5,2,4,3,5
1,5,2,6,4,0,2,4,3,7,2,4,2,6,2,8,3,9,2,7,2,6,3,8,2,5
3,7,2,6,2,6,2,7,2,6,2,6,2,6,2,6,2,5,20,0,3,7,3,6,2,6
3,7,4,0,1,4,3,7,3,7,3,7,2,6,3,6,2,5,2,5,3,0,4,0,3,7
3,7,2,4,2,6,2,6,2,4,3,6,2,6,2,5,3,7,3,8,2,5,3,5,2,7
3,7,2,5,2,6,2,6,3,7,3,0,3,7,3,0,2,4,3,7,2,7,3,7,2,6
2,6,3,7,3,8,3,6,2,6,2,99,2,5,2,6,2,6,2,6,3,5,2,6,1,4
2,6,2,6,3,0,3,6,3,7,10,0,2,7,4,99,3,6,3,6,3,6,4,99,2,7
3,6,2,5,2,6,3,6,3,6,3,0,3,5,2,6,3,5,3,0,3,5,2,6,4,0
3,7,6,0,2,6,1,5,2,6,2,5,2,6,2,6,2,6,2,5,3,8,2,5,2,5
2,5,2,4,2,7,2,5,3,7,2,5,2,5,3,6,2,6,2,6,2,7,4,0,2,6
3,0,3,6,2,6,5,0,3,5,4,0,2,7,2,7,3,6,3,7,2,6,2,5,2,6
Comm
1,99,2,99,3,99,4,99,3,6,3,6,4,0,5,0,6,0,7,0,3,6,2,6,2,6
2,6,2,6,2,6,2,6,2,6,2,6,2,6,2,6,3,6,2,6,6,12,2,6,2,6
2,6,2,6,2,6,2,6,2,6,2,6,2,6,2,6,2,6,2,6,2,6,2,6,2,6
2,6,2,6,3,6,2,6,2,6,2,6,2,6,2,6,2,6,2,6,2,6,2,6,2,6
2,6,2,6,2,6,2,6,2,6,2,6,2,6,2,6,3,6,2,6,2,6,2,6,2,6
2,6,2,6,2,6,2,6,2,6,2,6,2,6,2,6,2,6,15,0,2,6,3,6,2,6
2,6,2,6,2,7,3,7,2,6,2,6,2,6,2,6,2,6,3,8,3,6,2,6,2,6
2,6,2,6,2,6,2,6,2,6,2,6,2,6,2,6,2,6,2,6,2,6,2,6,2,6
2,6,2,6,2,6,2,6,3,7,3,0,2,6,2,6,2,6,2,6,2,6,2,6,2,6
2,6,2,6,2,6,2,6,2,6,2,99,2,6,2,6,2,6,2,6,2,6,2,6,2,6
2,6,2,6,2,6,2,6,3,6,3,6,2,6,2,6,2,6,3,8,3,6,5,99,2,6
3,6,15,0,2,6,3,6,2,6,5,6,3,6,2,6,2,6,2,6,2,6,2,6,3,6
3,7,5,0,2,6,2,6,2,6,2,6,2,6,2,6,2,6,2,6,3,8,2,6,2,6
2,6,2,6,2,6,2,6,2,6,2,6,2,6,2,6,2,6,2,6,2,6,3,6,2,6
2,6,2,6,2,6,3,6,2,6,2,6,2,6,2,6,2,6,2,6,2,6,2,4,2,6
Alch
9,0,9,0,10,0,11,0,9,0,20,0,20,0,20,0,20,0,20,0,9,0,18,0,3,0
15,0,18,0,20,0,4,0,5,0,3,0,6,0,9,0,3,6,6,0,18,0,6,0,2,5
1,3,2,5,1,3,1,2,3,5,2,0,1,4,3,0,2,6,2,4,2,6,1,4,2,5
1,4,1,2,3,6,2,4,1,3,1,3,1,3,1,4,1,4,1,3,1,2,1,2,1,4
2,5,4,0,5,0,3,0,2,6,3,0,3,0,6,0,7,0,3,0,3,0,7,0,3,0
3,0,3,0,3,0,3,0,3,0,3,0,7,0,2,6,3,0,20,0,6,0,3,5,3,6
2,5,6,0,2,4,1,5,2,4,3,5,1,4,1,4,1,4,3,6,9,0,6,0,1,4
1,2,1,3,1,2,1,2,1,3,3,5,1,2,1,3,2,4,1,4,2,5,3,0,1,4
3,0,1,2,3,0,2,6,3,7,3,0,1,2,1,2,1,4,1,3,3,0,5,0,3,0
4,0,5,0,4,0,3,0,3,0,1,99,3,5,2,6,2,6,2,6,3,5,2,6,1,5
2,6,2,6,3,5,3,6,1,3,7,0,2,4,1,99,1,3,2,4,1,3,1,99,1,4
2,5,4,0,1,4,2,7,2,4,1,4,2,5,2,5,2,4,2,0,2,5,2,5,4,0
3,6,5,0,2,5,2,4,3,0,3,5,2,5,1,4,3,7,3,0,1,4,2,6,1,3
3,0,2,5,3,5,2,6,4,0,2,4,2,5,3,6,2,6,2,6,6,0,4,0,3,6
1,3,6,0,3,6,4,0,3,0,4,0,6,0,1,5,3,0,3,0,2,5,2,7,2,5
Cler
1,99,2,99,10,0,11,0,6,0,7,0,9,0,9,0,9,0,20,0,6,0,7,0,2,5
9,0,20,0,20,0,4,0,3,7,2,6,5,0,7,0,3,6,3,6,12,0,5,0,2,4
2,4,2,4,2,4,2,6,2,4,4,0,2,5,2,7,2,4,2,5,1,3,1,3,2,5
1,4,1,2,3,6,2,5,1,3,1,4,1,4,1,4,1,4,2,4,2,6,2,6,2,6
2,0,4,0,5,0,3,0,2,5,2,0,3,0,6,0,5,0,3,0,2,5,5,0,2,5
2,4,2,6,2,6,3,0,2,6,3,0,5,0,1,5,2,7,20,0,5,0,1,4,1,4
2,4,3,0,1,2,3,6,1,2,2,4,1,4,2,4,2,4,2,5,9,0,3,6,2,5
2,0,2,0,2,0,2,5,2,0,2,5,2,4,2,5,3,7,2,5,2,5,2,5,2,7
2,5,2,6,2,6,2,5,3,6,3,0,3,0,3,0,2,4,2,6,2,7,3,7,2,6
3,0,4,0,3,0,2,0,2,6,2,99,2,4,2,7,2,5,2,5,2,6,2,5,2,5
2,5,2,5,2,5,3,7,2,5,1,4,2,4,2,99,1,3,1,4,2,5,1,99,1,4
3,5,4,0,2,4,3,0,1,5,1,4,2,4,1,5,3,6,2,5,3,6,1,5,3,6
2,6,4,0,3,0,2,4,3,0,1,4,3,6,2,5,2,5,3,0,1,3,2,6,1,4
2,6,1,4,3,6,1,4,2,5,2,5,2,6,2,7,2,6,2,6,5,0,7,0,2,7
3,0,5,0,2,7,8,0,3,0,7,0,5,0,2,6,3,0,2,7,2,5,2,6,2,5
Drui
1,99,1,99,10,0,11,0,5,0,8,0,8,0,8,0,9,0,15,0,6,0,5,0,2,5
9,0,20,0,15,0,3,0,3,6,2,5,5,0,7,0,3,7,2,5,10,0,4,0,6,0
3,6,3,6,3,6,4,0,3,6,2,6,2,6,2,7,1,4,2,5,1,2,1,3,2,5
1,4,1,2,3,0,2,5,1,4,1,3,1,4,1,5,1,5,1,2,2,6,2,5,2,6
1,2,1,3,2,4,2,0,1,3,2,0,1,4,4,0,4,0,3,0,2,5,4,0,2,7
2,7,2,7,2,7,3,0,2,7,3,0,3,0,1,5,2,7,20,0,5,0,2,4,2,4
1,2,3,0,2,4,3,6,1,3,2,6,1,4,2,4,2,4,2,5,6,0,3,6,1,5
2,0,2,0,2,0,2,3,2,0,2,6,1,4,2,4,3,7,1,4,2,4,2,5,2,7
1,4,2,6,2,5,2,6,3,7,3,0,3,0,3,0,2,4,2,5,2,7,2,6,2,7
3,0,4,0,3,0,2,0,2,5,2,99,2,4,1,5,2,5,2,5,2,6,2,4,2,4
2,6,2,5,2,6,2,5,2,5,2,5,1,5,2,99,1,3,1,4,2,6,1,99,2,4
3,5,5,0,1,4,3,0,2,5,1,4,2,4,1,4,3,0,1,4,3,0,1,5,2,6
2,6,3,7,2,4,1,4,3,0,1,4,3,5,1,4,1,4,3,0,2,5,3,6,1,4
1,4,3,8,3,6,2,6,1,5,2,5,2,6,2,7,3,6,3,6,3,0,7,0,2,7
3,0,3,0,2,7,8,0,3,0,8,0,3,0,2,5,3,0,2,7,1,5,3,7,1,5
Lay
2,99,3,99,4,99,5,99,8,0,8,0,15,0,20,0,20,0,20,0,3,0,8,0,3,0
7,0,8,0,20,0,3,0,4,0,2,0,7,0,3,0,3,0,1,3,16,0,7,0,2,5
1,2,2,5,3,6,3,9,3,8,5,0,2,4,3,0,2,6,2,5,2,6,2,6,2,5
1,4,1,2,4,0,2,5,2,6,2,6,2,6,1,3,1,3,1,2,3,7,3,7,3,7
2,0,3,0,4,0,3,0,3,7,3,0,2,0,6,0,6,0,3,0,3,0,6,0,3,0
3,0,3,5,3,5,3,0,3,5,3,0,6,0,2,6,3,0,15,0,3,0,1,2,1,4
2,5,2,5,1,2,1,2,1,2,1,2,1,2,1,3,1,4,1,4,9,0,1,3,1,4
2,0,5,0,2,0,2,0,5,0,3,6,1,2,2,5,3,0,1,3,2,4,3,0,2,6
2,5,3,6,3,0,2,6,3,7,3,0,3,0,3,0,2,4,1,2,3,7,3,0,2,6
4,0,5,0,4,0,3,0,2,0,2,99,3,6,2,6,2,6,2,5,3,6,2,0,2,6
2,6,2,5,3,5,3,6,2,6,8,0,2,5,3,99,1,3,2,4,2,6,1,99,2,4
2,5,6,0,1,4,2,7,2,5,2,6,2,5,1,2,2,5,1,2,2,5,1,2,1,3
1,5,2,4,3,0,2,4,3,0,1,4,3,7,1,4,3,9,3,0,3,7,2,7,1,3
3,0,2,5,2,6,2,5,3,0,2,5,2,6,2,6,2,5,2,5,6,0,8,0,2,6
2,6,6,0,2,6,8,0,3,0,8,0,6,0,2,5,3,0,3,0,2,5,4,0,2,5
Ment
4,99,5,99,6,99,7,99,6,0,8,0,15,0,20,0,20,0,20,0,3,0,8,0,3,0
6,0,8,0,20,0,3,0,4,0,2,0,6,0,3,0,3,6,6,0,12,0,6,0,2,5
2,6,2,5,2,4,2,6,2,5,4,0,2,5,3,0,2,6,2,4,2,6,2,6,2,5
1,4,1,2,3,6,2,4,1,4,2,4,1,4,2,6,2,5,2,5,3,6,3,6,3,6
2,0,3,0,4,0,3,0,3,7,3,0,2,0,6,0,5,0,3,0,3,0,5,0,3,0
3,0,3,5,3,5,3,0,3,5,3,0,5,0,2,6,3,0,15,0,3,0,1,4,1,4
2,4,2,4,1,3,1,4,1,3,1,4,1,2,1,2,1,3,1,4,9,0,6,0,2,6
2,0,3,0,2,0,2,5,3,7,3,5,2,6,2,6,3,0,2,6,2,5,3,0,2,7
2,5,2,4,3,0,2,6,3,7,3,0,3,0,3,0,2,4,3,0,3,7,3,0,2,6
4,0,5,0,4,0,3,0,2,0,2,99,2,4,2,6,2,6,2,5,3,5,2,5,2,6
2,6,2,5,3,5,3,6,2,5,8,0,2,5,3,99,1,3,2,4,2,5,1,99,1,4
2,5,6,0,2,4,2,6,2,4,2,6,2,5,2,6,1,5,3,6,3,6,2,6,4,0
3,7,6,0,3,0,1,3,3,0,2,4,3,6,3,0,3,8,3,0,2,5,2,6,1,3
3,0,2,4,2,6,2,5,2,5,2,5,2,6,2,6,2,5,2,5,5,0,7,0,2,6
3,0,5,0,2,6,8,0,3,0,7,0,5,0,2,6,3,0,3,0,2,6,2,5,2,6
Sage
4,99,5,99,6,99,7,99,8,0,10,0,15,0,20,0,20,0,20,0,4,0,20,0,3,0
15,0,20,0,20,0,3,0,7,0,3,0,9,0,9,0,3,0,7,0,16,0,9,0,1,2
1,3,1,3,1,3,1,2,1,3,2,0,1,2,2,4,1,4,1,3,1,3,1,4,1,3
1,2,1,2,1,3,1,4,1,3,1,3,1,3,1,3,1,3,1,3,1,3,1,3,1,3
3,0,3,0,4,0,3,0,3,7,4,0,3,0,6,0,7,0,3,0,3,0,8,0,5,0
3,0,3,0,5,0,3,0,3,0,3,0,9,0,2,6,3,0,15,0,7,0,3,5,3,7
3,6,8,0,1,4,2,5,1,4,2,5,1,3,1,3,1,2,1,5,9,0,6,0,2,6
2,5,4,0,2,5,2,5,3,7,1,4,2,5,3,0,2,6,1,3,2,5,3,0,3,8
5,0,2,6,4,0,3,6,3,9,4,0,5,0,5,0,1,3,4,0,5,0,4,0,4,0
3,0,6,0,4,0,3,0,4,0,1,99,2,6,3,6,1,4,1,2,1,4,1,4,2,5
1,5,1,4,2,5,2,5,2,5,8,0,1,4,1,99,1,4,2,5,1,4,1,99,1,4
2,5,3,7,1,4,2,7,1,4,3,0,1,4,2,5,2,4,1,5,3,6,2,4,4,0
2,5,5,0,3,0,1,3,2,0,2,4,3,5,3,6,1,3,3,6,1,3,2,4,1,3
2,6,2,6,2,4,2,4,2,5,2,6,2,6,2,6,2,7,1,5,6,0,8,0,2,7
2,4,6,0,3,6,8,0,3,0,7,0,5,0,2,5,3,0,3,0,2,5,2,4,2,6
Myst
4,99,5,99,6,99,7,99,9,0,20,0,20,0,20,0,20,0,20,0,6,0,18,0,3,0
20,0,20,0,20,0,4,0,5,0,3,0,6,0,8,0,2,7,3,5,18,0,7,0,2,5
2,4,2,5,2,4,2,6,2,4,3,0,2,5,3,0,2,6,2,4,1,4,1,4,2,5
1,4,1,2,3,6,2,4,1,3,1,4,1,2,1,4,1,4,1,4,2,5,2,5,2,5
2,6,4,0,4,0,3,0,3,5,3,0,3,0,8,0,7,0,3,0,3,0,7,0,3,0
3,0,3,7,3,7,3,0,3,7,3,0,7,0,2,4,3,0,15,0,5,0,1,3,1,3
1,4,3,0,2,4,2,4,1,3,2,6,1,3,1,3,1,4,1,3,4,0,3,5,2,6
3,5,3,0,3,6,3,6,3,0,3,6,2,6,3,6,3,7,2,5,2,4,3,0,2,7
3,4,2,6,3,0,2,5,3,6,3,0,3,0,3,0,1,4,3,0,3,0,4,0,2,5
4,0,5,0,4,0,3,0,3,0,1,99,1,3,1,4,2,5,2,5,3,6,2,4,1,3
2,5,2,5,3,6,2,4,2,5,8,0,2,5,1,99,1,4,2,5,2,5,1,99,1,4
3,5,7,0,2,5,2,6,1,4,2,5,2,5,2,5,2,5,3,5,3,6,2,6,4,0
3,7,6,0,1,4,1,4,2,0,1,3,1,4,2,0,2,4,2,0,1,3,2,5,1,3
2,4,2,5,1,4,2,5,2,4,1,5,1,3,1,2,2,4,2,4,2,0,7,0,1,2
2,4,2,0,1,2,7,0,2,5,7,0,2,0,3,6,1,5,3,0,2,6,1,3,2,6
Crys
10,0,12,0,15,0,20,0,9,0,12,0,15,0,20,0,20,0,20,0,9,0,20,0,2,4
20,0,20,0,20,0,3,0,9,0,4,0,9,0,9,0,3,0,9,0,18,0,9,0,2,4
3,5,4,0,3,7,4,0,2,6,1,4,2,6,1,4,3,7,2,4,2,6,3,7,2,7
2,5,1,3,2,4,2,4,2,4,2,5,2,4,2,4,2,5,1,4,1,4,1,4,1,4
3,0,4,0,5,0,5,0,4,0,4,0,4,0,8,0,5,0,3,0,3,0,3,7,4,0
3,7,2,6,2,6,4,0,5,0,3,0,8,0,2,6,3,0,20,0,5,0,2,5,2,6
1,4,9,0,1,4,2,6,1,4,2,5,1,4,1,4,1,4,1,3,9,0,9,0,3,7
2,5,3,7,1,4,1,4,3,7,3,6,2,5,3,0,3,7,5,0,2,4,3,0,2,4
6,0,2,6,3,7,2,6,3,7,3,0,2,4,2,4,2,4,3,0,3,7,2,6,3,0
3,7,4,0,4,0,3,7,3,0,2,99,2,6,3,8,2,5,2,5,2,5,2,4,2,6
2,4,2,6,2,5,3,7,2,5,8,0,2,4,1,99,1,4,2,6,2,6,1,99,2,4
3,5,6,0,2,4,3,8,1,5,2,3,2,4,4,0,2,6,2,6,3,5,2,6,4,0
2,6,5,0,3,6,1,2,2,0,2,6,2,6,3,7,3,7,3,5,2,4,3,5,1,4
2,7,2,5,2,6,2,4,2,4,2,4,2,6,2,6,4,0,2,4,4,0,6,0,5,0
4,0,2,6,3,6,4,0,3,0,6,0,5,0,3,7,4,0,1,3,2,6,3,7,2,6
Mont
2,99,3,99,4,99,5,99,3,9,4,0,6,0,6,0,6,0,9,0,3,0,5,0,2,5
3,5,3,6,5,0,2,7,2,6,2,5,5,0,6,0,2,5,5,0,6,18,5,0,2,6
3,5,2,5,2,5,2,5,2,5,6,0,3,6,2,4,2,5,1,4,2,6,3,7,3,0
3,0,2,0,1,4,1,3,4,0,2,0,4,0,2,0,2,0,1,5,2,5,2,5,4,0
1,4,3,6,4,0,1,5,1,4,1,5,2,6,3,8,3,9,2,6,2,5,3,9,2,5
2,6,2,7,2,7,2,6,2,7,2,5,2,6,1,3,2,6,15,0,2,7,3,7,2,6
3,6,2,6,3,7,4,0,3,6,3,7,3,6,3,6,2,7,5,0,4,0,1,4,2,4
2,4,1,3,2,5,2,5,1,3,2,4,2,5,2,4,2,6,6,0,2,6,1,5,2,7
1,5,2,4,2,4,2,6,3,7,3,0,2,7,3,7,2,4,2,6,2,6,2,5,1,5
3,6,3,6,3,6,2,6,2,5,3,99,2,5,1,5,2,6,2,5,2,4,2,4,1,4
2,6,2,5,2,4,2,5,6,0,13,0,3,6,4,99,2,5,3,6,5,0,4,99,2,4
3,6,3,9,3,6,10,0,3,5,4,0,3,5,2,5,4,0,3,0,2,6,2,6,4,0
3,7,7,0,1,3,1,4,2,4,2,5,1,4,1,4,1,4,1,4,5,0,1,4,2,4
1,4,1,4,1,4,2,6,1,4,1,4,1,4,1,2,2,4,2,4,1,3,2,6,1,3
2,4,1,3,1,3,2,6,1,3,2,5,2,5,1,3,1,3,2,4,1,3,1,3,2,5
Arci
10,0,14,0,20,0,20,0,9,0,20,0,20,0,20,0,20,0,20,0,10,0,18,0,3,0
18,0,18,0,20,0,5,0,5,0,3,0,6,0,9,0,3,6,6,0,18,0,6,0,2,5
2,4,2,5,2,4,2,6,3,5,3,0,2,6,3,0,2,6,2,4,2,6,1,4,2,5
1,4,1,2,3,6,2,4,1,2,1,3,1,2,1,2,2,5,2,6,1,4,1,4,2,6
4,0,4,0,2,5,4,0,2,5,4,0,5,0,10,0,10,0,3,0,3,0,6,0,3,0
3,0,3,0,3,0,3,0,3,0,5,0,7,0,2,6,3,0,20,0,7,0,3,0,1,3
1,3,5,0,1,2,1,3,1,5,3,5,1,5,1,5,1,4,1,4,10,0,6,0,2,6
3,7,4,0,2,5,2,4,4,0,3,6,2,6,2,7,2,5,2,6,2,4,2,5,2,5
3,0,2,5,3,0,2,6,3,7,3,0,3,0,3,0,1,2,3,0,3,0,5,0,3,0
4,0,5,0,4,0,3,0,3,0,1,99,2,4,2,6,2,6,2,6,3,6,2,6,1,5
2,6,2,6,3,5,3,6,2,5,2,5,1,4,1,99,1,2,2,4,2,5,2,99,1,4
2,5,4,0,2,4,2,6,2,4,1,4,2,4,2,6,2,4,2,0,3,6,2,6,4,0
3,7,6,0,3,0,2,4,4,0,2,5,3,6,3,0,3,0,3,0,1,2,2,6,1,2
3,0,2,4,3,5,2,6,3,0,2,4,2,5,3,6,2,6,2,6,5,0,12,0,3,6
3,0,5,0,3,6,12,0,3,0,7,0,8,0,3,6,3,0,3,0,2,6,3,6,2,6
Heal
2,99,3,99,10,0,11,0,9,0,20,0,20,0,20,0,20,0,20,0,6,0,18,0,2,6
20,0,20,0,20,0,4,0,3,6,2,5,7,0,9,0,4,0,3,6,18,0,7,0,2,5
3,6,2,5,3,6,3,7,2,4,5,0,2,6,2,7,2,4,2,5,1,4,1,3,2,5
1,4,1,2,4,0,2,5,2,5,2,5,2,5,1,3,1,3,1,2,3,7,3,7,3,7
2,0,4,0,5,0,3,0,2,5,2,0,3,0,1,3,6,0,3,0,2,5,6,0,2,6
2,5,2,7,2,7,3,0,2,7,3,0,6,0,2,4,2,7,20,0,5,0,1,2,1,2
2,5,3,0,1,2,3,6,1,2,2,4,1,2,1,3,2,4,2,5,9,0,3,6,2,5
2,0,5,0,2,0,2,0,5,0,2,6,1,5,2,6,3,7,1,3,2,4,2,6,2,7
2,6,2,6,2,5,2,6,3,7,3,0,3,0,3,0,2,4,2,6,2,7,2,6,2,7
3,0,4,0,3,0,2,0,2,5,2,99,2,4,2,7,2,6,2,6,2,6,2,6,2,6
2,6,2,6,2,6,3,7,3,7,2,5,2,5,2,99,1,3,1,4,2,6,1,99,2,4
3,5,5,0,1,4,3,0,2,5,1,4,2,4,1,3,3,6,1,2,2,5,1,2,1,3
1,5,2,5,3,0,2,4,3,0,1,3,3,6,1,3,2,7,3,0,3,6,3,6,1,2
3,5,2,4,3,6,2,4,3,7,2,5,2,6,2,7,2,6,2,6,6,0,8,0,2,7
3,0,6,0,2,7,8,0,3,0,8,0,6,0,2,6,3,0,2,7,2,5,2,7,2,5
Arch
9,0,9,0,10,0,11,0,9,0,20,0,20,0,20,0,20,0,20,0,6,0,18,0,3,0
18,0,18,0,20,0,5,0,5,0,3,0,6,0,9,0,3,6,6,0,18,0,6,0,2,5
2,4,2,5,2,4,2,6,3,5,3,0,2,6,3,0,2,6,2,4,2,6,1,4,2,5
1,4,1,2,3,6,2,4,1,2,1,3,1,2,2,5,2,5,2,6,1,4,1,4,2,6
4,0,4,0,2,5,4,0,2,5,4,0,4,0,8,0,7,0,3,0,3,0,6,0,3,0
3,0,3,0,3,0,3,0,3,0,3,0,7,0,2,6,3,0,15,0,5,0,3,0,1,3
1,3,5,0,1,2,1,3,1,5,1,5,1,5,1,5,1,4,1,4,9,0,6,0,2,6
3,7,4,0,2,5,2,4,4,0,3,6,2,6,2,7,2,5,2,6,2,4,3,0,2,5
3,0,2,5,3,0,2,6,3,7,3,0,3,0,3,0,1,2,3,0,3,0,5,0,3,0
4,0,5,0,4,0,3,0,3,0,1,99,2,4,2,6,2,6,2,6,3,6,2,6,1,5
2,6,2,6,3,5,3,6,1,4,2,5,1,4,1,99,1,2,2,4,1,4,2,99,1,4
2,5,4,0,2,4,2,6,2,4,1,4,2,4,2,6,2,4,2,0,3,6,2,6,4,0
3,7,6,0,3,0,2,4,2,0,2,5,3,6,3,0,3,0,3,0,1,2,2,6,1,2
3,0,2,4,3,5,2,6,3,0,2,4,2,5,3,6,2,6,2,6,5,0,7,0,3,6
3,0,5,0,3,6,7,0,3,0,7,0,5,0,3,6,3,0,3,0,2,6,3,6,2,6
Nobl
1,99,1,99,2,99,3,99,2,5,2,7,3,8,4,0,4,0,6,0,3,7,3,6,2,6
2,5,3,6,3,7,2,5,2,5,2,6,2,5,4,0,1,4,3,6,4,10,3,7,2,5
2,7,2,5,3,7,3,5,1,3,3,0,2,6,3,6,2,5,1,3,2,5,2,5,2,6
2,4,1,2,1,4,1,3,2,4,1,4,2,5,2,5,2,4,1,4,2,4,2,4,2,5
1,4,3,7,2,5,2,6,2,6,2,6,2,4,2,5,2,5,2,5,2,6,2,5,2,4
2,5,2,6,2,7,2,5,2,6,1,4,1,5,2,4,2,6,20,0,2,7,1,5,1,4
3,6,2,5,2,4,3,7,3,7,3,8,3,7,3,7,2,6,1,4,2,5,1,4,3,6
1,4,1,3,2,5,2,5,1,3,3,6,2,6,2,5,2,6,3,0,1,4,2,6,2,7
2,6,2,4,2,5,2,6,3,7,3,0,3,5,3,5,1,4,2,4,2,6,2,5,2,7
3,6,3,6,3,6,2,6,2,4,3,99,2,5,2,5,2,6,2,6,3,6,1,4,1,5
2,6,2,6,3,6,3,6,5,0,20,0,3,6,4,99,2,5,2,6,7,0,4,99,3,6
3,6,2,6,2,5,6,0,3,5,3,7,3,5,1,5,4,0,3,0,3,6,1,5,4,0
2,5,7,0,1,4,2,4,2,4,1,3,2,4,1,4,2,4,1,4,3,6,2,6,2,4
2,5,1,4,2,4,3,6,1,4,1,3,2,6,3,6,3,6,3,6,1,5,6,0,3,6
6,0,3,0,3,6,4,0,4,0,2,5,1,5,2,5,3,0,3,6,2,6,4,0,1,4
Sleu
1,99,2,99,4,99,8,0,3,7,5,0,7,0,7,0,7,0,10,0,4,0,5,0,2,5
3,5,3,6,5,0,2,7,2,6,2,5,5,0,5,0,2,5,5,0,6,0,5,0,1,5
2,4,2,5,2,4,2,4,1,2,2,5,2,5,2,6,2,6,2,4,2,5,2,6,1,4
1,2,1,3,2,5,2,4,2,5,2,5,1,4,1,4,2,4,1,4,2,4,2,4,2,5
1,5,3,7,4,0,2,7,2,7,2,7,2,6,3,8,3,9,2,6,2,5,3,9,2,5
2,6,2,7,2,7,2,6,2,7,2,6,2,6,1,3,2,6,20,0,2,7,2,5,2,6
2,5,2,6,2,6,2,4,2,4,2,5,2,4,2,4,1,3,2,5,3,0,6,0,2,6
1,3,2,5,2,4,2,4,2,5,1,5,2,6,2,5,2,5,2,6,1,4,2,5,2,6
2,5,3,5,2,6,1,2,1,3,1,4,3,5,2,7,2,4,2,4,2,6,2,5,1,5
3,6,3,6,3,6,2,6,2,5,2,99,1,4,1,5,1,2,1,2,1,5,1,2,1,5
1,2,1,3,2,4,2,5,6,0,3,0,3,6,4,99,2,5,3,6,4,0,4,99,2,4
3,6,3,9,3,6,10,0,3,5,4,0,3,5,2,5,2,5,1,4,2,5,2,6,4,0
3,7,6,0,1,4,1,4,1,3,1,2,1,5,2,0,2,4,1,4,3,6,2,5,1,3
2,6,1,4,1,4,2,6,1,4,1,4,1,4,1,5,1,5,1,5,2,7,3,6,1,5
3,0,2,7,1,5,3,6,2,4,4,0,2,5,2,6,2,4,2,6,2,6,1,4,2,6
Magi
9,0,9,0,10,0,11,0,9,0,20,0,20,0,20,0,20,0,20,0,9,0,18,0,3,0
15,0,18,0,20,0,5,0,5,0,3,0,6,0,9,0,3,6,6,0,18,0,6,0,2,5
2,4,2,5,2,4,2,6,3,5,3,0,2,6,3,0,2,6,2,4,2,6,1,4,2,5
1,4,1,2,3,6,2,4,1,2,1,3,1,2,2,5,2,5,2,6,1,4,1,4,2,6
2,5,4,0,4,0,3,0,2,6,3,0,3,0,8,0,6,0,3,0,3,0,6,0,3,0
3,0,3,0,3,0,3,0,3,0,3,0,6,0,2,6,3,0,20,0,6,0,3,5,1,4
1,3,5,0,2,4,1,5,2,4,3,5,1,4,1,3,1,4,2,5,9,0,6,0,2,6
3,7,4,0,2,5,2,4,4,0,3,5,2,6,2,6,3,0,2,6,2,4,3,0,2,4
3,0,2,6,3,0,2,6,3,7,3,0,3,0,3,0,1,4,3,0,3,0,5,0,3,0
4,0,5,0,4,0,3,0,3,0,2,99,2,4,2,6,2,6,2,6,3,5,2,6,1,5
2,6,2,6,3,5,3,6,1,4,7,0,1,4,1,99,1,3,2,4,1,4,1,99,1,4
2,5,6,0,2,4,2,5,2,4,1,4,2,5,2,6,2,4,2,6,3,6,2,6,4,0
3,7,6,0,3,0,2,4,3,0,2,5,3,6,3,0,3,6,3,0,1,3,2,6,1,4
3,0,2,4,3,5,2,6,3,0,2,4,2,5,3,6,2,6,2,6,5,0,7,0,3,6
3,0,5,0,3,6,8,0,3,0,7,0,5,0,3,6,3,0,3,0,2,6,3,0,2,6
