5K05
0002
0444
0062
0046
0153
 1
   4
0520
0001
0001
0533
2K05
-1
4A30
0003
0400
0112
0060
0075
 1
  14
0520
0000
6M10
0001
0050
0111
0029
0060
-1
  23
0534
0000
4M35
0001
2334
0025
0035
0075
-1
  23
0544
0000
8T81
0001
0535
0067
0058
0035
-1
  23
0550
0000
4G13
0001
0420
0060
0112
0075
-1
  23
0553
0000
1M11
0003
2355
0008
0072
0080
 1
   4
0555
0000
2C05
0001
0548
0067
0063
0323
-1
  23
0556
0002
0001
0601
2C05
-1
0002
0603
2C05
-1
5C07
0001
0500
0070
0063
0323
-1
  23
0600
0002
0001
0627
2C07
-1
0002
0629
2C07
-1
1A00
0003
0519
0063
0072
0086
 1
   4
0603
0001
0001
0607
1A00
 1
6G05
0001
0420
0059
0058
0060
-1
  23
0610
0000
9O80
0003
0600
0065
0125
0100
 1
   4
0618
0001
0001
0622
9O80
 1
4L91
0003
0430
0042
0026
0075
 1
   4
0622
0000
5B00
0003
0545
0062
0068
0323
 1
   4
0624
0001
0001
0632
2B00
 1
1M16
0003
2030
0001
0072
0080
 1
   4
0630
0000
1A03
0003
0549
0063
0072
0086
 1
   4
0633
0001
0001
0637
1A03
 1
2B63
0001
0554
0069
0065
0321
-1
  23
0643
0001
0001
0647
2B63
-1
2C02
0001
0618
0065
0063
0323
 1
   4
0646
0003
0002
0648
2C02
 1
0001
0720
2C15
-1
0002
0722
2C15
-1
1A01
0003
0500
0032
0072
0090
 1
   4
0649
0000
5C13
0001
0615
0062
0065
0323
 1
   4
0651
0002
0001
0704
2C13
-1
0002
0706
2C13
-1
1A05
0003
0619
0063
0072
0086
 1
   4
0703
0001
0001
0707
1A05
 1
4L89
0003
0538
0042
0025
0075
 1
   4
0710
0000
4O22
0004
0530
0042
0104
0075
 1
  14
0713
0000
2C52
0001
0622
0063
0063
0323
 1
   4
0717
0003
0002
0719
2C52
 1
0001
0739
2C17
-1
0002
0741
2C17
-1
2G18
0002
0635
0049
0057
0156
 1
  14
0722
0001
0001
0734
2E57
-1
1O04
0004
0517
0032
0105
0043
 1
   4
0723
0001
0001
0727
1O04
 1
1A06
0003
0545
0036
0072
0087
 1
   4
0724
0000
2B11
0001
0534
0072
0065
0321
-1
  23
0730
0001
0001
0734
2B11
-1
1A08
0003
0649
0063
0072
0086
 1
   4
0734
0001
0001
0737
1A08
 1
1A07
0003
0600
0032
0072
0087
 1
   4
0737
0000
1S47
0001
0630
0072
0008
0087
-1
  23
0739
0000
2C56
0001
0652
0063
0065
0323
 1
   4
0747
0003
0002
0748
2C56
 1
0001
0810
2C21
-1
0002
0812
2C21
-1
2B79
0001
0720
0068
0065
0323
-1
  23
0748
0001
0001
0752
2B79
-1
1P10
0003
0733
0065
0072
0090
 1
   4
0751
0000
1A09
0003
0600
0030
0072
0087
 1
   4
0754
0000
1G15
0001
0635
0072
0063
0086
-1
  23
0754
0001
0001
0757
1G15
-1
2B58
0003
0736
0065
0072
0321
 1
   4
0758
0001
0001
0802
2B58
 1
1M05
0001
0604
0100
0032
0047
-1
  17
0758
0001
0001
0802
1M05
-1
1A14
0003
0719
0063
0072
0086
 1
   4
0803
0001
0001
0807
1A14
 1
1H06
0001
0655
0072
0032
0087
-1
  23
0804
0000
2G02
0002
0655
0046
0056
0153
 1
  14
0805
0001
0001
0824
2K07
-1
4H34
0001
0632
0060
0034
0075
-1
  23
0807
0000
1P51
0001
0700
0072
0036
0087
-1
  23
0809
0000
9O86
0003
0605
0032
0126
0100
 1
   4
0814
0001
0001
0818
9O86
 1
1P11
0003
0502
0040
0072
0043
 1
   4
0818
0000
4A10
0003
0514
0034
0060
0075
 1
   4
0818
0000
2C08
0001
0722
0063
0063
0323
 1
   4
0821
0003
0002
0822
2C08
 1
0001
0834
2C27
-1
0002
0836
2C27
-1
1G16
0001
0715
0072
0065
0086
-1
  23
0823
0001
0001
0827
1G16
-1
1O06
0004
0617
0032
0105
0043
 1
   4
0824
0001
0001
0827
1O06
 1
1P12
0003
0645
0032
0072
0090
 1
   4
0825
0000
1P15
0003
0645
0036
0072
0087
 1
   4
0830
0000
1A18
0003
0749
0063
0072
0087
 1
   4
0833
0001
0001
0837
1A18
 1
4M45
0001
0301
0025
0042
0075
-1
  23
0836
0000
1P16
0003
0525
0009
0072
0087
 1
   4
0837
0000
1N11
0001
0735
0072
0030
0087
-1
  23
0839
0000
2B17
0001
0644
0072
0065
0321
-1
  23
0840
0001
0001
0846
2B17
-1
2C12
0001
0703
0044
0063
0310
 1
   4
0846
0003
0002
0848
2C12
 1
0001
0904
2C29
-1
0002
0906
2C29
-1
1P17
0003
0710
0032
0072
0090
 1
   4
0850
0000
2B68
0003
0833
0065
0072
0321
 1
   4
0853
0001
0001
0858
2B68
 1
1G17
0001
0745
0072
0063
0086
-1
  23
0853
0001
0001
0857
1G17
-1
1S54
0001
0554
0105
0004
0047
-1
  17
0858
0001
0001
0903
1S54
-1
1P53
0001
0755
0072
0032
0090
-1
  23
0859
0000
1A21
0003
0819
0063
0072
0087
 1
   4
0903
0001
0001
0907
1A21
 1
1F12
0001
0800
0072
0036
0087
-1
  23
0904
0000
2G08
0002
0851
0056
0073
0153
 1
  14
0904
0001
0001
0919
2K09
-1
1A20
0003
0730
0032
0072
0090
 1
   4
0912
0000
2C14
0001
0822
0063
0063
0323
 1
   4
0916
0003
0002
0918
2C14
 1
0001
0934
2C31
-1
0002
0936
2C31
-1
6M66
0003
1900
0002
0060
0060
 1
   4
0918
0000
1A23
0003
0725
0030
0072
0087
 1
   4
0922
0000
1G18
0001
0815
0072
0065
0086
-1
  23
0923
0001
0001
0927
1G18
-1
1O66
0004
0717
0032
0108
0047
 1
   4
0923
0001
0001
0927
1O66
 1
1A24
0003
0915
0065
0072
0087
 1
   4
0933
0001
0001
0937
1A24
 1
1S55
0001
0835
0072
0008
0087
-1
  23
0937
0000
8T81
0003
0900
0058
0067
0035
 1
   4
0940
0000
2B23
0001
0744
0072
0065
0321
-1
  23
0940
0001
0001
0946
2B23
-1
2C16
0001
0852
0063
0063
0323
 1
   4
0947
0003
0002
0948
2C16
 1
0001
1004
2C33
-1
0002
1006
2C33
-1
2B78
0003
0936
0065
0072
0321
 1
   4
0953
0001
0001
0956
2B78
 1
1G19
0001
0845
0072
0063
0086
-1
  23
0953
0001
0001
0957
1G19
-1
1A22
0003
0745
0036
0072
0087
 1
   4
0957
0000
4H35
0001
0831
0060
0034
0075
-1
  23
1008
0000
