0
115
50
3
0
0
608
0
0
0
0
0
0
0
7
7
0
0
25
0
0
0
0
0
0
0
0
0
0
0
0
0
0
0
0
0
0
0
0
0
0
0
0
0
0
0
0
0
0
0
0
0
0
0
0
0
0
115
87
3
0
0
608
0
0
0
0
0
0
0
7
7
0
0
25
0
0
0
0
0
0
0
0
0
0
0
0
0
0
0
0
0
0
0
0
0
0
0
0
0
0
0
0
0
0
0
0
0
0
0
0
0
0
112
87
3
0
0
608
0
0
0
0
0
0
0
7
7
0
0
25
0
0
0
0
0
0
0
0
0
0
0
0
0
0
0
0
0
0
0
0
0
0
0
0
0
0
0
0
0
0
0
0
0
0
0
0
0
0
112
83
3
0
0
608
0
0
0
0
0
0
0
7
7
0
0
25
0
0
0
0
0
0
0
0
0
0
0
0
0
0
0
0
0
0
0
0
0
0
0
0
0
0
0
0
0
0
0
0
0
0
0
0
0
0
93
83
3
0
0
608
0
0
0
0
0
0
0
7
7
0
0
25
0
0
0
0
0
0
0
0
0
0
0
0
0
0
0
0
0
0
0
0
0
0
0
0
0
0
0
0
0
0
0
0
0
0
0
0
0
0
93
89
3
0
0
608
0
0
0
0
0
0
0
7
7
0
0
25
0
0
0
0
0
0
0
0
0
0
0
0
0
0
0
0
0
0
0
0
0
0
0
0
0
0
0
0
0
0
0
0
0
0
0
0
0
0
85
89
3
0
0
608
0
0
0
0
0
0
0
7
7
0
0
25
0
0
0
0
0
0
0
0
0
0
0
0
0
0
0
0
0
0
0
0
0
0
0
0
0
0
0
0
0
0
0
0
0
0
0
0
0
0
85
81
3
0
0
608
0
0
0
0
0
0
0
7
7
0
0
25
0
0
0
0
0
0
0
0
0
0
0
0
0
0
0
0
0
0
0
0
0
0
0
0
0
0
0
0
0
0
0
0
0
0
0
0
0
0
74
81
3
0
0
608
0
0
0
0
0
0
0
7
7
0
0
25
0
0
0
0
0
0
0
0
0
0
0
0
0
0
0
0
0
0
0
0
0
0
0
0
0
0
0
0
0
0
0
0
0
0
0
0
0
0
74
63
3
0
0
608
0
0
0
0
0
0
0
7
7
0
0
25
0
0
0
0
0
0
0
0
0
0
0
0
0
0
0
0
0
0
0
0
0
0
0
0
0
0
0
0
0
0
0
0
0
0
0
0
0
0
83
63
3
0
0
608
0
0
0
0
0
0
0
7
7
0
0
25
0
0
0
0
0
0
0
0
0
0
0
0
0
0
0
0
0
0
0
0
0
0
0
0
0
0
0
0
0
0
0
0
0
0
0
0
0
0
83
56
3
0
0
608
0
0
0
0
0
0
0
7
7
0
0
25
0
0
0
0
0
0
0
0
0
0
0
0
0
0
0
0
0
0
0
0
0
0
0
0
0
0
0
0
0
0
0
0
0
0
0
0
0
0
91
56
3
0
0
608
0
0
0
0
0
0
0
7
7
0
0
25
0
0
0
0
0
0
0
0
0
0
0
0
0
0
0
0
0
0
0
0
0
0
0
0
0
0
0
0
0
0
0
0
0
0
0
0
0
0
91
47
3
0
0
608
0
0
0
0
0
0
0
7
7
0
0
25
0
0
0
0
0
0
0
0
0
0
0
0
0
0
0
0
0
0
0
0
0
0
0
0
0
0
0
0
0
0
0
0
0
0
0
0
0
0
106
47
3
0
0
608
0
0
0
0
0
0
0
7
7
0
0
25
0
0
0
0
0
0
0
0
0
0
0
0
0
0
0
0
0
0
0
0
0
0
0
0
0
0
0
0
0
0
0
0
0
0
0
0
0
0
106
50
3
0
0
608
0
0
0
0
0
0
0
7
7
0
0
25
0
0
0
0
0
0
0
0
0
0
0
0
0
0
0
0
0
0
0
0
0
0
0
0
0
0
0
0
0
0
0
0
0
0
0
0
0
0
51
141
3
0
0
608
0
0
0
0
0
0
0
7
7
0
0
25
0
0
0
0
0
0
0
0
0
0
0
0
0
0
0
0
0
0
0
0
0
0
0
0
0
0
0
0
0
0
0
0
0
0
0
0
0
0
63
141
3
0
0
608
0
0
0
0
0
0
0
7
7
0
0
25
0
0
0
0
0
0
0
0
0
0
0
0
0
0
0
0
0
0
0
0
0
0
0
0
0
0
0
0
0
0
0
0
0
0
0
0
0
0
63
146
3
0
0
608
0
0
0
0
0
0
0
7
7
0
0
25
0
0
0
0
0
0
0
0
0
0
0
0
0
0
0
0
0
0
0
0
0
0
0
0
0
0
0
0
0
0
0
0
0
0
0
0
0
0
51
146
3
0
0
608
0
0
0
0
0
0
0
7
7
0
0
25
0
0
0
0
0
0
0
0
0
0
0
0
0
0
0
0
0
0
0
0
0
0
0
0
0
0
0
0
0
0
0
0
0
0
0
0
0
0
97
65
3
0
0
617
0
0
0
0
0
0
0
7
7
0
0
25
0
0
0
0
0
0
0
0
0
0
0
0
0
0
0
0
0
0
0
0
0
0
0
0
0
0
0
0
0
0
0
0
0
0
0
0
0
0
60
84
0
0
0
609
3
0
0
0
0
0
0
2
2
0
0
25
0
0
0
100
0
2
3
3
70
5
400
1
1
4
100
20
401
10
2
0
0
0
0
0
0
0
0
0
0
0
0
0
0
0
0
0
0
0
83
83
0
0
0
609
0
0
0
0
0
0
0
2
2
0
0
25
0
0
0
100
0
2
3
3
70
5
400
1
1
4
100
20
401
10
2
0
0
0
0
0
0
0
0
0
0
0
0
0
0
0
0
0
0
0
89
90
0
0
0
609
4
0
0
0
0
0
0
2
2
0
0
25
0
0
0
100
0
2
3
3
70
5
400
1
1
4
100
20
401
10
2
0
0
0
0
0
0
0
0
0
0
0
0
0
0
0
0
0
0
0
96
86
0
0
0
609
1
0
0
0
0
0
0
2
2
0
0
25
0
0
0
100
0
2
3
3
70
5
400
1
1
4
100
20
401
10
2
0
0
0
0
0
0
0
0
0
0
0
0
0
0
0
0
0
0
0
123
84
0
0
0
609
4
0
0
0
0
0
0
2
2
0
0
25
0
0
0
100
0
2
3
3
70
5
400
1
1
4
100
20
401
10
2
0
0
0
0
0
0
0
0
0
0
0
0
0
0
0
0
0
0
0
118
62
0
0
0
609
7
0
0
0
0
0
0
2
2
0
0
25
0
0
0
100
0
2
3
3
70
5
400
1
1
4
100
20
401
10
2
0
0
0
0
0
0
0
0
0
0
0
0
0
0
0
0
0
0
0
118
68
0
0
0
609
6
0
0
0
0
0
0
2
2
0
0
25
0
0
0
100
0
2
3
3
70
5
400
1
1
4
100
20
401
10
2
0
0
0
0
0
0
0
0
0
0
0
0
0
0
0
0
0
0
0
86
52
0
0
0
609
7
0
0
0
0
0
0
2
2
0
0
25
0
0
0
100
0
2
3
3
70
5
400
1
1
4
100
20
401
10
2
0
0
0
0
0
0
0
0
0
0
0
0
0
0
0
0
0
0
0
68
71
0
0
0
609
0
0
0
0
0
0
0
2
2
0
0
25
0
0
0
100
0
2
3
3
70
5
400
1
1
4
100
20
401
10
2
0
0
0
0
0
0
0
0
0
0
0
0
0
0
0
0
0
0
0
72
76
0
0
0
609
2
0
0
0
0
0
0
2
2
0
0
25
0
0
0
100
0
2
3
3
70
5
400
1
1
4
100
20
401
10
2
0
0
0
0
0
0
0
0
0
0
0
0
0
0
0
0
0
0
0
49
137
0
0
0
609
3
0
0
0
0
0
0
2
2
0
0
25
0
0
0
100
0
2
3
3
70
5
400
1
1
4
100
20
401
10
2
0
0
0
0
0
0
0
0
0
0
0
0
0
0
0
0
0
0
0
56
130
0
0
0
609
3
0
0
0
0
0
0
2
2
0
0
25
0
0
0
100
0
2
3
3
70
5
400
1
1
4
100
20
401
10
2
0
0
0
0
0
0
0
0
0
0
0
0
0
0
0
0
0
0
0
61
136
0
0
0
609
6
0
0
0
0
0
0
2
2
0
0
25
0
0
0
100
0
2
3
3
70
5
400
1
1
4
100
20
401
10
2
0
0
0
0
0
0
0
0
0
0
0
0
0
0
0
0
0
0
