0
117
26
3
0
0
608
0
0
0
0
0
0
0
7
7
0
0
25
0
0
0
0
0
0
0
0
0
0
0
0
0
0
0
0
0
0
0
0
0
0
0
0
0
0
0
0
0
0
0
0
0
0
0
0
0
0
134
26
3
0
0
608
0
0
0
0
0
0
0
7
7
0
0
25
0
0
0
0
0
0
0
0
0
0
0
0
0
0
0
0
0
0
0
0
0
0
0
0
0
0
0
0
0
0
0
0
0
0
0
0
0
0
134
38
3
0
0
608
0
0
0
0
0
0
0
7
7
0
0
25
0
0
0
0
0
0
0
0
0
0
0
0
0
0
0
0
0
0
0
0
0
0
0
0
0
0
0
0
0
0
0
0
0
0
0
0
0
0
117
38
3
0
0
608
0
0
0
0
0
0
0
7
7
0
0
25
0
0
0
0
0
0
0
0
0
0
0
0
0
0
0
0
0
0
0
0
0
0
0
0
0
0
0
0
0
0
0
0
0
0
0
0
0
0
115
35
0
0
0
609
1
0
0
0
0
0
0
2
2
0
0
25
0
0
0
100
0
2
3
3
70
5
400
1
1
4
100
20
401
10
2
0
0
0
0
0
0
0
0
0
0
0
0
0
0
0
0
0
0
0
115
28
0
0
0
609
2
0
0
0
0
0
0
2
2
0
0
25
0
0
0
100
0
2
3
3
70
5
400
1
1
4
100
20
401
10
2
0
0
0
0
0
0
0
0
0
0
0
0
0
0
0
0
0
0
0
136
38
0
0
0
609
7
0
0
0
0
0
0
2
2
0
0
25
0
0
0
100
0
2
3
3
70
5
400
1
1
4
100
20
401
10
2
0
0
0
0
0
0
0
0
0
0
0
0
0
0
0
0
0
0
0
136
28
0
0
0
609
3
0
0
0
0
0
0
2
2
0
0
25
0
0
0
100
0
2
3
3
70
5
400
1
1
4
100
20
401
10
2
0
0
0
0
0
0
0
0
0
0
0
0
0
0
0
0
0
0
10
140
32
0
31
3
130
4
0
0
0
0
0
0
8
8
0
0
150
150
0
0
250
0
3
1
1
45
5
400
1
1
4
80
55
401
5
2
5
100
45
401
3
4
0
0
0
0
0
0
0
0
0
0
0
0
10
140
32
3
17
3
154
1
0
0
0
0
0
0
8
8
0
0
150
150
0
0
250
0
3
1
3
45
5
400
1
1
6
80
35
422
3
3
5
100
45
401
3
4
0
0
0
0
0
0
0
0
0
0
0
0
