EYE SEE
 1
 5
 0
-2
-2
-2
-2
-2
-2
-2
-2
-2
-2
-2
-2
-2
-2
-2
-2
-2
-2
-2
-2
-2
-2
-2
-2
-2
-2
-2
-2
-2
-2
-2
-2
-2
-2
-2
-2
-2
-2
-2
-2
-2
 24
 24
 24
 24
 24
-2
-2
-2
-2
-2
-2
-2
-2
-2
-2
-2
 24
-1
-1
-1
 1
-1
 24
-2
-2
-2
-2
-2
-2
-2
-2
 24
 24
-1
 4
 24
 24
 24
-1
-1
 24
-2
-2
-2
-2
-2
-2
 24
 7
-1
-1
 24
 13
-1
 15
 24
 8
 24
-2
-2
-2
-2
-2
-2
-2
 24
 24
-1
-1
 24
 24
 24
-1
 0
 24
-2
-2
-2
-2
-2
-2
-2
-2
-2
 24
-1
 1
-1
-1
-1
 24
-2
-2
-2
-2
-2
-2
-2
-2
-2
-2
-2
 24
 24
 24
 24
 24
-2
-2
-2
-2
-2
-2
-2
-2
-2
-2
-2
-2
-2
-2
-2
-2
-2
-2
-2
-2
-2
-2
-2
-2
-2
-2
-2
-2
-2
-2
-2
-2
-2
-2
-2
-2
-2
-2
-2
-2
