TWO SIDES TO EVERY STORY
 1
 4
 0
-2
-2
-2
-2
-2
-2
-2
-2
-2
-2
-2
-2
-2
-2
-2
-2
-2
-2
-2
-2
-2
-2
-2
-2
-2
-2
-2
-2
-2
-2
-2
-2
-2
-2
-2
-2
-2
-2
-2
 24
 24
-2
-2
-2
 24
 24
-2
-2
-2
-2
-2
-2
-2
-2
-2
 24
-1
-1
 24
-2
 24
-1
-1
 24
-2
-2
-2
-2
-2
-2
-2
 24
-1
-1
-1
-1
 24
-1
-1
-1
-1
 24
-2
-2
-2
-2
-2
-2
 24
 3
-1
-1
-1
 24
 2
-1
-1
-1
 24
-2
-2
-2
-2
-2
-2
 24
 1
-1
-1
 10
 24
 0
-1
-1
 8
 24
-2
-2
-2
-2
-2
-2
-2
 24
-1
 2
 24
-2
 24
-1
 3
 24
-2
-2
-2
-2
-2
-2
-2
-2
-2
 24
 24
-2
-2
-2
 24
 24
-2
-2
-2
-2
-2
-2
-2
-2
-2
-2
-2
-2
-2
-2
-2
-2
-2
-2
-2
-2
-2
-2
-2
-2
-2
-2
-2
-2
-2
-2
-2
-2
-2
-2
-2
-2
-2
-2
-2
-2
