NEWTONS APPLE
 1
 4
 0
-2
-2
-2
-2
-2
-2
-2
-2
 24
-2
-2
-2
-2
-2
-2
-2
-2
-2
-2
-2
-2
-2
-2
-2
 24
-2
-2
-2
-2
-2
-2
-2
-2
-2
-2
-2
-2
-2
-2
 24
 24
 24
-2
 24
 24
-2
-2
-2
-2
-2
-2
-2
-2
-2
-2
 24
-1
-1
 24
 24
-1
-1
 24
-2
-2
-2
-2
-2
-2
-2
-2
 24
 9
-1
-1
-1
-1
-1
-1
-1
 24
-2
-2
-2
-2
-2
-2
-2
-2
 24
-1
-1
-1
-1
-1
-1
 1
 24
-2
-2
-2
-2
-2
-2
-2
-2
-2
 24
-1
-1
-1
-1
-1
 4
 24
-2
-2
-2
-2
-2
-2
-2
-2
-2
 24
-1
-1
-1
-1
-1
 24
-2
-2
-2
-2
-2
-2
-2
-2
-2
 24
 12
-1
-1
 5
-1
-1
 24
-2
-2
-2
-2
-2
-2
-2
-2
-2
-2
 24
-1
 24
 24
 11
 24
-2
-2
-2
-2
-2
-2
-2
-2
-2
-2
-2
-2
 24
-2
-2
 24
-2
-2
-2
-2
-2
-2
-2
-2
