GET OUT OF THE WAY
 3
 0
 0
-2
-2
-2
-2
-2
-2
-2
-2
-2
-2
-2
-2
-2
-2
-2
-2
-2
-2
-2
-2
-2
-2
-2
 24
 24
 24
-2
-2
-2
-2
-2
-2
-2
-2
-2
-2
-2
-2
-2
-2
 24
 12
 24
-2
-2
-2
-2
-2
-2
-2
-2
-2
-2
-2
-2
-2
 24
-1
 16
 24
 24
-2
-2
-2
-2
-2
-2
-2
-2
-2
-2
-2
-2
 24
-1
 7
 24
-1
 24
-2
-2
-2
-2
-2
-2
-2
-2
-2
-2
-2
 24
-1
 24
 24
-1
 9
 24
-2
-2
-2
-2
-2
-2
-2
-2
-2
-2
 24
 17
-1
-1
 16
 24
-2
-2
-2
-2
-2
-2
-2
-2
-2
-2
-2
-2
 24
 24
 15
 24
-2
-2
-2
-2
-2
-2
-2
-2
-2
-2
-2
-2
-2
-2
-2
 24
-2
-2
-2
-2
-2
-2
-2
-2
-2
-2
-2
-2
-2
-2
-2
-2
-2
-2
-2
-2
-2
-2
-2
-2
-2
-2
-2
-2
-2
-2
-2
-2
-2
-2
-2
-2
-2
-2
-2
-2
-2
-2
-2
