POT HOLING
 3
 2
 0
 24
 24
 24
 24
 24
 24
-2
-2
-2
-2
-2
-2
-2
-2
-2
-2
-2
 24
 4
 7
-1
-1
-1
 24
 17
 24
 24
 24
 24
 24
 24
 24
 24
 24
 24
 5
 6
 2
 6
 0
-1
-1
-1
-1
 24
 24
 24
 24
 24
 24
 24
 24
 24
 24
 24
 8
 13
-1
-1
-1
-1
-1
 14
 5
 15
 24
 24
 24
-2
-2
-2
-2
 24
 24
 24
 17
 24
 24
-1
 24
 24
 24
 24
 24
 24
-2
-2
-2
-2
-2
-2
 24
-1
 7
-1
-1
-1
-1
-1
-1
 7
 24
-2
-2
-2
-2
-2
-2
 24
-1
 24
 24
-1
 24
 24
 24
-1
 24
 24
-2
-2
-2
-2
-2
-2
 24
 6
-1
-1
 17
 24
-1
 13
-1
 24
 24
-2
-2
-2
-2
-2
-2
 24
 24
-1
-1
-1
 24
-1
 24
-1
 24
 24
-2
-2
-2
-2
-2
-2
 24
-1
 14
-1
-1
 24
-1
-1
-1
 24
 24
-2
-2
-2
-2
-2
-2
 24
 24
 24
 24
 24
 24
 24
 24
 24
 24
 24
-2
