SECRET PLACE
 2
 0
 0
-2
-2
-2
-2
-2
-2
-2
-2
-2
-2
-2
-2
-2
-2
-2
-2
-2
-2
-2
-2
-2
-2
-2
-2
-2
-2
-2
-2
-2
-2
-2
-2
-2
-2
-2
-2
-2
-2
-2
 24
 24
 24
 24
 24
 24
 24
-2
-2
-2
-2
-2
-2
-2
-2
-2
-2
 24
 11
 13
 24
 15
 1
 24
-2
-2
-2
-2
-2
-2
-2
-2
-2
-2
 24
 24
 16
 24
 16
 24
 24
-2
-2
-2
-2
-2
-2
-2
-2
-2
-2
 24
-1
-1
 24
-1
-1
 24
-2
-2
-2
-2
-2
-2
-2
-2
-2
-2
 24
-1
-1
 17
-1
 9
 24
-2
-2
-2
-2
-2
-2
-2
-2
-2
-2
 24
 24
 24
 24
 24
 24
 24
-2
-2
-2
-2
-2
-2
-2
-2
-2
-2
-2
-2
-2
-2
-2
-2
-2
-2
-2
-2
-2
-2
-2
-2
-2
-2
-2
-2
-2
-2
-2
-2
-2
-2
-2
-2
-2
-2
-2
-2
-2
-2
-2
-2
-2
-2
-2
-2
-2
-2
-2
-2
-2
-2
-2
-2
-2
