CANYON
 5
 3
 0
-2
-2
-2
-2
-2
-2
-2
-2
-2
-2
-2
-2
-2
-2
-2
-2
-2
-2
-2
-2
 24
 24
 24
 24
 24
 24
 24
 24
 24
 24
 24
-2
-2
-2
-2
-2
-2
 24
-1
-1
-1
-1
-1
-1
-1
-1
 7
 24
-2
-2
-2
-2
-2
-2
 24
-1
-1
 13
-1
-1
-1
-1
-1
 9
 24
-2
-2
-2
-2
-2
-2
 24
-1
-1
 15
-1
-1
-1
-1
 9
 24
 24
-2
-2
-2
-2
-2
-2
 24
 12
-1
 24
-1
-1
 24
 24
 24
 24
-2
-2
-2
-2
-2
-2
-2
 24
 24
 24
 24
 11
-1
 4
 24
-2
-2
-2
-2
-2
-2
-2
-2
-2
-2
-2
-2
 24
 3
 0
 24
 24
-2
-2
-2
-2
-2
-2
-2
-2
-2
-2
-2
-2
 24
 24
 24
 24
-2
-2
-2
-2
-2
-2
-2
-2
-2
-2
-2
-2
-2
-2
-2
-2
-2
-2
-2
-2
-2
-2
-2
-2
-2
-2
-2
-2
-2
-2
-2
-2
-2
-2
-2
-2
-2
-2
-2
-2
-2
-2
