DROP OFF
 2
 0
 0
 24
 24
 24
 24
 24
 24
 24
 24
 24
 24
-2
-2
-2
-2
-2
-2
-2
 24
-1
-1
-1
-1
-1
-1
-1
-1
 24
-2
-2
-2
-2
-2
-2
-2
 24
-1
 2
 24
 24
 24
-1
-1
-1
 24
-2
-2
-2
-2
-2
-2
-2
 24
-1
 2
 24
-1
-1
-1
 1
-1
 24
-2
-2
-2
-2
-2
-2
-2
 24
 24
 24
 24
-1
-1
-1
 6
 0
 24
-2
-2
-2
-2
-2
-2
-2
 24
-1
-1
-1
-1
-1
 16
 24
 24
 24
 24
 24
 24
 24
 24
 24
 24
 24
-1
-1
-1
-1
-1
-1
-1
-1
 24
-1
-1
-1
-1
-1
-1
 24
 24
-1
-1
 5
-1
-1
-1
-1
-1
-1
-1
-1
-1
-1
-1
 3
 24
 24
-1
-1
 17
-1
-1
-1
 8
-1
-1
-1
-1
-1
-1
-1
 24
 24
 24
-1
-1
-1
-1
-1
-1
 14
-1
 24
-1
-1
-1
-1
-1
-1
 24
 24
 24
 24
 24
 24
 24
 24
 24
 24
 24
 24
 24
 24
 24
 24
 24
 24
-2
