UMBRELLA
 2
 4
 0
-2
-2
 24
 24
 24
 24
 24
 24
 24
 24
 24
 24
 24
 24
 24
-2
-2
-2
 24
-1
 12
 0
-1
 15
-1
-1
-1
 3
-1
 8
 7
-1
 24
-2
 24
 10
-1
 5
 1
-1
 12
 7
-1
 3
 11
-1
 0
 12
 6
-1
 24
 24
 11
 24
 15
 24
-1
 24
 6
-1
 8
 24
-1
 24
 3
 24
 4
 24
-2
 24
-2
 24
-2
 24
-2
 24
-1
 24
-2
 24
-2
 24
-2
 24
-2
-2
-2
-2
-2
-2
-2
-2
 24
-1
 24
-2
-2
-2
-2
-2
-2
-2
-2
-2
-2
-2
-2
-2
-2
 24
-1
 24
-2
-2
-2
-2
-2
-2
-2
-2
-2
-2
-2
-2
-2
 24
 24
-1
 24
-2
-2
-2
-2
-2
-2
-2
-2
-2
-2
-2
-2
 24
 12
 24
-1
 24
-2
-2
-2
-2
-2
-2
-2
-2
-2
-2
-2
-2
 24
 2
-1
-1
 24
-2
-2
-2
-2
-2
-2
-2
-2
-2
-2
-2
-2
-2
 24
 24
 24
-2
-2
-2
-2
-2
-2
-2
-2
-2
