BUTTERFLY
 2
 5
 0
-2
-2
-2
-2
 24
-2
-2
-2
-2
-2
-2
 24
-2
-2
-2
-2
-2
-2
-2
-2
 24
 14
 24
-2
 24
 24
-2
 24
 14
 24
-2
-2
-2
-2
-2
-2
-2
 24
 2
 24
 24
 8
-1
 24
 24
 15
 24
-2
-2
-2
-2
-2
-2
-2
 24
 12
-1
-1
 7
 4
-1
-1
 5
 24
-2
-2
-2
-2
-2
-2
 24
 24
 24
-1
-1
 17
 16
-1
-1
 24
 24
 24
-2
-2
-2
-2
 24
-1
 12
-1
-1
-1
 24
 24
-1
-1
 4
-1
-1
 24
-2
-2
-2
 24
-1
 1
 3
 14
 10
 24
 24
 6
 0
 3
 1
-1
 24
-2
-2
-2
 24
-1
 2
 24
 5
 15
 24
 24
 12
 11
 24
 6
 8
 24
-2
-2
-2
-2
 24
 10
 24
 24
 24
-2
-2
 24
 24
 24
 10
 24
-2
-2
-2
-2
-2
-2
 24
-2
-2
-2
-2
-2
-2
-2
-2
 24
-2
-2
-2
-2
-2
-2
-2
-2
-2
-2
-2
-2
-2
-2
-2
-2
-2
-2
-2
-2
-2
-2
