SNOW LINE
 2
 3
 5
-2
-2
-2
-2
-2
-2
-2
-2
-2
-2
-2
-2
-2
-2
-2
-2
-2
-2
-2
-2
-2
-2
-2
-2
-2
-2
-2
-2
-2
-2
-2
-2
-2
-2
-2
-2
 24
 24
 24
 24
 24
 24
 24
 24
 24
 24
 24
 24
 24
-2
-2
-2
-2
 24
 5
 13
 2
-1
-1
-1
-1
-1
 1
-1
 2
 24
-2
-2
-2
-2
 24
 24
 24
 4
-1
-1
 4
-1
 24
 24
-1
 4
 24
-2
-2
-2
-2
 24
 4
-1
 24
 24
-1
 17
-1
-1
-1
 24
 24
 24
-2
-2
-2
-2
 24
 12
 6
-1
-1
-1
-1
-1
-1
-1
-1
 14
 24
-2
-2
-2
-2
 24
 24
 24
-1
-1
-1
-1
-1
 24
 24
 5
 8
 24
-2
-2
-2
-2
-2
-2
-2
 24
 24
 24
 24
 24
-2
-2
 24
 24
 24
-2
-2
-2
-2
-2
-2
-2
-2
-2
-2
-2
-2
-2
-2
-2
-2
-2
-2
-2
-2
-2
-2
-2
-2
-2
-2
-2
-2
-2
-2
-2
-2
-2
-2
-2
-2
-2
