SLIP AND SLIDE
 2
 4
 0
-2
-2
-2
-2
-2
-2
-2
-2
-2
-2
-2
-2
-2
-2
-2
-2
-2
-2
-2
-2
-2
-2
-2
-2
-2
-2
-2
-2
-2
-2
-2
-2
-2
-2
-2
-2
-2
 24
 24
 24
 24
 24
 24
 24
 24
 24
 24
 24
 24
-2
-2
-2
-2
-2
 24
-1
-1
 4
 2
-1
-1
 12
-1
 24
 15
 24
-2
-2
-2
-2
-2
 24
 0
 24
 15
 9
 12
 7
 24
-1
-1
 12
 24
-2
-2
-2
-2
 24
-1
 24
-1
 24
 24
 4
 24
 24
 5
 24
 2
 24
-2
-2
-2
-2
 24
-1
 6
-1
 24
-1
 2
-1
-1
 24
 2
 24
-2
-2
-2
-2
-2
 24
 3
 24
-1
 5
-1
 1
 6
-1
-1
 15
 24
-2
-2
-2
-2
-2
 24
 24
 24
 24
 24
 24
 24
 24
 24
 24
 24
 24
-2
-2
-2
-2
-2
-2
-2
-2
-2
-2
-2
-2
-2
-2
-2
-2
-2
-2
-2
-2
-2
-2
-2
-2
-2
-2
-2
-2
-2
-2
-2
-2
-2
-2
-2
-2
-2
-2
