UNDERGROWTH
 3
 3
 0
-2
-2
 24
 24
 24
 24
 24
 24
 24
 24
 24
 24
 24
 24
-2
-2
-2
-2
-2
 24
-1
-1
-1
 24
-1
-1
 11
 24
 5
-1
 24
-2
-2
-2
-2
-2
 24
 1
 2
-1
 24
-1
-1
 24
 24
 24
-1
 24
-2
-2
-2
-2
-2
 24
 24
 24
-1
 24
-1
-1
-1
-1
-1
-1
 24
-2
-2
-2
-2
-2
 24
 1
-1
-1
 24
-1
 24
 24
 24
 24
 24
 24
-2
-2
-2
-2
-2
 24
 24
-1
-1
-1
-1
 24
-1
-1
-1
-1
 24
-2
-2
-2
-2
-2
 24
 7
-1
-1
 24
-1
-1
-1
-1
-1
-1
 24
-2
-2
-2
-2
-2
 24
 24
-1
-1
 17
-1
 11
-1
-1
 11
-1
 24
-2
-2
-2
-2
-2
 24
-1
-1
-1
 24
-1
 24
-1
-1
 24
-1
 24
-2
-2
-2
-2
-2
 24
-1
-1
-1
 24
-1
 24
-1
-1
 24
-1
 24
-2
-2
-2
-2
-2
 24
 24
 24
 24
 24
 24
 24
 24
 24
 24
 24
 24
-2
-2
-2
-2
