FALL DOWN
 2
 0
 0
-2
-2
-2
-2
 24
 24
 24
 24
 24
 24
 24
-2
-2
-2
-2
-2
-2
-2
-2
-2
-2
 24
 14
 5
 0
 9
-1
 24
-2
-2
-2
-2
-2
-2
-2
-2
-2
-2
 24
 24
 24
 24
 24
-1
 24
-2
-2
-2
-2
-2
-2
-2
-2
-2
-2
-2
-2
-2
 24
 1
-1
 24
-2
-2
-2
-2
-2
-2
-2
-2
-2
-2
-2
-2
-2
 24
 24
-1
 24
-2
-2
-2
-2
-2
-2
-2
-2
-2
-2
-2
-2
-2
-2
 24
-1
 24
 24
-2
-2
-2
-2
-2
-2
-2
-2
-2
-2
-2
-2
-2
 24
-1
 13
 24
-2
-2
-2
-2
-2
-2
-2
-2
-2
-2
-2
-2
-2
 24
-1
 12
 24
-2
-2
-2
-2
-2
-2
-2
-2
-2
-2
-2
-2
 24
 24
-1
 24
 24
-2
-2
-2
-2
-2
-2
-2
-2
-2
-2
-2
-2
 24
 6
 16
 24
-2
-2
-2
-2
-2
-2
-2
-2
-2
-2
-2
-2
-2
 24
 24
 24
 24
-2
-2
-2
-2
-2
-2
-2
