AROUND THE LAKE
 1
 3
 5
-2
-2
-2
-2
-2
 24
 24
 24
 24
 24
 24
 24
 24
 24
-2
-2
-2
-2
-2
-2
-2
 24
-1
-1
-1
 11
-1
-1
-1
-1
-1
 24
-2
-2
-2
-2
-2
 24
-1
-1
 24
 24
 24
 24
 24
 24
 24
-1
-1
 24
-2
-2
-2
 24
-1
 11
 24
-2
-2
-2
-2
-2
-2
-2
 24
-1
 24
-2
-2
-2
 24
-1
 24
-2
-2
-2
-2
-2
-2
-2
 24
-1
 8
 24
-2
-2
-2
 24
-1
 24
-2
-2
-2
-2
-2
-2
 24
-1
-1
 24
-2
-2
-2
-2
 24
-1
-1
 24
-2
-2
-2
-2
 24
-1
 13
 24
-2
-2
-2
-2
-2
-2
 24
-1
 24
-2
-2
 24
-2
 24
-1
 24
-2
-2
-2
-2
-2
-2
-2
 24
 10
-1
 24
 24
-1
 24
-1
-1
 24
-2
-2
-2
-2
-2
-2
-2
-2
 24
-1
-1
-1
 3
-1
-1
 24
-2
-2
-2
-2
-2
-2
-2
-2
-2
-2
 24
 24
 24
 24
 24
 24
-2
-2
-2
-2
-2
-2
-2
