HOUSE IN THE WOODS
 1
 4
 5
-2
-2
-2
-2
-2
-2
-2
 24
 24
-2
 24
-2
-2
-2
-2
-2
-2
-2
-2
-2
-2
-2
-2
 24
-1
-1
 24
 24
-2
-2
-2
-2
-2
-2
-2
-2
-2
-2
-2
 24
-1
 6
-1
-1
 24
-2
-2
-2
-2
-2
-2
-2
-2
-2
-2
 24
 5
-1
 7
-1
 12
-1
 24
-2
-2
-2
-2
-2
-2
-2
-2
-2
 24
 24
 24
 24
 24
 24
 24
 24
-2
-2
-2
-2
-2
-2
-2
-2
-2
 24
-1
 4
-1
-1
 3
-1
 24
-2
-2
-2
-2
-2
-2
 24
-2
-2
 24
-1
 24
-1
-1
 24
-1
 24
-2
-2
 24
-2
-2
 24
 24
 24
-2
 24
-1
-1
-1
 9
 15
-1
 24
-2
 24
 24
 24
-2
 24
 24
 24
-2
 24
-1
 24
-1
 24
 24
-1
 24
-2
 24
 24
 24
-2
-2
 24
-2
-2
 24
-1
 24
-1
-1
-1
-1
 24
-2
-2
 24
-2
-2
-2
 24
-2
-2
 24
 24
 24
 24
 24
 24
 24
 24
-2
-2
 24
-2
-2
-2
