BRIDGE OVER THE RIVER
 2
 0
 0
-2
-2
 24
 24
 24
-2
-2
-2
-2
-2
 24
 24
 24
 24
 24
-2
-2
-2
-2
 24
-1
 24
-2
-2
-2
-2
-2
 24
-1
-1
-1
 24
-2
-2
-2
-2
 24
-1
-1
 24
-2
-2
-2
-2
-2
 24
-1
-1
 24
-2
-2
-2
-2
 24
-1
-1
 24
 24
 24
 24
 24
 24
 24
-1
-1
 24
-2
-2
-2
-2
 24
-1
-1
-1
-1
-1
-1
-1
-1
-1
-1
-1
 24
-2
-2
-2
-2
 24
-1
 16
 24
 24
 24
 24
 24
 24
 24
-1
-1
 24
-2
-2
-2
-2
 24
-1
-1
 24
-2
-2
-2
-2
-2
 24
-1
-1
 24
-2
-2
-2
-2
 24
-1
-1
 24
-2
-2
-2
-2
-2
 24
-1
 4
 24
-2
-2
-2
-2
 24
 11
-1
 13
 24
-2
-2
-2
-2
-2
 24
 13
 24
-2
-2
-2
-2
 24
 24
-1
 24
 24
-2
-2
-2
-2
-2
 24
 0
 24
-2
-2
-2
-2
 24
 24
 24
 24
 24
 24
-2
-2
-2
-2
-2
 24
 24
-2
-2
-2
