UNDERGROWTH
 2
 2
 5
-2
-2
-2
-2
-2
-2
-2
-2
-2
-2
-2
-2
-2
-2
-2
-2
-2
-2
-2
-2
-2
-2
-2
-2
-2
-2
-2
-2
-2
-2
-2
-2
-2
-2
-2
-2
-2
 24
 24
 24
 24
 24
 24
 24
 24
 24
 24
-2
-2
-2
-2
-2
-2
-2
 24
-1
-1
-1
 6
-1
-1
-1
-1
 24
-2
-2
-2
-2
-2
-2
-2
 24
-1
 0
 1
 24
-1
 3
-1
-1
 24
-2
-2
-2
-2
-2
-2
-2
 24
 6
 24
 5
 24
-1
 5
-1
 2
 24
-2
-2
-2
-2
-2
-2
-2
 24
 10
 24
 24
 24
 0
 24
-1
 24
 24
-2
-2
-2
-2
-2
-2
-2
 24
 24
 24
 24
 24
 24
 24
 24
 24
 24
-2
-2
-2
-2
-2
-2
-2
-2
-2
-2
-2
-2
-2
-2
-2
-2
-2
-2
-2
-2
-2
-2
-2
-2
-2
-2
-2
-2
-2
-2
-2
-2
-2
-2
-2
-2
-2
-2
-2
-2
-2
-2
-2
-2
-2
-2
-2
-2
-2
-2
-2
-2
-2
-2
-2
-2
