WHICH WAY
 2
 2
 0
-2
-2
-2
-2
-2
-2
 24
 24
 24
 24
-2
-2
-2
-2
-2
-2
-2
-2
-2
-2
-2
-2
-2
 24
-1
 2
 24
-2
-2
-2
-2
-2
-2
-2
-2
-2
-2
-2
-2
-2
 24
-1
 14
 24
-2
-2
-2
-2
-2
-2
-2
-2
-2
-2
-2
-2
-2
 24
-1
 16
 24
-2
-2
-2
-2
-2
-2
-2
-2
-2
 24
 24
 24
 24
 24
-1
-1
 24
 24
 24
 24
 24
-2
-2
-2
-2
-2
 24
-1
 15
 3
-1
 11
-1
-1
-1
-1
 0
 24
-2
-2
-2
-2
-2
 24
 24
 24
 24
 24
 24
-1
 24
 24
 24
 24
 24
-2
-2
-2
-2
-2
-2
-2
-2
-2
 24
-1
-1
 24
-2
-2
-2
-2
-2
-2
-2
-2
-2
-2
-2
-2
-2
 24
 8
-1
 24
-2
-2
-2
-2
-2
-2
-2
-2
-2
-2
-2
-2
-2
 24
 4
 4
 24
-2
-2
-2
-2
-2
-2
-2
-2
-2
-2
-2
-2
-2
 24
 24
 24
 24
-2
-2
-2
-2
-2
-2
-2
-2
