7
14
15
0
15
14
15
0
15
0
6
0
0
0
0
0
0
0
9
0
3
0
6
0
0
0
11
0
0
0
11
0
0
0
11
0
0
0
11
0
0
0
11
0
0
0
11
0
0
0
11
0
0
0
11
0
0
0
0
0
12
0
1
0
1
0
1
0
1
0
1
0
3
0
3
0
3
0
3
0
3
0
1
0
3
14
3
16
3
14
3
16
3
14
3
16
3
14
3
16
3
14
3
16
3
14
3
16
3
14
3
16
3
14
3
16
3
14
8
12
12
12
1
12
14
0
14
0
14
0
5
12
0
0
0
0
0
0
0
0
0
0
2
0
11
12
2
0
11
12
2
0
0
0
2
0
0
0
2
0
11
14
2
0
0
0
2
0
0
0
2
0
0
0
2
14
0
0
0
0
12
14
13
14
7
14
15
14
15
6
15
5
15
5
6
25
0
0
0
0
0
0
2
0
2
0
2
0
2
0
2
0
0
0
2
0
0
0
2
0
2
0
2
0
7
0
13
0
7
0
1
0
6
0
12
0
15
0
6
7
4
6
5
0
12
0
1
14
1
0
1
0
1
0
13
0
0
0
0
0
0
0
2
0
2
0
2
0
2
0
2
0
0
0
2
0
0
0
2
0
2
14
2
0
12
0
13
0
12
0
1
0
13
0
12
0
1
14
13
5
7
19
6
0
12
22
1
0
1
0
1
0
1
12
1
0
15
0
15
0
6
22
2
0
2
0
2
0
2
0
2
0
0
0
2
0
0
0
2
0
2
0
2
0
12
0
13
0
12
0
1
0
13
0
12
0
1
12
13
5
12
0
13
0
12
0
1
14
1
0
1
14
1
0
1
0
1
14
1
0
13
14
2
0
2
0
2
0
2
0
2
0
0
0
2
0
0
0
2
0
2
0
10
0
12
0
13
0
12
0
1
0
13
0
12
14
1
12
13
5
4
0
13
0
4
0
14
0
14
0
14
0
1
0
13
0
2
0
12
0
13
0
2
0
2
0
2
0
2
0
2
0
0
0
2
0
0
0
2
0
4
0
6
0
12
0
13
0
12
0
1
0
13
14
12
0
1
12
13
4
7
14
15
16
15
14
15
14
15
0
6
0
4
12
5
12
2
0
12
0
13
0
2
0
12
0
1
0
13
0
12
0
6
0
12
0
6
0
12
0
6
0
2
0
12
0
13
0
12
14
1
14
13
14
12
14
1
12
13
14
12
6
1
0
1
0
1
0
1
0
13
0
0
0
0
0
2
0
4
12
5
14
2
0
12
0
1
0
13
14
12
14
13
14
12
14
13
0
12
0
13
0
2
0
4
0
13
0
12
0
1
0
13
0
4
10
14
6
5
2
12
0
1
14
1
0
1
0
1
0
13
0
0
0
0
0
2
0
0
0
0
0
2
0
12
0
1
0
13
0
12
0
13
0
12
14
13
0
12
0
13
14
12
0
6
14
2
0
12
0
1
0
13
14
0
0
0
0
0
0
12
14
1
0
1
0
1
0
1
0
13
0
0
0
0
0
2
0
0
0
0
0
2
0
12
14
1
14
13
14
12
0
13
0
12
0
13
0
12
0
13
0
10
0
2
0
10
0
4
0
14
15
5
0
0
0
0
0
0
0
4
12
14
0
14
0
1
14
14
0
5
0
0
0
0
0
2
0
0
0
0
0
2
0
4
0
14
22
5
0
4
22
5
22
4
22
5
0
4
22
5
22
7
0
15
16
15
0
15
22
6
22
0
0
0
0
0
0
0
0
9
12
3
0
3
18
14
0
3
0
3
0
3
0
3
14
14
0
3
0
3
0
14
0
3
0
3
14
3
0
3
0
3
0
3
0
3
0
3
0
3
0
14
0
14
0
14
0
14
0
14
0
3
23
3
24
3
0
8
9
