7
0
15
0
15
0
15
0
6
0
7
0
15
0
15
0
15
0
6
20
0
0
9
0
15
0
3
0
3
0
3
0
3
0
3
0
3
0
15
0
15
0
15
0
15
0
15
0
6
0
7
0
15
0
15
0
15
0
6
0
12
0
1
0
1
0
1
0
13
0
12
0
1
0
1
0
1
0
13
0
0
0
7
0
1
0
6
0
0
0
0
0
0
0
0
0
0
0
4
0
1
0
1
0
1
0
1
0
1
0
1
0
1
0
1
0
1
0
13
0
2
0
4
0
1
0
14
0
5
0
4
0
14
0
14
0
1
0
5
0
0
0
4
0
14
0
5
19
0
0
0
0
0
0
0
0
0
0
0
0
4
0
14
0
14
0
14
0
5
0
12
0
1
0
1
0
1
0
13
0
2
0
9
21
5
0
7
23
15
0
3
23
3
0
6
0
4
0
3
0
3
0
3
23
3
0
3
0
3
23
3
0
3
0
3
0
3
0
3
0
3
0
3
0
3
0
3
0
6
0
4
0
14
0
14
0
1
0
5
0
4
0
3
0
3
0
14
13
5
23
0
0
0
0
2
0
7
0
15
0
15
0
15
0
15
0
6
0
0
0
0
0
0
0
0
0
0
0
0
0
0
0
0
0
0
0
0
0
2
18
0
0
7
0
15
0
15
16
6
0
7
0
15
0
15
0
15
0
15
0
6
19
0
0
2
0
12
0
1
0
1
0
1
0
1
0
13
0
0
0
7
20
6
14
7
0
15
0
6
20
7
0
15
0
15
0
15
0
13
0
0
0
12
0
1
0
1
0
13
0
12
0
1
0
1
0
1
0
1
0
13
0
0
0
4
0
12
16
1
0
1
0
1
0
1
0
13
0
0
0
12
0
1
0
12
0
1
0
13
0
4
0
14
0
14
0
14
0
5
0
0
0
12
0
1
0
1
0
13
0
12
0
1
0
1
0
14
0
14
0
5
0
0
0
0
0
4
0
14
0
14
0
1
0
14
0
5
0
0
0
12
6
13
6
12
25
1
0
13
0
0
0
0
0
0
0
0
0
0
0
0
0
12
0
1
0
1
0
13
0
4
0
14
0
14
0
3
0
3
0
3
0
3
0
3
0
15
0
3
0
14
0
5
0
7
0
15
0
6
0
4
6
5
6
12
0
1
0
13
0
0
0
0
0
0
0
0
0
0
0
7
0
1
0
1
0
1
0
13
0
7
25
15
0
6
0
0
0
0
0
0
0
0
0
7
0
15
11
15
0
15
0
6
0
12
0
1
0
13
0
9
20
3
14
14
14
14
0
14
0
3
0
3
0
3
0
3
0
3
0
13
0
12
0
1
0
1
0
13
0
12
0
1
15
13
15
7
0
15
0
15
0
6
0
12
0
1
0
1
0
1
0
13
0
12
0
1
0
1
0
15
0
15
0
15
0
15
0
15
0
6
0
7
0
15
0
15
0
15
0
13
0
4
0
14
0
14
0
5
0
12
0
1
0
13
0
12
0
1
0
1
0
13
0
12
0
1
0
1
0
1
0
13
0
12
0
1
0
1
0
1
0
1
0
1
0
1
0
1
0
13
0
12
0
1
0
1
0
13
0
2
0
0
0
7
0
15
0
6
0
12
0
1
0
13
11
12
11
1
0
1
0
13
16
1
0
1
0
1
0
1
0
13
11
12
11
1
0
1
0
1
0
1
0
1
0
1
0
14
0
5
0
4
0
14
0
14
0
5
0
2
0
0
0
4
0
1
0
5
0
4
5
14
0
5
15
4
0
14
0
14
0
5
0
4
0
14
0
14
0
14
0
5
0
4
0
14
0
14
0
14
0
14
0
14
0
14
0
3
0
3
0
3
0
3
0
3
0
3
0
14
0
3
0
3
0
14
0
8
0
