7
0
15
0
15
0
15
0
15
0
15
0
6
0
7
0
15
0
15
0
15
0
15
0
0
0
0
0
0
0
0
0
0
0
0
0
7
13
15
0
15
0
15
0
15
0
6
0
0
0
0
0
7
0
15
0
15
0
6
0
12
0
1
0
1
0
1
0
1
0
1
0
13
0
12
0
1
0
1
0
13
0
2
0
0
0
0
0
0
0
0
0
0
0
0
0
4
0
1
0
1
0
1
0
1
0
13
0
0
0
0
0
12
0
1
0
1
0
13
0
12
0
1
0
1
0
1
0
1
0
1
0
13
0
12
0
1
0
1
0
13
0
2
0
0
0
7
0
15
0
15
0
15
0
15
0
6
0
12
0
1
0
1
0
1
0
13
0
0
0
0
0
12
0
1
0
1
0
13
0
12
0
1
0
1
0
1
0
1
0
1
0
13
0
4
0
14
0
14
0
5
0
2
0
0
0
12
0
1
0
1
0
1
0
1
0
13
0
12
0
1
0
14
0
14
0
5
0
0
0
0
0
12
0
14
0
14
0
5
0
12
0
14
0
14
0
14
0
14
0
14
0
5
0
9
12
15
0
15
0
6
0
2
0
0
0
12
0
1
12
1
0
1
0
1
0
13
0
12
0
5
0
0
0
0
0
0
0
0
0
0
0
2
0
0
0
0
0
0
0
2
0
7
21
15
0
15
0
6
0
7
0
15
0
6
0
12
0
1
0
1
0
1
0
3
0
1
0
1
0
1
0
1
0
1
0
1
0
3
16
3
0
3
0
3
0
3
0
3
0
3
0
1
0
3
12
3
0
8
20
2
0
12
0
1
0
1
0
13
0
12
0
1
0
13
0
12
0
1
0
13
0
2
0
0
0
4
0
14
0
1
0
1
0
1
0
13
0
10
0
9
19
3
0
3
0
3
0
6
0
7
0
1
0
15
0
6
0
11
0
2
0
12
0
1
0
1
0
1
0
12
16
1
0
13
0
12
0
1
0
5
0
2
0
0
0
0
0
0
0
12
0
1
0
1
0
13
0
7
25
15
0
15
0
15
0
6
0
2
0
12
0
1
0
1
0
13
0
2
0
2
0
12
0
1
0
1
0
13
0
12
0
1
0
13
0
12
0
13
0
7
0
1
0
15
0
15
0
6
0
12
0
1
0
1
0
13
0
12
0
1
0
1
0
1
0
13
0
2
0
12
0
1
0
1
0
13
0
2
0
2
0
12
0
1
0
1
0
13
0
12
0
1
0
13
0
12
0
13
0
12
0
1
0
1
0
1
0
13
0
12
0
1
0
1
0
13
0
12
0
1
0
1
0
1
0
13
0
2
0
12
0
1
0
1
0
13
0
2
0
2
0
4
0
14
12
14
0
5
0
4
0
1
0
5
0
12
0
13
0
12
0
1
0
1
0
1
0
13
0
4
0
14
0
14
0
5
0
12
0
1
0
1
0
1
0
13
0
2
0
12
0
1
0
1
0
13
0
2
0
12
0
3
0
3
0
3
0
3
0
3
0
5
0
7
0
1
0
13
0
12
0
1
0
1
0
1
0
13
0
7
22
15
22
15
0
6
0
12
0
1
0
1
0
1
0
13
0
2
0
4
0
14
0
14
0
5
0
2
0
2
0
9
12
3
12
3
0
3
0
3
0
3
0
14
0
14
0
5
0
12
0
1
0
1
0
1
0
13
0
12
22
1
0
1
0
13
14
4
20
14
0
14
0
14
11
5
0
4
0
3
0
3
0
3
0
3
0
13
0
4
0
3
0
3
0
3
0
3
0
3
0
3
0
3
0
3
0
3
0
14
0
14
0
14
0
14
0
5
0
4
22
14
0
14
14
14
14
3
0
3
0
3
0
14
0
3
0
3
0
3
0
3
0
3
0
3
0
5
0
