7
0
15
0
15
0
15
0
15
0
15
0
15
0
6
0
0
0
0
0
7
0
3
0
3
0
3
15
3
0
3
0
3
0
3
0
3
0
3
0
3
0
3
0
3
15
3
15
3
15
3
0
3
0
3
0
3
8
6
0
12
0
1
0
1
0
1
0
1
0
1
0
1
0
13
0
0
0
0
0
2
0
7
0
3
0
3
0
3
0
3
0
3
0
3
0
3
0
3
0
3
0
3
0
3
0
3
0
3
0
3
0
3
0
3
0
6
18
2
0
12
0
1
0
1
0
1
0
1
0
1
0
1
0
13
0
0
0
0
0
2
0
2
0
0
0
0
0
0
0
0
0
0
0
0
0
0
0
0
0
0
0
0
0
0
0
0
0
0
0
0
0
0
0
0
0
2
0
2
0
12
0
1
0
1
0
1
0
1
0
1
0
1
0
13
0
0
0
0
0
2
15
2
0
7
0
3
0
3
0
3
0
3
0
3
0
3
0
3
0
3
0
3
0
3
0
3
0
3
0
3
0
3
0
6
0
2
0
2
0
12
0
1
0
1
0
1
0
1
0
1
0
1
0
13
0
0
0
0
0
2
0
2
0
2
0
0
0
7
22
15
22
15
12
15
0
15
0
15
0
15
0
15
0
15
0
15
0
15
0
15
1
6
2
2
0
2
0
2
0
12
0
1
0
1
0
1
0
1
0
1
0
1
0
13
0
0
0
0
0
2
0
2
0
2
0
0
0
12
0
1
20
1
0
1
0
1
0
1
0
1
0
1
0
1
0
1
0
1
0
1
0
13
1
2
0
2
0
2
0
12
0
1
0
1
0
1
0
1
0
1
0
1
0
13
0
0
0
0
0
2
0
2
0
2
0
0
0
12
0
1
0
1
0
1
0
1
0
1
0
1
0
1
0
1
0
1
14
1
0
1
0
13
12
2
0
2
18
2
0
12
0
1
0
1
0
1
0
1
0
1
0
1
0
13
0
0
0
0
0
2
0
2
0
2
0
0
0
12
0
1
0
1
0
1
0
1
0
1
0
1
0
1
0
1
0
1
0
1
0
1
0
13
0
2
0
2
0
2
0
12
0
1
0
1
0
1
0
1
0
1
0
1
0
13
0
0
0
0
0
2
15
2
0
2
0
0
0
12
0
1
0
1
0
1
0
1
0
1
0
1
0
1
14
1
0
1
14
1
0
1
0
13
0
2
0
2
0
2
0
12
0
1
0
1
0
1
0
1
0
1
0
1
0
13
0
0
0
0
0
2
0
2
0
2
0
0
0
12
0
1
0
1
14
1
14
1
14
1
14
1
0
1
0
1
14
1
0
1
0
1
0
13
6
2
0
2
0
2
0
12
0
1
0
1
0
1
0
1
0
1
0
1
0
13
0
0
0
0
0
2
0
2
0
2
0
0
0
12
0
1
0
1
0
1
0
1
0
1
0
1
14
1
0
1
14
1
14
1
0
1
0
13
6
2
0
2
15
2
0
12
0
1
0
1
0
1
0
1
0
1
0
1
0
13
0
0
0
0
0
2
0
2
0
2
0
0
0
12
0
1
0
1
0
1
0
1
0
1
0
1
0
1
0
1
14
1
14
1
0
1
0
13
0
2
0
2
15
2
19
12
0
1
0
1
0
1
0
1
0
1
0
1
0
13
0
0
0
0
0
4
3
14
20
5
0
0
0
12
0
1
0
1
14
1
0
1
14
1
22
1
25
1
0
1
14
1
14
1
23
1
0
13
0
2
0
4
15
5
12
4
0
14
0
14
0
14
0
14
0
14
0
14
0
5
20
0
0
0
0
0
0
0
0
0
0
0
0
4
0
14
0
14
14
14
0
14
0
14
0
14
0
14
0
14
14
14
14
14
0
14
0
5
24
4
0
3
0
8
21
