11
12
11
19
11
12
7
0
15
0
15
14
15
0
15
0
15
0
15
1
15
1
15
3
6
0
11
12
7
0
15
0
15
0
15
0
15
0
6
0
7
0
3
0
3
0
3
0
3
0
3
0
15
0
15
0
15
0
6
0
2
12
2
0
2
0
12
0
1
0
1
0
1
0
1
14
1
14
1
14
1
0
1
10
13
0
2
0
12
0
1
0
1
0
13
0
2
0
2
0
2
0
9
6
3
0
3
0
3
0
6
0
2
0
12
0
1
0
13
0
12
0
1
0
13
0
12
0
1
0
1
14
1
0
1
0
14
0
14
14
14
14
14
22
5
0
2
0
12
0
1
0
1
0
13
0
2
0
2
0
4
0
3
0
3
0
3
0
8
12
2
0
2
0
12
0
1
0
13
0
12
0
13
0
2
0
12
12
1
0
1
0
13
0
2
0
9
25
3
0
3
0
3
0
3
0
14
0
14
0
14
0
14
0
5
0
2
0
4
0
3
0
3
0
3
0
3
0
3
0
5
0
2
0
4
0
1
0
13
0
12
0
13
0
2
0
12
0
1
22
1
0
13
0
2
0
7
0
3
0
3
0
3
0
3
0
3
0
3
0
3
0
3
0
3
0
1
0
3
0
3
0
3
0
3
0
3
0
3
0
3
0
1
0
8
12
12
15
13
0
12
0
13
0
10
12
4
0
14
0
14
0
5
12
2
0
2
0
7
0
15
14
15
0
15
0
6
0
7
4
15
4
15
5
6
4
2
0
7
0
15
0
6
0
7
14
15
12
15
14
6
14
10
20
7
14
1
14
13
14
12
0
1
0
3
0
3
0
3
0
3
0
3
0
13
0
2
0
12
0
1
0
1
0
1
0
13
0
12
0
1
0
1
6
13
24
2
0
12
0
1
0
13
0
12
0
1
4
1
14
1
14
15
0
1
0
1
0
13
0
12
0
1
0
15
0
6
0
7
14
15
0
6
12
2
0
12
0
1
0
1
0
1
0
1
0
13
16
1
0
1
0
1
0
13
2
2
0
12
0
1
0
13
0
4
3
14
5
14
6
14
14
14
14
14
0
14
0
5
0
12
0
1
0
1
0
13
0
12
0
1
0
13
0
2
0
12
0
1
0
1
14
1
0
1
22
13
0
12
0
1
0
1
0
13
9
2
0
12
0
1
0
1
0
15
0
3
0
3
0
3
0
3
0
3
14
3
0
8
12
12
0
1
22
1
0
13
0
12
1
1
0
13
0
2
0
4
0
14
0
14
0
14
0
14
0
5
0
4
0
14
0
14
0
5
12
2
0
2
0
4
0
14
0
5
0
7
0
6
14
7
2
15
2
15
7
15
10
6
12
12
4
1
0
1
0
13
0
12
1
1
0
13
0
4
0
3
0
3
0
3
0
3
0
3
0
3
0
3
0
3
0
3
0
3
0
2
11
5
0
7
0
15
14
15
0
1
0
13
0
12
14
1
0
1
0
1
14
13
6
12
3
1
0
1
0
13
16
1
0
1
0
13
0
7
0
15
0
15
7
15
8
6
12
7
22
15
22
15
22
15
22
15
0
15
0
2
16
15
0
1
0
1
0
1
14
1
0
13
0
4
14
1
12
1
14
1
6
13
14
12
22
1
22
1
0
13
0
12
0
1
0
13
0
12
0
1
0
1
0
1
0
13
12
4
22
14
0
14
0
14
0
14
0
5
0
2
0
4
0
14
14
14
0
14
14
14
0
5
0
7
0
8
16
1
14
1
6
13
14
4
0
14
0
14
3
5
0
4
0
14
0
5
21
4
24
14
0
14
6
14
0
14
0
3
0
3
0
3
0
3
0
3
0
3
0
14
0
3
0
3
0
3
0
3
0
3
0
3
0
5
0
4
14
14
14
14
0
5
12
