0
0
0
0
0
0
0
0
0
0
0
0
0
0
7
0
15
0
15
0
6
0
9
25
3
0
3
0
3
0
3
0
3
0
3
0
3
0
3
0
3
0
3
0
3
0
3
0
3
0
3
0
3
0
3
0
3
0
6
0
7
0
15
0
15
0
15
0
15
0
15
14
6
0
12
0
1
0
1
0
13
0
7
20
15
0
15
0
15
0
15
0
15
0
15
0
15
0
15
0
15
0
15
0
15
0
6
0
0
0
0
0
0
0
0
0
0
0
2
0
12
0
1
15
1
0
1
0
1
0
1
0
1
0
1
0
1
0
1
0
13
0
12
0
14
0
1
0
14
22
14
0
14
0
14
0
14
0
14
0
1
0
14
0
1
0
13
0
0
0
0
0
0
0
0
0
0
0
2
0
12
0
1
0
1
0
1
0
1
0
1
0
13
0
12
0
1
0
1
0
13
0
12
0
6
0
4
0
3
0
3
0
3
0
15
0
15
0
15
0
15
0
6
0
12
0
13
0
0
0
0
0
0
0
0
0
0
0
2
0
4
0
1
0
14
0
14
0
14
0
14
14
5
0
12
0
1
0
1
0
13
16
12
0
12
23
15
0
15
0
15
12
6
0
12
0
1
0
1
0
1
0
13
0
12
0
13
0
0
0
7
0
15
0
15
0
15
0
2
0
7
0
1
0
3
0
3
0
15
0
15
0
6
0
4
0
14
0
14
0
5
22
2
0
12
0
1
0
1
0
1
22
13
10
4
0
14
0
14
0
14
0
5
0
12
0
13
0
0
0
12
0
1
14
1
0
1
0
2
0
2
0
2
0
9
21
3
0
12
16
1
0
1
0
15
0
15
0
15
0
6
0
2
0
12
0
1
0
1
0
1
0
13
5
7
22
15
0
15
0
15
0
15
0
1
0
13
0
0
0
12
0
1
0
1
0
1
0
2
0
2
0
4
0
3
0
6
0
12
0
1
0
1
0
1
0
1
0
1
0
13
0
2
0
12
23
1
23
1
24
1
0
13
9
12
0
1
0
1
0
1
0
1
0
1
0
1
0
3
0
12
11
1
0
1
0
1
0
13
0
12
0
15
0
6
0
2
0
12
0
1
14
1
0
1
0
1
0
1
0
13
0
2
0
12
0
14
0
14
0
14
4
5
6
12
0
1
0
1
0
1
0
1
0
1
0
1
0
6
0
12
0
1
14
1
0
1
0
13
0
12
0
1
0
13
0
2
0
12
0
1
14
1
0
1
0
1
0
1
0
13
0
2
0
2
0
7
0
15
0
6
0
0
0
12
5
1
0
1
6
1
0
1
0
1
0
1
0
13
0
12
0
1
0
1
0
1
0
13
0
12
0
1
0
13
0
2
0
12
0
1
0
1
0
1
0
1
14
1
0
13
0
2
0
2
0
12
0
1
0
13
0
0
0
4
3
14
0
14
0
14
0
14
22
14
0
14
0
5
0
12
0
1
0
1
0
1
0
13
0
12
0
1
0
13
0
2
0
12
0
1
0
1
0
1
4
1
0
1
0
13
0
2
0
4
0
14
0
14
0
5
19
0
0
7
0
15
0
15
0
15
0
15
0
15
0
15
0
6
0
12
0
1
0
1
0
1
0
13
0
12
14
1
6
13
14
2
0
4
0
14
14
14
22
14
0
14
14
14
0
5
22
4
0
3
0
3
0
3
0
3
0
3
0
14
0
14
0
14
0
14
0
14
0
14
14
14
0
5
5
4
0
14
0
14
0
14
22
5
14
4
14
14
14
5
14
4
0
3
0
3
0
3
0
3
14
3
0
3
0
3
0
3
0
3
0
3
0
3
0
3
0
3
0
3
0
3
0
3
0
3
0
3
0
3
0
3
0
3
0
3
0
3
0
3
0
3
0
8
20
