0
115
50
ENEMY INSTALLATION
3
0
0
608
0
0
0
0
0
0
0
7
7
25
0
0
0
0
0
0
0
0
0
0
0
0
0
0
0
0
1
25
0
0
115
87
ENEMY INSTALLATION
3
0
0
608
0
0
0
0
0
0
0
7
7
25
0
0
0
0
0
0
0
0
0
0
0
0
0
0
0
0
1
25
0
0
112
87
ENEMY INSTALLATION
3
0
0
608
0
0
0
0
0
0
0
7
7
25
0
0
0
0
0
0
0
0
0
0
0
0
0
0
0
0
1
25
0
0
112
83
ENEMY INSTALLATION
3
0
0
608
0
0
0
0
0
0
0
7
7
25
0
0
0
0
0
0
0
0
0
0
0
0
0
0
0
0
1
25
0
0
93
83
ENEMY INSTALLATION
3
0
0
608
0
0
0
0
0
0
0
7
7
25
0
0
0
0
0
0
0
0
0
0
0
0
0
0
0
0
1
25
0
0
93
89
ENEMY INSTALLATION
3
0
0
608
0
0
0
0
0
0
0
7
7
25
0
0
0
0
0
0
0
0
0
0
0
0
0
0
0
0
1
25
0
0
85
89
ENEMY INSTALLATION
3
0
0
608
0
0
0
0
0
0
0
7
7
25
0
0
0
0
0
0
0
0
0
0
0
0
0
0
0
0
1
25
0
0
85
81
ENEMY INSTALLATION
3
0
0
608
0
0
0
0
0
0
0
7
7
25
0
0
0
0
0
0
0
0
0
0
0
0
0
0
0
0
1
25
0
0
74
81
ENEMY INSTALLATION
3
0
0
608
0
0
0
0
0
0
0
7
7
25
0
0
0
0
0
0
0
0
0
0
0
0
0
0
0
0
1
25
0
0
74
63
ENEMY INSTALLATION
3
0
0
608
0
0
0
0
0
0
0
7
7
25
0
0
0
0
0
0
0
0
0
0
0
0
0
0
0
0
1
25
0
0
83
63
ENEMY INSTALLATION
3
0
0
608
0
0
0
0
0
0
0
7
7
25
0
0
0
0
0
0
0
0
0
0
0
0
0
0
0
0
1
25
0
0
83
56
ENEMY INSTALLATION
3
0
0
608
0
0
0
0
0
0
0
7
7
25
0
0
0
0
0
0
0
0
0
0
0
0
0
0
0
0
1
25
0
0
91
56
ENEMY INSTALLATION
3
0
0
608
0
0
0
0
0
0
0
7
7
25
0
0
0
0
0
0
0
0
0
0
0
0
0
0
0
0
1
25
0
0
91
47
ENEMY INSTALLATION
3
0
0
608
0
0
0
0
0
0
0
7
7
25
0
0
0
0
0
0
0
0
0
0
0
0
0
0
0
0
1
25
0
0
106
47
ENEMY INSTALLATION
3
0
0
608
0
0
0
0
0
0
0
7
7
25
0
0
0
0
0
0
0
0
0
0
0
0
0
0
0
0
1
25
0
0
106
50
ENEMY INSTALLATION
3
0
0
608
0
0
0
0
0
0
0
7
7
25
0
0
0
0
0
0
0
0
0
0
0
0
0
0
0
0
1
25
0
0
51
141
ENEMY INSTALLATION
3
0
0
608
0
0
0
0
0
0
0
7
7
25
0
0
0
0
0
0
0
0
0
0
0
0
0
0
0
0
0
0
0
0
63
141
ENEMY INSTALLATION
3
0
0
608
0
0
0
0
0
0
0
7
7
25
0
0
0
0
0
0
0
0
0
0
0
0
0
0
0
0
0
0
0
0
63
146
ENEMY INSTALLATION
3
0
0
608
0
0
0
0
0
0
0
7
7
25
0
0
0
0
0
0
0
0
0
0
0
0
0
0
0
0
0
0
0
0
51
146
ENEMY INSTALLATION
3
0
0
608
0
0
0
0
0
0
0
7
7
25
0
0
0
0
0
0
0
0
0
0
0
0
0
0
0
0
0
0
0
0
97
65
ENEMY INSTALLATION
3
0
0
617
0
0
0
0
0
0
0
7
7
25
0
0
0
0
0
0
0
0
0
0
0
0
0
0
0
0
0
0
0
0
60
84
GUN PLACEMENT
0
0
0
609
3
0
0
0
0
0
0
2
2
25
0
0
100
0
2
3
3
70
4
100
0
0
0
0
0
0
0
0
0
0
83
83
GUN PLACEMENT
0
0
0
609
0
0
0
0
0
0
0
2
2
25
0
0
100
0
2
3
3
70
4
100
0
0
0
0
0
0
0
0
0
0
89
90
GUN PLACEMENT
0
0
0
609
4
0
0
0
0
0
0
2
2
25
0
0
100
0
2
3
3
70
4
100
0
0
0
0
0
0
0
0
0
0
96
86
GUN PLACEMENT
0
0
0
609
1
0
0
0
0
0
0
2
2
25
0
0
100
0
2
3
3
70
4
100
0
0
0
0
0
0
0
0
0
0
123
84
GUN PLACEMENT
0
0
0
609
4
0
0
0
0
0
0
2
2
25
0
0
100
0
2
3
3
70
4
100
0
0
0
0
0
0
0
0
0
0
118
62
GUN PLACEMENT
0
0
0
609
7
0
0
0
0
0
0
2
2
25
0
0
100
0
2
3
3
70
4
100
0
0
0
0
0
0
0
0
0
0
118
68
GUN PLACEMENT
0
0
0
609
6
0
0
0
0
0
0
2
2
25
0
0
100
0
2
3
3
70
4
100
0
0
0
0
0
0
0
0
0
0
86
52
GUN PLACEMENT
0
0
0
609
7
0
0
0
0
0
0
2
2
25
0
0
100
0
2
3
3
70
4
100
0
0
0
0
0
0
0
0
0
0
68
71
GUN PLACEMENT
0
0
0
609
0
0
0
0
0
0
0
2
2
25
0
0
100
0
2
3
3
70
4
100
0
0
0
0
0
0
0
0
0
0
72
76
GUN PLACEMENT
0
0
0
609
2
0
0
0
0
0
0
2
2
25
0
0
100
0
2
3
3
70
4
100
0
0
0
0
0
0
0
0
0
0
49
137
GUN PLACEMENT
0
0
0
609
3
0
0
0
0
0
0
2
2
25
0
0
100
0
2
3
3
70
4
100
0
0
0
0
0
0
0
0
0
0
56
130
GUN PLACEMENT
0
0
0
609
3
0
0
0
0
0
0
2
2
25
0
0
100
0
2
3
3
70
4
100
0
0
0
0
0
0
0
0
0
0
61
136
GUN PLACEMENT
0
0
0
609
6
0
0
0
0
0
0
2
2
25
0
0
100
0
2
3
3
70
4
100
0
0
0
0
0
0
0
0
0
