0
117
26
ENEMY INSTALLATION
3
0
0
608
0
0
0
0
0
0
0
7
7
25
0
0
0
0
0
0
0
0
0
0
0
0
0
0
0
0
0
0
0
0
134
26
ENEMY INSTALLATION
3
0
0
608
0
0
0
0
0
0
0
7
7
25
0
0
0
0
0
0
0
0
0
0
0
0
0
0
0
0
0
0
0
0
134
38
ENEMY INSTALLATION
3
0
0
608
0
0
0
0
0
0
0
7
7
25
0
0
0
0
0
0
0
0
0
0
0
0
0
0
0
0
0
0
0
0
117
38
ENEMY INSTALLATION
3
0
0
608
0
0
0
0
0
0
0
7
7
25
0
0
0
0
0
0
0
0
0
0
0
0
0
0
0
0
0
0
0
0
115
35
GUN PLACEMENT
0
0
0
609
1
0
0
0
0
0
0
2
2
25
0
0
100
0
2
3
3
70
4
100
0
0
0
0
0
0
0
0
0
0
115
28
GUN PLACEMENT
0
0
0
609
2
0
0
0
0
0
0
2
2
25
0
0
100
0
2
3
3
70
4
100
0
0
0
0
0
0
0
0
0
0
136
38
GUN PLACEMENT
0
0
0
609
7
0
0
0
0
0
0
2
2
25
0
0
100
0
2
3
3
70
4
100
0
0
0
0
0
0
0
0
0
0
136
28
GUN PLACEMENT
0
0
0
609
3
0
0
0
0
0
0
2
2
25
0
0
100
0
2
3
3
70
4
100
0
0
0
0
0
0
0
0
0
10
140
32
CARLOS De'ANCOMI
0
31
3
130
4
0
0
0
0
0
0
8
8
150
150
0
250
0
3
1
3
45
4
80
5
100
0
0
0
0
0
0
0
10
140
32
KATRINA TAYLOR
3
17
3
154
1
0
0
0
0
0
0
8
8
150
150
0
250
0
3
1
3
45
6
80
5
100
0
0
0
0
0
0
0
