5
23
6
AAF TANK
0
0
0
130
6
0
0
0
0
0
0
9.5
9.5
100
0
0
150
0
2
1
3
70
4
100
0
0
0
0
0
0
0
0
0
5
22
5
AAF TANK
0
0
0
130
2
0
0
0
0
0
0
9.5
9.5
100
0
0
150
0
2
1
3
70
4
100
0
0
0
0
0
0
0
0
0
5
18
4
AAF TANK
0
0
0
130
0
0
0
0
0
0
0
9.5
9.5
100
0
0
150
0
2
1
3
70
4
100
0
0
0
0
0
0
0
0
0
5
17
6
AAF AKIKAO
3
0
0
154
4
0
0
0
0
0
0
9.5
9.5
50
0
0
200
0
2
1
3
70
6
100
0
0
0
0
0
0
0
0
0
5
18
7
AAF AKIKAO
3
0
0
154
5
0
0
0
0
0
0
9.5
9.5
50
0
0
200
0
2
1
3
70
6
100
0
0
0
0
0
0
0
0
0
0
25
100
GUN PLACEMENT
0
0
0
609
4
0
0
0
0
0
0
2
2
25
0
0
100
0
2
3
3
70
4
100
0
0
0
0
0
0
0
0
0
0
78
58
GUN PLACEMENT
0
0
0
609
3
0
0
0
0
0
0
2
2
25
0
0
100
0
2
3
3
70
4
100
0
0
0
0
0
0
0
0
0
0
183
63
GUN PLACEMENT
0
0
0
609
5
0
0
0
0
0
0
2
2
25
0
0
100
0
2
3
3
70
4
100
0
0
0
0
0
0
0
0
0
0
137
28
GUN PLACEMENT
0
0
0
609
2
0
0
0
0
0
0
2
2
25
0
0
100
0
2
3
3
70
4
100
0
0
0
0
0
0
0
0
0
0
68
36
GUN PLACEMENT
0
0
0
609
7
0
0
0
0
0
0
2
2
25
0
0
100
0
2
3
3
70
4
100
0
0
0
0
0
0
0
0
0
0
0
0
GUN PLACEMENT
0
0
0
609
2
0
0
0
0
0
0
2
2
25
0
0
100
0
2
3
3
70
4
100
0
0
0
0
0
0
0
0
0
0
0
0
GUN PLACEMENT
0
0
0
609
0
0
0
0
0
0
0
2
2
25
0
0
100
0
2
3
3
70
4
100
0
0
0
0
0
0
0
0
0
0
0
0
GUN PLACEMENT
0
0
0
609
5
0
0
0
0
0
0
2
2
25
0
0
100
0
2
3
3
70
4
100
0
0
0
0
0
0
0
0
0
0
0
0
GUN PLACEMENT
0
0
0
609
2
0
0
0
0
0
0
2
2
25
0
0
100
0
2
3
3
70
4
100
0
0
0
0
0
0
0
0
0
0
0
0
GUN PLACEMENT
0
0
0
609
3
0
0
0
0
0
0
2
2
25
0
0
100
0
2
3
3
70
4
100
0
0
0
0
0
0
0
0
0
