5
48
148
SENTINEL
0
0
2
651
0
0
0
0
0
0
0
7.3
7.3
100
100
0
150
0
2
1
3
50
8
100
0
0
0
0
0
0
7
9.5
9.5
5
50
148
SENTINEL
0
0
2
651
0
0
0
0
0
0
0
7.3
7.3
100
100
0
150
0
2
1
3
50
8
100
0
0
0
0
0
0
7
9.5
9.5
5
52
148
SENTINEL
0
0
2
651
0
0
0
0
0
0
0
7.3
7.3
100
100
0
150
0
2
1
3
50
8
100
0
0
0
0
0
0
7
9.5
9.5
5
49
151
SENTINEL
0
0
2
651
0
0
0
0
0
0
0
7.3
7.3
100
100
0
150
0
2
1
3
50
8
100
0
0
0
0
0
0
7
9.5
9.5
5
51
151
SENTINEL
0
0
2
651
0
0
0
0
0
0
0
7.3
7.3
100
100
0
150
0
2
1
3
50
8
100
0
0
0
0
0
0
7
9.5
9.5
