10
76
61
Lisa Falker
0
31
3
130
7
0
0
0
0
0
0
8
8
150
150
0
150
0
4
1
3
25
4
50
5
75
8
100
0
0
0
0
0
10
69
61
Warren Cox
0
31
3
130
7
0
0
0
0
0
0
8
8
150
150
0
150
0
4
1
3
25
4
50
5
75
8
100
0
0
0
0
0
10
108
61
Commander Tyrran
0
0
5
671
0
0
0
0
0
0
0
8
8
500
250
0
250
0
4
1
3
20
4
40
5
60
8
80
9
100
0
0
0
5
130
84
GUN PLACEMENT
0
0
0
609
6
0
0
0
0
0
0
2
2
25
0
0
100
0
4
1
3
40
4
76
6
82
5
100
0
0
0
0
0
1
133
84
GUN PLACEMENT
0
0
0
609
7
0
0
0
0
0
0
2
2
25
0
0
100
0
4
1
3
40
4
76
6
82
5
100
0
0
0
0
0
1
105
58
GUN PLACEMENT
0
0
0
609
2
0
0
0
0
0
0
2
2
25
0
0
100
0
4
1
3
40
4
76
6
82
5
100
0
0
0
0
0
5
105
63
GUN PLACEMENT
0
0
0
609
2
0
0
0
0
0
0
2
2
25
0
0
100
0
4
1
3
40
4
76
6
82
5
100
0
0
0
0
0
1
76
59
GUN PLACEMENT
0
0
0
609
7
0
0
0
0
0
0
2
2
25
0
0
100
0
4
1
3
40
4
76
6
82
5
100
0
0
0
0
0
1
76
64
GUN PLACEMENT
0
0
0
609
5
0
0
0
0
0
0
2
2
25
0
0
100
0
4
1
3
40
4
76
6
82
5
100
0
0
0
0
0
5
27
84
GUN PLACEMENT
0
0
0
609
6
0
0
0
0
0
0
2
2
25
0
0
100
0
4
1
3
40
4
76
6
82
5
100
0
0
0
0
0
5
30
84
GUN PLACEMENT
0
0
0
609
4
0
0
0
0
0
0
2
2
25
0
0
100
0
4
1
3
40
4
76
6
82
5
100
0
0
0
0
0
