0
49
101
GUN PLACEMENT
0
0
0
609
0
0
0
0
0
0
0
2
2
25
0
0
100
0
4
1
3
35
4
72
6
79
5
100
0
0
9
7.3
7.3
0
58
101
GUN PLACEMENT
0
0
0
609
0
0
0
0
0
0
0
2
2
25
0
0
100
0
4
1
3
35
4
72
6
79
5
100
0
0
9
7.3
7.3
0
60
104
GUN PLACEMENT
0
0
0
609
6
0
0
0
0
0
0
2
2
25
0
0
100
0
4
1
3
35
4
72
6
79
5
100
0
0
9
7.3
7.3
0
50
104
GUN PLACEMENT
0
0
0
609
2
0
0
0
0
0
0
2
2
25
0
0
100
0
4
1
3
35
4
72
6
79
5
100
0
0
9
7.3
7.3
0
51
137
GUN PLACEMENT
0
0
0
609
1
0
0
0
0
0
0
2
2
25
0
0
100
0
4
1
3
35
4
72
6
79
5
100
0
0
9
7.3
7.3
0
58
137
GUN PLACEMENT
0
0
0
609
3
0
0
0
0
0
0
2
2
25
0
0
100
0
4
1
3
35
4
72
6
79
5
100
0
0
9
7.3
7.3
0
72
140
GUN PLACEMENT
0
0
0
609
4
0
0
0
0
0
0
2
2
25
0
0
100
0
4
1
3
35
4
72
6
79
5
100
0
0
9
7.3
7.3
0
72
145
GUN PLACEMENT
0
0
0
609
7
0
0
0
0
0
0
2
2
25
0
0
100
0
4
1
3
35
4
72
6
79
5
100
0
0
9
7.3
7.3
