10
47
33
Carlos De'Ancomi
0
31
3
130
4
0
0
0
0
0
0
7
7
150
150
0
250
0
3
1
3
5
4
50
5
100
0
0
0
0
6
8
8
10
59
33
Katrina Taylor
3
17
3
154
4
0
0
0
0
0
0
7
7
150
150
0
250
0
3
1
3
5
6
50
5
100
0
0
0
0
6
8
8
10
70
33
Andrew Kennedy
0
31
6
663
4
0
0
0
0
0
0
7
7
300
300
0
250
0
4
1
3
5
4
50
6
75
5
100
0
0
6
8
8
10
81
33
Dexter Kawolski
0
0
6
663
4
0
0
0
0
0
0
7
7
300
300
0
250
0
4
1
3
5
4
50
6
75
5
100
0
0
6
8
8
10
93
33
Lisa Falker
0
31
3
130
4
0
0
0
0
0
0
7
7
150
150
0
250
0
4
1
3
5
4
50
5
75
8
100
0
0
6
8
8
10
108
33
Warren Cox
0
31
3
130
4
0
0
0
0
0
0
7
7
150
150
0
250
0
4
1
3
5
4
50
5
75
8
100
0
0
6
8
8
10
119
33
Commander Tyrran
0
0
5
671
4
0
0
0
0
0
0
7
7
500
250
0
250
0
5
1
3
5
4
30
5
50
8
75
9
100
6
8
8
10
132
33
Angus Jameson
3
17
3
154
4
0
0
0
0
0
0
7
7
150
150
0
250
0
3
1
3
5
6
50
8
100
0
0
0
0
6
8
8
10
146
33
Anneta Taylor
3
17
3
162
4
0
0
0
0
0
0
7
7
250
250
0
250
0
5
1
3
5
4
30
5
50
8
75
9
100
6
8
8
10
155
33
Marianna Evlin
0
0
6
663
4
0
0
0
0
0
0
7
7
300
300
0
250
0
4
1
3
5
4
50
6
75
5
100
0
0
6
8
8
