2
15
15
ORGANIC GENERATOR
3
6
0
682
0
0
0
0
0
0
0
0
0
250
0
0
0
0
2
1
1
58
2
100
0
0
0
0
0
0
0
0
0
2
18
130
ORGANIC GENERATOR
3
10
0
682
0
0
0
0
0
0
0
0
0
250
0
0
0
0
2
1
1
55
2
100
0
0
0
0
0
0
0
0
0
2
193
139
ORGANIC GENERATOR
3
8
0
682
0
0
0
0
0
0
0
0
0
250
0
0
0
0
2
1
1
58
2
100
0
0
0
0
0
0
0
0
0
5
188
11
ORGANIC GENERATOR
3
2
0
682
0
0
0
0
0
0
0
0
0
250
0
0
0
0
4
1
1
-10
3
25
2
50
4
100
0
0
0
0
0
5
103
66
MAIN COMPUTER
3
0
640
683
0
0
0
0
0
0
0
0
0
32000
32000
0
0
0
3
1
1
10
2
55
7
100
0
0
0
0
0
0
0
10
0
0
GREY
0
0
640
663
3
0
0
0
0
0
0
9.5
9.5
32000
32000
0
250
0
5
1
3
10
4
35
8
50
5
80
9
100
0
0
0
10
0
0
GREY
0
0
640
663
7
0
0
0
0
0
0
9.5
9.5
32000
32000
0
250
0
5
1
3
10
4
35
8
50
5
80
9
100
0
0
0
10
0
0
GREY
0
0
640
663
6
0
0
0
0
0
0
9.5
9.5
32000
32000
0
250
0
5
1
3
10
4
35
8
50
5
80
9
100
0
0
0
10
0
0
GREY
0
0
640
663
5
0
0
0
0
0
0
9.5
9.5
32000
32000
0
250
0
5
1
3
10
4
35
8
50
5
80
9
100
0
0
0
10
0
0
GREY
0
0
640
663
0
0
0
0
0
0
0
9.5
9.5
32000
32000
0
250
0
5
1
3
10
4
35
8
50
5
80
9
100
0
0
0
10
0
0
GREY
0
0
640
663
5
0
0
0
0
0
0
9.5
9.5
32000
32000
0
250
0
5
1
3
10
4
35
8
50
5
80
9
100
0
0
0
10
0
0
GREY
0
0
640
663
1
0
0
0
0
0
0
9.5
9.5
32000
32000
0
250
0
5
1
3
10
4
35
8
50
5
80
9
100
0
0
0
10
0
0
GREY
0
0
640
663
7
0
0
0
0
0
0
9.5
9.5
32000
32000
0
250
0
5
1
3
10
4
35
8
50
5
80
9
100
0
0
0
10
0
0
GREY
0
0
640
663
7
0
0
0
0
0
0
9.5
9.5
32000
32000
0
250
0
5
1
3
10
4
35
8
50
5
80
9
100
0
0
0
10
0
0
GREY
0
0
640
663
2
0
0
0
0
0
0
9.5
9.5
32000
32000
0
250
0
5
1
3
10
4
35
8
50
5
80
9
100
0
0
0
