141
  0.800
  2.000
  1.000
 14.000
  2.000
 14.000
  2.250
 14.000
  2.400
 10.000
  3.600
  2.000
  3.690
  2.000
  7.000
 15.000
  7.300
 15.000
  8.000
 15.000
  8.200
 15.000
  8.600
  2.000
  8.800
  2.000
  9.000
  2.000
 11.500
 15.000
 12.000
 15.000
 12.200
 15.000
 13.600
 15.000
 13.900
 15.000
 14.100
 15.000
 14.300
 15.000
 15.500
  2.000
 16.400
 15.000
 16.600
  2.000
 17.000
 15.000
 17.100
 15.000
 17.300
 15.000
 17.700
 15.000
 18.300
 15.000
 19.200
 15.000
 19.300
 10.000
 19.700
  2.000
 20.000
 15.000
 20.200
 15.000
 20.600
 15.000
 20.700
 15.000
 21.900
 15.000
 22.500
  2.000
 22.750
  2.000
 24.000
 10.000
 27.000
  2.000
 27.200
  2.000
 28.650
 10.000
 30.000
 14.000
 30.300
  2.000
 30.600
 10.000
 31.700
  2.000
 32.800
 14.000
 33.000
  2.000
 33.125
 14.000
 33.300
  8.000
 35.550
 10.000
 37.300
 10.000
 37.600
  2.000
 40.500
  0.000
 43.100
 10.000
 44.000
  2.000
 45.600
  2.000
 47.000
 10.000
 47.160
  1.000
 47.360
 10.000
 48.000
 10.000
 51.100
 10.000
 51.300
  2.000
 51.550
 10.000
 52.000
  2.000
 53.000
  2.000
 53.200
  7.000
 53.400
  9.000
 53.600
  1.000
 53.800
 14.000
 54.000
 14.000
 54.900
 10.000
 55.100
  2.000
 55.400
 15.000
 56.400
 10.000
 58.800
 10.000
 59.000
  2.000
 62.000
  1.000
 62.400
 10.000
 62.600
  1.000
 63.000
 10.000
 64.400
 10.000
 64.600
  2.000
 64.900
 10.000
 65.200
  0.000
 65.600
  1.000
 66.800
  2.000
 67.000
  1.000
 67.250
 10.000
 67.900
  1.000
 69.000
  2.000
 69.250
 10.000
 70.000
 10.000
 70.600
  8.000
 70.850
  2.000
 71.100
  1.000
 71.350
  2.000
 71.600
  2.000
 78.300
  2.000
 78.550
 10.000
 80.600
  0.000
 82.200
 10.000
 82.400
 10.000
 82.600
 10.000
 82.700
 10.000
 82.800
 10.000
 82.900
 10.000
 83.000
 10.000
 83.100
 10.000
 83.200
 10.000
 83.300
 10.000
 83.400
 10.000
 83.500
 10.000
 83.600
 10.000
 84.000
  2.000
 85.500
 14.000
 85.700
  2.000
 85.900
  2.000
 87.500
  2.000
 88.300
  2.000
 88.900
  2.000
 89.300
  2.000
 89.500
  2.000
 93.300
  2.000
 94.500
 11.000
 94.700
  2.000
 95.200
 11.000
 98.000
  2.000
 98.800
  2.000
 99.300
 11.000
 99.400
  2.000
 99.500
  7.000
101.000
  2.000
101.400
  2.000
102.200
  2.000
103.400
  2.000
104.700
  2.000
104.900
 11.000
105.000
  2.000
105.300
 11.000
End
