 53
  0.300
  0.200
 32
 64
 11
 1
  0.400
  0.200
 32
 48
 10
-1
  0.550
  0.500
  1
 64
 14
 1
  1.000
  0.100
 48
 48
  2
-1
 10.700
  0.040
 32
 42
 15
 1
 10.700
  0.039
 32
 85
  1
 1
 10.700
  0.038
 32
 98
 15
 1
 20.470
  0.120
 50
115
 15
-1
 21.300
  0.100
135
 92
 15
 1
 24.300
  0.040
 32
 42
 15
-1
 24.300
  0.039
 32
 85
  1
-1
 24.300
  0.038
 32
 98
 15
-1
 26.900
  0.040
 32
 42
 15
 1
 26.900
  0.039
 32
 85
  1
 1
 26.900
  0.038
 32
 98
 15
 1
 30.900
  0.040
 32
 42
 15
 1
 30.900
  0.039
 32
 85
  1
 1
 30.900
  0.038
 32
 98
 15
 1
 38.000
  0.040
 32
 56
 15
 1
 38.000
  0.039
 32
124
  1
 1
 38.000
  0.038
 32
140
 11
 1
 47.450
  0.040
 32
 42
 15
-1
 47.450
  0.039
 32
 85
  1
-1
 47.450
  0.038
 32
 98
 11
-1
 50.590
  0.060
 32
 56
 15
 1
 50.590
  0.059
 32
124
  1
 1
 50.590
  0.058
 32
140
 11
 1
 50.890
  0.040
 32
 56
 15
 1
 50.890
  0.039
 32
124
  1
 1
 50.890
  0.038
 32
140
 11
 1
 55.100
  0.040
 32
 56
 15
 1
 55.100
  0.039
 32
124
  1
 1
 55.100
  0.038
 32
140
 11
 1
 61.400
  0.040
 32
 42
 15
 1
 61.400
  0.039
 32
 85
  1
 1
 61.400
  0.038
 32
 98
 11
 1
 65.400
  0.050
 32
 56
 10
 1
 65.400
  0.049
 32
114
  1
 1
 65.400
  0.048
 32
130
  2
 1
 66.100
  0.300
128
256
 11
 1
 70.300
  0.040
 32
 42
 15
-1
 70.300
  0.039
 32
 85
  1
-1
 70.300
  0.038
 32
 98
 11
-1
 73.100
  0.300
  2
100
  1
-1
 80.800
  0.040
 32
 56
 15
 1
 80.800
  0.039
 32
124
  1
 1
 80.800
  0.038
 32
140
 15
 1
101.660
  0.040
 32
 42
 15
 1
101.660
  0.039
 32
 85
  1
 1
101.660
  0.038
 32
 98
 15
 1
104.900
  0.040
 32
 56
 15
 1
104.900
  0.039
 32
124
  1
 1
104.900
  0.038
 32
140
  3
 1
End
