194
  0.000
 0000
  0.200
 0636
  0.600
 0136
  0.800
-0276
  1.000
 0432
  3.100
-0427
  5.100
-1700
  7.100
 1066
  9.000
 0473
 13.000
-0558
 13.700
 0709
 14.200
 0000
 15.000
 0614
 15.900
 0000
 16.600
 0407
 17.400
 0000
 18.000
 0627
 18.500
 0370
 19.500
 0757
 19.800
 0000
 20.000
 0200
 20.200
 0370
 20.800
 0242
 21.000
 0000
 21.300
 0230
 21.900
 0414
 22.100
 0211
 22.200
 0000
 22.600
-0753
 22.700
 0297
 24.000
 0000
 27.400
-0156
 27.700
-0197
 28.000
-0602
 28.100
 0274
 28.300
 0143
 28.700
-0406
 28.800
 0000
 29.000
-0193
 29.200
 0000
 29.800
-0098
 30.000
 0430
 30.100
 0146
 30.300
-0245
 30.700
 0262
 30.900
 0000
 31.300
-0245
 31.400
 0000
 31.500
 0223
 31.700
 0000
 32.600
-0754
 33.100
 0000
 33.500
-0149
 33.600
 0000
 33.700
 0131
 34.000
 0000
 34.100
-0227
 34.200
 0385
 34.300
-0373
 34.600
 0000
 35.000
-0238
 35.200
 0172
 35.400
-0745
 35.500
 0107
 35.700
 0107
 36.000
-0176
 36.200
 0271
 36.700
 0000
 37.300
-0803
 37.700
 0241
 38.000
 0000
 39.000
-0300
 39.200
 0180
 39.400
 0000
 43.200
-0263
 43.300
 0141
 43.400
 0429
 43.500
 0000
 45.400
-0802
 45.600
 0793
 46.000
 0000
 47.800
-0360
 48.000
 0487
 48.200
 0000
 49.800
-0365
 50.000
 0000
 50.200
-0629
 50.700
 0162
 51.000
 0584
 51.300
-0375
 52.000
 0000
 52.200
 0200
 52.500
 0000
 55.400
-0697
 55.600
-0333
 56.500
-0830
 56.750
-0391
 58.000
-0100
 58.800
-0347
 58.900
 0000
 59.000
 0562
 59.100
 0100
 60.000
 0250
 60.200
 0000
 60.400
-0215
 60.700
 0000
 61.200
 0550
 61.400
-0263
 61.600
 0215
 63.200
 0561
 63.600
 0000
 64.600
-0806
 65.000
 0330
 65.200
 0628
 65.500
-0105
 65.900
-0344
 66.000
-0584
 66.100
-0535
 66.700
 0000
 67.000
 0324
 67.600
 0784
 68.000
 0000
 68.900
-0687
 70.000
 0727
 70.900
-0132
 71.100
 0127
 71.700
 0000
 72.500
 0247
 73.000
-0209
 73.200
-0209
 73.400
 0197
 73.700
 0000
 73.800
 0591
 74.000
 0000
 75.000
-0175
 75.500
 0450
 76.000
-0181
 76.700
 0000
 77.500
-0227
 79.000
-0660
 81.200
 0383
 81.400
-0436
 82.300
 0000
 82.600
 0205
 82.700
 0000
 83.000
 0606
 84.100
 0000
 84.500
-0399
 85.100
-0172
 85.700
 0000
 86.100
 0177
 87.000
 0370
 87.200
-0546
 87.400
 0281
 87.700
 0000
 88.300
 0302
 88.600
 0446
 89.100
 0102
 89.800
 0097
 90.200
 0106
 90.400
 0230
 90.700
 0000
 91.000
-0757
 91.300
-0113
 91.700
-0920
 91.900
-0098
 93.000
 0276
 94.000
-0099
 94.700
-0136
 94.800
 0107
 95.300
 0000
 95.700
 0136
 96.700
-0256
 97.100
 0132
 97.900
 0000
 98.300
-0240
 98.800
-0425
 99.300
 0350
100.000
 0782
100.100
-0174
100.300
 0000
100.500
 0131
101.000
 0250
101.500
 0000
102.000
-0176
102.300
 0283
102.600
 0000
103.100
-0133
103.600
 0000
104.100
-0242
104.700
 0812
104.900
 0135
105.000
 0075
105.200
 0000
End
