134
 50
 50
  0.000
0202
080050
  1.000
1515
080050
  2.000
0808
090090
  2.800
1313
120120
  3.300
1313
120120
  3.600
0808
080050
  4.000
1313
120120
  5.300
0808
100100
  7.000
0808
100050
  7.500
1313
120120
  8.000
0808
090055
  9.000
1212
120120
  9.200
0808
090045
  9.400
1313
120120
 11.000
0813
080055
 11.300
1313
120120
 13.000
1305
088111
 13.600
0808
090055
 14.600
0606
120120
 15.500
1305
120120
 17.000
0808
099055
 18.000
1313
120120
 19.000
0808
111111
 20.300
0814
090120
 20.600
0202
111100
 20.900
1313
120120
 21.400
0202
001001
 22.000
1313
120120
 23.000
1414
120120
 23.500
1402
120055
 24.000
1313
120120
 24.500
1308
120111
 25.000
1013
120120
 26.000
1313
120120
 27.000
0808
099055
 29.000
1313
120120
 29.500
1410
120120
 30.000
0808
099055
 30.500
1308
120055
 30.750
0808
100055
 31.000
0810
066120
 31.500
0808
099055
 31.700
1313
120120
 32.000
0813
055120
 32.300
1313
120120
 32.600
0813
066120
 33.400
0808
099055
 34.000
1008
120055
 34.300
1308
120055
 34.550
0808
088066
 34.800
0813
055120
 35.500
1408
120066
 36.000
0813
055120
 36.300
1013
120120
 36.550
0513
120120
 37.000
0808
077066
 38.000
1313
120120
 39.000
0814
055120
 39.500
1313
120120
 40.000
0808
077066
 41.000
0814
055120
 42.000
1014
120120
 43.000
1302
120120
 44.000
1313
120120
 45.000
0813
055120
 45.500
1313
120120
 46.500
1302
120120
 47.150
0208
111120
 47.450
0808
100111
 48.200
1302
120100
 49.500
1515
066055
 50.000
1315
066066
 50.600
1414
120120
 51.000
1515
001001
 51.300
1309
120120
 51.600
1313
120120
 52.200
1315
120111
 52.500
0815
077055
 53.000
1515
120120
 54.000
1508
120100
 55.500
1009
120120
 56.400
0808
066066
 57.000
0809
066120
 57.300
0814
066120
 57.600
0808
066088
 58.000
0809
066120
 59.000
0808
077077
 59.500
0809
057120
 59.900
1009
120120
 60.600
0809
088120
 61.000
0209
110120
 61.400
1009
120120
 62.000
0815
055120
 62.500
1010
001001
 63.000
1008
120033
 64.000
1308
120055
 65.000
1408
120055
 65.500
0909
120120
 65.700
0815
022120
 66.000
0808
055062
 67.000
0813
033120
 69.000
1309
120120
 70.000
0809
055120
 71.900
0808
077055
 72.200
0809
055120
 72.500
0808
077055
 72.800
0809
077120
 73.100
1009
120120
 73.400
0809
055120
 73.700
0813
055120
 74.000
1313
120120
 77.000
0813
055120
 78.000
0808
060090
 81.000
0208
001090
 82.550
0404
120120
 83.550
0808
028018
 85.000
1311
120120
 85.600
1313
120120
 86.000
0808
066077
 90.000
1313
120120
 91.700
0404
120120
 91.800
1313
120120
 92.300
0808
040040
 94.500
1111
001001
 95.000
1313
120120
100.300
0808
066055
101.400
1313
120120
102.400
0911
120001
103.100
0808
077077
103.700
1310
120120
104.200
0808
055055
104.400
1313
120120
104.800
0808
088088
105.000
1414
120120
End
