 82
  0.190
 100
  0.700
 100
  1.600
 100
  9.400
 100
 10.000
 600
 10.550
 600
 11.000
 200
 11.800
 100
 13.300
 200
 14.700
 200
 16.300
 100
 17.800
 200
 19.430
 400
 20.400
 101
3
 20.700
 100
 20.800
 101
M
 21.200
 100
 22.100
1109
 22.800
9100
 23.900
 200
 25.800
 400
 26.800
 600
 29.600
 400
 30.300
 100
 32.000
 200
 35.600
 100
 36.700
 400
 37.400
1603
 37.700
 600
 37.950
1609
 39.500
9400
 40.600
 600
 41.100
 600
 42.700
 400
 43.800
 100
 44.100
 600
 46.100
 400
 47.000
 600
 47.650
 600
 49.600
 400
 50.450
1103
 50.910
 600
 51.100
1109
 52.100
9200
 53.000
 100
 53.900
 400
 54.800
1603
 55.210
1609
 57.900
9400
 58.700
 200
 59.800
 400
 60.800
 200
 61.900
 100
 62.900
 200
 63.500
 400
 64.560
1104
 65.300
1102
M

 65.900
9100
 69.100
 400
 70.000
 100
 70.800
 200
 74.300
 400
 75.300
 200
 79.700
 400
 80.310
1103
 80.700
1109
 81.900
9100
 82.310
 200
 84.000
 400
 84.700
 200
 85.750
 400
 86.700
 600
 87.300
 600
 93.450
 100
 95.100
 600
 95.800
 600
101.050
 700
101.800
 600
102.300
 100
103.300
 800
104.700
1102
3
2
105.400
   0
End
