 35
  0.000
 20.000
  0.200
 90.000
  9.200
 65.000
  9.400
 75.000
 10.600
 90.000
 19.450
 50.000
 20.400
 30.000
 20.801
 15.000
 21.000
 30.000
 21.400
 25.000
 22.000
 60.000
 22.680
 90.000
 37.400
 15.000
 38.200
 90.000
 50.000
 40.000
 51.500
 90.000
 54.800
 15.000
 55.500
 90.000
 64.750
 50.000
 65.000
 25.000
 65.380
 30.000
 65.800
 45.000
 66.550
 75.000
 68.300
 55.000
 68.750
 90.000
 79.900
 15.000
 80.910
 50.000
 82.000
 45.000
 82.550
 40.000
 83.600
 90.000
 87.800
 60.000
 88.550
 75.000
 93.400
 60.000
101.800
 75.000
104.850
 15.000
End
