7
8
15
0
15
0
15
0
6
0
7
0
3
0
3
0
3
0
15
15
8
0
9
0
3
0
15
0
15
0
6
0
7
0
15
0
15
0
15
0
3
0
3
0
3
0
6
0
7
12
15
0
15
0
15
0
15
12
6
12
12
15
1
0
1
15
1
0
13
0
2
0
0
0
0
0
7
0
1
15
15
0
15
0
6
0
2
0
12
0
13
0
12
0
1
0
1
0
1
0
6
12
0
0
0
0
2
0
12
15
1
0
1
15
1
0
1
12
13
12
12
0
1
0
1
15
1
0
1
15
1
15
6
0
0
0
12
0
1
15
1
0
1
15
13
0
2
0
12
0
13
0
12
1
1
0
1
0
1
1
13
1
0
0
0
0
2
0
12
0
1
0
1
1
1
1
1
0
13
0
12
0
1
0
1
0
1
0
13
0
2
0
2
15
0
0
12
6
1
0
1
0
1
0
13
0
2
0
4
15
5
15
12
6
1
0
1
15
1
0
13
15
0
0
0
0
2
0
12
0
1
0
1
15
1
0
1
15
13
0
12
4
1
0
1
0
1
0
13
0
2
0
2
15
0
0
4
0
14
0
14
0
14
0
5
19
2
0
0
0
0
0
4
15
14
1
14
0
14
6
5
12
0
0
0
0
2
0
12
12
1
0
1
0
1
0
13
12
2
0
4
12
14
4
14
4
14
0
5
15
2
0
12
6
6
0
9
12
3
0
3
0
3
0
3
0
1
0
3
0
3
0
3
0
3
0
3
0
8
12
7
0
15
0
15
0
13
0
12
6
1
0
1
0
1
0
13
6
2
0
0
0
0
0
0
0
0
0
0
0
2
0
12
0
13
0
7
0
15
1
15
0
15
1
6
1
12
0
3
0
3
24
3
23
3
25
3
23
3
0
1
0
1
0
1
0
13
0
12
0
1
0
1
0
1
0
13
6
2
0
0
0
0
0
0
0
0
0
0
0
2
0
12
0
13
0
12
15
1
1
1
0
1
15
13
0
12
0
15
0
15
15
15
15
6
0
7
0
6
0
4
0
14
0
14
0
5
20
4
21
14
0
14
0
14
0
5
15
2
0
0
0
0
0
0
0
0
0
0
0
2
0
12
0
13
0
12
0
1
15
1
0
1
0
13
1
12
0
1
1
1
0
1
0
13
1
12
0
1
15
15
0
15
0
15
0
6
15
7
12
15
15
15
1
15
15
6
12
2
0
0
0
0
0
0
0
0
0
0
0
2
0
12
6
13
6
12
0
1
1
1
0
1
0
13
0
12
0
1
0
1
0
1
0
13
0
12
0
1
0
1
15
1
0
1
22
13
22
12
0
1
0
1
0
1
0
13
6
2
0
7
12
15
0
15
2
15
0
6
0
2
0
4
0
5
0
4
0
1
15
14
0
14
15
5
0
4
15
1
0
1
0
1
0
13
15
12
15
1
15
1
15
1
0
1
22
13
0
12
15
1
15
1
0
1
0
13
1
2
0
12
12
1
15
1
2
1
15
13
0
2
0
0
0
0
0
0
0
2
0
7
0
15
0
15
0
6
0
12
0
1
0
1
15
13
16
14
0
14
0
14
0
14
0
14
0
5
0
12
0
1
0
1
0
1
0
13
0
2
0
12
15
1
0
1
12
1
0
1
0
1
0
3
0
3
0
3
0
5
0
4
0
1
0
14
0
5
12
4
0
14
0
14
15
5
0
7
0
15
0
15
0
15
0
15
0
6
0
4
12
14
0
14
0
14
0
13
0
2
0
4
2
14
2
14
15
14
0
5
0
4
0
3
0
3
0
3
0
3
0
3
0
14
0
3
0
3
0
3
0
3
0
3
0
3
0
14
0
14
0
14
0
14
0
14
0
14
0
3
0
3
0
3
0
3
0
14
0
5
0
