0
0
0
0
0
0
0
0
0
0
0
0
0
0
7
0
15
0
15
0
15
0
15
1
6
4
0
0
7
14
15
0
6
12
0
0
0
0
0
0
0
0
0
0
0
0
0
0
0
0
0
0
0
0
0
0
0
0
0
0
9
20
3
0
3
0
3
0
3
0
3
0
3
0
1
15
1
0
1
0
1
0
1
0
13
0
0
0
2
0
10
20
2
12
0
0
0
0
0
0
0
0
0
0
0
0
0
0
7
0
15
0
15
0
15
0
15
0
6
8
7
0
15
0
15
0
15
0
15
0
15
0
6
0
12
15
1
0
1
0
1
5
1
0
13
0
0
0
4
3
15
0
5
3
0
0
0
0
0
0
0
0
0
0
0
0
0
0
12
0
1
0
1
0
1
0
1
0
13
1
12
0
1
0
1
0
1
0
1
0
1
0
13
0
4
0
14
16
14
0
14
0
14
0
5
0
7
12
8
15
2
0
0
0
0
0
0
0
0
0
0
0
0
0
0
0
0
0
12
0
1
0
1
0
1
0
1
0
13
2
12
0
1
0
14
0
14
0
14
0
1
0
13
0
7
0
1
0
15
15
15
0
15
15
3
0
13
0
0
0
2
0
0
0
0
0
0
0
0
0
0
0
0
0
0
0
0
0
12
0
1
0
1
0
1
0
1
0
13
4
12
0
13
0
0
0
0
0
0
0
12
0
13
0
4
0
14
0
14
0
14
0
5
0
9
6
5
6
0
0
2
0
0
0
0
0
0
0
0
0
0
0
0
0
0
0
0
0
12
0
1
0
1
0
1
0
1
0
13
5
12
0
13
16
3
0
8
19
0
0
12
0
1
0
3
0
3
0
3
0
3
0
3
0
3
0
3
0
3
0
1
25
3
0
3
0
3
0
3
0
3
0
3
0
3
0
3
23
8
16
1
23
1
0
1
0
1
0
13
6
12
0
1
0
0
0
0
0
0
0
12
0
13
0
0
0
0
0
0
0
0
0
0
0
0
0
0
0
0
0
2
0
7
0
15
0
15
0
15
0
3
0
3
0
15
0
8
21
12
0
1
0
1
0
1
0
1
23
13
24
12
0
1
0
15
0
15
0
15
0
1
0
13
0
0
0
0
0
0
0
0
0
0
0
0
0
0
0
0
0
2
0
12
0
1
0
1
0
13
0
0
0
7
0
1
0
6
0
12
0
1
0
1
0
1
0
1
0
13
22
12
0
1
0
1
0
1
0
1
0
1
0
13
0
0
0
0
0
0
0
0
0
0
0
0
0
0
0
0
0
2
0
4
0
14
0
1
0
5
0
0
0
12
0
1
0
13
0
4
0
14
0
14
0
14
0
14
0
5
0
4
0
14
0
14
0
14
0
14
0
14
0
5
0
0
0
0
0
0
0
0
0
0
0
0
0
7
0
15
0
10
16
15
0
6
0
2
0
9
0
6
0
4
0
14
0
13
0
7
0
15
0
6
0
7
0
15
0
6
0
0
0
0
0
0
0
0
0
0
0
0
0
0
0
0
0
0
0
0
0
0
0
0
0
0
0
12
0
1
0
1
0
1
0
13
0
2
0
9
0
1
0
3
0
3
0
14
0
1
0
1
0
13
0
12
0
1
0
13
0
0
0
0
0
0
0
0
0
0
0
0
0
0
0
0
0
0
0
0
0
0
0
0
0
0
0
12
0
1
0
1
0
1
0
13
0
2
0
9
0
14
0
3
0
3
0
8
0
4
0
14
0
5
0
4
0
1
0
5
0
0
0
0
0
0
0
0
0
0
0
0
0
0
0
0
0
0
0
0
0
0
0
0
0
0
0
4
0
14
0
14
0
14
0
5
0
4
0
3
0
3
0
3
0
3
0
3
0
3
0
3
0
3
0
3
0
14
0
8
20
