7
0
3
0
3
0
3
0
3
0
3
0
3
0
3
0
3
0
3
0
3
0
3
0
3
0
3
0
3
0
3
0
3
0
6
0
7
0
3
0
3
0
3
0
3
0
3
0
3
0
3
0
6
0
0
0
0
0
0
0
12
0
7
0
15
0
15
0
15
0
15
0
15
0
15
0
15
0
15
0
15
0
15
0
6
0
7
15
15
9
15
15
6
15
2
0
2
0
0
0
0
0
0
0
0
0
0
0
0
0
0
0
4
0
3
0
15
0
8
0
2
0
12
0
1
0
1
0
1
0
14
0
14
16
14
0
14
0
14
0
1
0
1
0
13
0
12
15
1
15
1
15
5
15
2
0
2
0
0
0
0
0
0
0
0
0
0
0
0
0
0
0
0
0
7
0
1
0
6
0
2
0
12
0
1
0
1
0
13
0
7
0
1
0
15
0
15
0
6
4
12
0
1
0
13
0
4
15
14
12
13
15
7
0
5
0
2
0
0
0
0
0
0
0
7
5
15
0
6
7
0
0
0
0
12
0
1
0
13
0
2
0
12
0
1
0
1
0
13
0
12
0
1
0
1
0
1
12
13
1
12
0
1
0
1
0
3
0
6
0
2
0
2
0
7
0
5
0
0
0
0
0
0
0
12
0
1
10
13
4
0
0
0
0
4
0
14
16
5
0
2
0
4
0
14
0
14
0
5
0
12
12
1
0
1
0
1
0
13
2
4
0
14
0
5
0
7
0
15
11
15
11
15
11
15
11
6
0
7
0
15
0
15
0
6
16
14
0
5
6
0
0
0
0
7
0
1
0
6
0
2
0
7
6
3
6
3
6
8
21
4
0
14
6
14
6
14
5
5
5
7
0
15
0
6
0
12
0
1
22
1
0
1
25
1
0
13
0
12
0
1
0
1
0
13
0
7
0
15
0
15
0
6
0
12
0
1
0
13
0
2
0
4
24
3
23
3
0
3
23
3
0
3
0
6
0
7
0
15
0
1
0
1
0
13
0
4
0
14
16
14
11
14
11
14
11
5
0
12
0
1
0
1
0
13
0
12
0
1
0
1
0
13
0
4
0
14
16
5
0
12
0
15
0
15
0
15
0
15
14
15
0
6
22
2
0
12
0
1
0
1
0
1
15
1
0
15
15
13
0
2
0
2
0
12
0
15
0
1
0
1
0
1
0
13
0
12
0
1
0
1
0
13
0
7
0
1
0
6
0
12
0
1
0
1
0
1
0
1
14
1
0
13
0
2
0
12
0
1
15
1
15
14
0
14
0
14
15
5
0
2
0
2
0
12
0
1
0
1
0
1
0
1
0
13
0
12
0
1
0
1
0
13
0
12
0
1
0
13
0
12
0
1
0
1
0
1
0
1
0
1
0
13
11
13
0
12
0
1
12
13
12
7
0
15
0
15
0
6
0
2
0
2
0
12
0
1
0
1
0
1
0
1
0
13
0
12
0
1
0
1
0
13
0
4
0
14
16
5
0
12
0
1
0
1
0
1
14
1
14
1
0
13
0
2
0
12
0
1
12
13
12
12
0
1
0
1
0
13
0
2
0
2
0
4
0
14
0
14
0
14
0
14
0
5
0
12
0
1
0
1
0
13
0
7
0
1
0
6
0
12
0
1
0
1
0
1
14
1
0
1
0
13
0
2
0
4
0
14
8
5
8
12
0
1
0
1
0
13
0
2
0
2
0
0
0
0
0
0
0
0
0
0
0
0
0
12
0
1
0
1
0
13
0
12
0
1
19
13
0
4
0
14
0
14
0
14
14
14
0
14
14
5
22
10
22
0
0
0
0
0
0
4
0
14
0
14
0
14
0
5
0
4
0
3
0
3
0
3
0
3
0
3
0
3
0
14
0
14
0
14
0
5
0
4
0
14
0
5
0
