7
0
15
0
15
0
15
0
6
19
0
0
0
0
7
0
3
23
3
0
3
24
8
9
0
0
0
0
0
0
0
0
0
0
0
0
0
0
7
0
3
0
3
0
3
0
3
0
3
0
3
0
3
0
15
0
3
0
8
0
12
0
1
0
1
0
1
0
13
14
0
0
0
0
2
0
0
0
0
0
7
0
3
0
3
0
3
0
3
0
15
0
3
0
3
0
3
0
5
0
9
20
3
0
3
0
3
0
3
0
3
0
3
0
14
16
3
0
8
0
12
0
1
0
1
0
1
14
13
14
7
0
15
22
13
0
0
0
0
0
2
0
7
0
15
0
15
5
6
0
2
0
9
0
3
0
3
0
3
0
15
0
3
0
3
0
8
0
7
0
15
0
15
0
1
0
15
0
6
0
12
0
1
0
1
0
1
14
1
0
1
0
1
0
13
0
0
0
0
0
2
0
12
0
1
0
1
0
13
5
2
0
7
0
15
5
15
0
6
14
2
0
7
14
15
14
6
5
12
0
1
0
1
14
1
14
1
0
13
0
12
0
1
14
1
0
1
14
13
0
4
0
14
22
5
22
0
0
0
0
2
0
12
0
1
0
1
0
13
0
2
0
12
0
1
0
1
0
13
0
2
0
12
0
1
0
13
0
12
0
1
14
1
0
1
0
1
0
13
0
12
0
1
0
1
0
1
0
13
0
7
25
15
0
15
0
15
0
6
0
2
0
12
0
1
0
1
0
13
0
2
0
12
0
1
14
1
14
13
0
2
0
12
0
1
0
13
0
12
0
1
14
1
0
1
0
1
14
13
0
4
0
1
0
14
0
14
0
5
0
12
0
1
0
1
0
1
0
13
0
2
0
12
0
1
14
1
14
13
0
12
0
1
14
1
0
1
0
13
0
2
0
4
0
1
0
5
0
4
6
14
0
14
0
14
0
14
5
5
5
9
0
14
0
6
0
7
0
15
0
1
0
1
0
1
0
1
0
13
0
2
0
12
0
1
0
1
0
13
0
2
0
12
0
1
0
1
0
13
0
4
0
3
0
14
0
3
0
3
0
15
0
15
0
15
0
15
14
6
6
0
0
0
0
2
0
4
0
1
0
1
0
1
0
1
0
1
0
1
0
5
0
12
0
1
0
1
0
13
0
2
0
4
0
14
0
14
0
5
0
7
0
15
0
15
0
15
0
6
6
12
0
1
0
1
0
1
14
13
0
7
0
15
0
1
14
6
0
2
0
4
0
14
0
14
0
14
0
5
0
0
0
4
0
1
14
14
0
5
0
2
0
9
20
15
0
3
0
3
0
1
0
1
14
1
14
1
0
13
0
12
0
1
14
1
0
1
14
13
0
12
0
1
0
1
0
1
14
5
0
7
10
15
0
15
0
6
0
7
0
15
0
15
0
1
14
6
0
7
0
13
14
7
0
1
0
6
0
0
0
12
0
1
0
1
14
1
0
13
0
12
0
1
0
1
0
1
0
13
0
12
0
1
0
1
0
13
0
7
0
1
0
1
0
1
7
13
0
12
0
1
0
1
14
1
0
13
0
12
6
13
6
12
0
1
0
13
0
0
0
12
0
1
0
1
14
1
14
13
0
4
0
14
14
1
0
14
0
5
6
12
0
1
0
1
0
1
14
1
14
1
0
1
0
1
0
13
16
1
14
1
14
1
14
1
0
13
0
12
7
13
0
12
0
1
0
13
16
6
0
4
0
14
0
14
0
14
14
14
0
3
0
3
0
14
0
3
0
8
0
4
0
14
0
14
0
5
0
4
0
14
0
14
3
14
0
5
0
4
0
14
3
14
0
14
2
5
1
4
4
5
2
4
0
14
0
5
0
4
0
3
0
3
0
3
0
3
0
3
0
3
0
3
0
3
0
3
0
8
21
