7
20
3
0
3
0
3
0
15
0
3
0
3
0
3
0
6
0
0
0
0
0
0
0
0
0
0
0
0
0
7
20
3
0
3
0
3
0
3
0
6
0
7
18
15
15
15
0
15
0
6
15
7
0
15
0
15
0
6
0
2
0
7
12
15
0
6
0
2
0
7
0
15
3
6
10
2
0
7
14
15
0
15
0
15
0
15
0
6
21
2
0
7
3
15
2
15
15
6
4
2
0
2
0
12
0
1
15
1
0
13
16
1
0
1
0
1
0
13
0
2
0
12
0
1
0
1
0
1
0
14
0
14
3
5
3
2
0
12
0
1
0
1
0
1
15
1
15
13
0
2
0
4
3
14
2
1
15
5
4
2
0
2
0
4
0
14
0
14
6
5
5
4
0
14
0
14
0
5
0
2
0
12
6
1
0
13
0
12
0
3
0
3
0
3
0
13
0
4
0
1
6
14
0
14
0
14
0
5
0
12
0
3
0
3
0
3
0
3
0
1
0
1
0
15
18
15
0
15
0
15
0
15
0
15
0
15
0
6
20
2
0
12
6
1
0
13
0
2
0
7
12
15
0
6
1
2
0
7
0
15
11
6
0
7
0
3
0
3
0
13
0
7
0
15
0
15
0
6
0
2
0
2
0
12
0
1
0
1
0
1
0
1
0
1
0
1
0
13
0
2
0
12
0
1
0
1
0
1
0
1
0
1
0
13
0
2
0
12
0
1
14
13
0
2
0
7
3
6
3
12
0
1
0
1
0
1
0
13
0
2
0
2
0
12
0
1
0
1
0
1
0
1
0
1
0
1
0
13
0
2
0
12
0
1
0
13
0
2
0
12
3
1
3
13
2
2
0
4
14
14
0
13
14
2
18
12
3
13
3
2
0
4
0
14
0
14
0
5
0
2
0
2
0
12
0
1
0
1
0
1
0
1
0
1
0
1
0
13
0
2
0
4
12
14
1
5
0
2
0
4
0
14
3
5
3
2
0
7
0
15
0
1
0
13
0
12
4
13
0
12
0
3
0
3
0
3
0
15
0
5
0
2
0
4
0
14
0
14
0
14
0
1
0
1
0
1
0
13
25
4
0
3
0
15
0
3
0
14
0
3
0
3
0
15
0
14
0
1
0
1
0
1
0
1
0
1
0
13
1
12
0
3
0
3
0
3
0
5
0
7
0
1
0
6
0
7
0
15
0
6
0
12
0
1
0
1
0
13
0
7
3
6
2
2
0
7
0
15
0
15
0
6
1
2
0
0
0
12
14
1
0
1
0
13
0
12
2
13
1
2
0
7
0
6
1
11
0
9
19
12
16
1
22
13
0
12
0
1
0
13
0
12
0
1
0
1
0
13
0
12
14
1
0
1
0
1
0
1
0
1
0
13
10
2
0
0
0
12
0
1
0
1
0
13
0
4
1
5
1
2
0
12
0
13
3
0
0
0
0
4
0
1
0
5
0
4
0
1
0
13
0
12
0
1
0
1
0
13
0
12
0
13
0
2
0
12
0
1
14
1
0
13
1
2
0
0
0
4
14
14
0
14
0
14
0
3
0
3
14
13
0
12
0
13
1
7
0
6
0
7
0
1
0
15
0
15
0
13
0
2
0
12
0
1
0
1
0
13
0
12
14
13
14
2
0
4
2
14
14
14
1
5
0
2
0
0
0
0
0
0
0
0
0
0
0
0
0
0
0
12
0
14
0
5
2
12
0
13
0
4
0
14
0
14
0
14
0
5
0
2
0
4
0
14
0
14
0
13
0
4
4
5
0
4
20
3
0
3
0
3
0
3
0
14
0
3
0
3
0
3
0
3
0
3
0
3
0
3
0
14
0
3
0
3
0
14
0
5
20
0
0
0
0
0
0
0
0
0
0
4
0
3
0
3
0
3
0
5
18
