7
0
15
0
6
0
7
0
15
0
6
0
7
0
15
0
15
0
15
0
15
0
15
0
15
0
15
0
15
0
15
0
15
0
15
0
15
0
15
0
15
0
15
0
15
0
15
14
15
14
15
14
15
14
15
14
15
0
6
14
12
0
1
0
13
0
12
0
1
0
13
0
12
0
1
0
1
0
1
0
1
0
1
0
1
0
1
0
1
0
1
0
1
0
1
0
1
14
1
14
1
14
1
14
1
14
1
0
1
0
1
0
1
0
1
0
1
0
13
14
12
0
1
0
13
0
12
0
1
0
13
0
12
0
1
0
1
0
1
1
1
1
1
1
1
1
1
1
1
0
1
0
1
0
1
0
1
0
1
0
1
0
1
0
1
0
1
0
1
0
1
0
1
0
1
0
1
0
13
14
12
0
1
0
13
0
12
0
1
0
13
16
12
0
1
0
1
0
1
0
1
0
1
0
1
0
1
0
1
0
1
0
1
0
1
0
1
0
1
0
1
0
1
0
1
0
1
0
1
0
1
0
1
0
1
0
1
0
13
14
12
0
1
14
13
14
12
14
1
14
13
14
12
14
1
14
1
14
1
14
1
14
1
14
1
14
1
0
1
0
1
0
1
0
1
0
1
0
1
0
1
0
1
0
1
0
1
0
1
0
1
0
1
0
1
0
1
0
13
0
12
22
1
14
13
14
12
14
1
14
13
14
12
14
1
14
1
14
1
14
1
14
1
14
1
14
1
14
1
14
1
0
1
0
1
0
1
0
1
0
1
0
1
0
1
0
1
0
1
0
1
0
1
0
1
0
1
0
13
0
12
14
1
14
13
22
12
24
1
24
13
24
4
22
14
14
14
22
14
22
14
22
14
14
14
14
14
14
14
14
14
0
14
0
14
0
14
0
14
0
14
0
14
0
14
0
14
0
14
0
14
0
14
0
14
0
14
0
5
19
12
0
1
0
13
11
12
11
1
0
13
0
7
0
15
0
15
0
15
0
15
0
15
0
15
0
15
0
15
0
15
0
15
0
15
0
15
0
15
0
15
0
15
0
15
0
15
0
15
0
15
0
15
0
15
0
15
0
6
0
12
0
1
0
13
0
12
0
1
0
13
0
12
0
1
0
1
0
1
0
1
0
1
0
1
0
1
0
1
0
1
0
1
0
1
0
1
0
1
0
1
0
1
0
1
0
1
0
1
0
1
0
1
0
1
0
1
0
13
0
12
12
1
12
13
12
12
12
1
12
13
12
12
12
1
12
1
12
1
12
1
12
1
12
1
12
1
12
1
12
1
12
1
0
1
0
1
0
1
0
1
0
1
0
1
0
1
0
1
0
1
0
1
0
1
0
1
0
13
0
12
12
1
12
13
12
12
12
1
12
13
12
12
12
1
12
1
12
1
12
1
12
1
12
1
12
1
22
1
22
1
12
1
22
1
0
1
0
1
0
1
0
1
0
1
0
1
0
1
0
1
0
1
0
1
0
1
0
13
0
12
12
1
12
13
12
12
12
1
12
13
12
12
12
1
12
1
12
1
12
1
12
1
12
1
12
1
12
1
12
1
12
1
0
1
12
1
12
1
12
1
12
1
12
1
12
1
12
1
12
1
12
1
12
1
12
1
12
13
10
12
0
1
0
13
0
12
0
1
0
13
16
12
0
1
0
1
0
1
0
1
0
1
0
1
0
1
0
1
0
1
0
1
0
1
0
1
0
1
0
1
0
1
0
1
0
1
0
1
0
1
0
1
0
1
0
1
0
13
0
4
25
14
0
5
0
4
0
14
0
5
0
4
0
14
0
14
0
14
0
14
0
14
0
14
0
14
0
14
0
14
0
14
0
14
0
14
0
14
0
14
0
14
0
14
0
14
0
14
0
14
0
14
0
14
0
14
0
5
21
