0
0
0
0
0
0
0
0
7
6
15
6
15
6
6
12
7
19
15
0
15
0
6
0
7
0
15
0
15
0
15
0
15
0
15
0
15
0
6
0
7
0
3
0
3
0
3
0
3
0
3
0
3
0
15
0
3
0
8
12
0
0
0
0
0
0
0
0
12
0
1
6
1
6
13
0
12
0
1
0
1
0
1
0
12
16
1
0
1
0
1
0
1
0
1
0
1
0
1
0
1
0
15
0
15
0
15
0
15
0
6
0
9
12
1
0
3
0
8
12
7
14
15
14
15
14
3
14
14
0
14
0
14
0
5
12
4
0
14
0
14
0
5
0
4
0
14
0
14
0
14
0
14
0
14
0
14
0
14
0
14
0
14
0
14
0
14
0
14
0
13
0
9
12
14
0
3
0
8
12
12
14
1
14
13
14
7
23
15
0
3
23
3
0
3
0
3
0
3
0
3
0
3
18
3
0
3
0
3
18
3
0
3
0
3
0
3
0
3
0
3
0
3
0
3
0
3
0
3
0
5
0
7
0
15
0
15
0
6
0
12
14
1
0
13
0
12
13
5
23
0
0
0
0
0
0
0
0
0
0
0
0
0
0
0
0
0
0
0
0
0
0
0
0
0
0
0
0
0
0
0
0
0
0
0
0
0
0
0
0
0
0
12
0
1
0
1
0
13
0
4
14
14
11
5
0
10
21
7
12
15
0
15
2
15
24
15
6
15
4
6
12
0
0
0
0
0
0
0
0
7
0
6
1
7
0
15
0
6
20
7
0
15
0
15
0
15
0
6
5
0
0
12
0
1
0
1
0
13
0
7
0
15
11
15
0
6
0
12
6
1
0
1
23
1
0
1
0
1
0
13
0
0
0
0
0
0
0
0
0
12
0
1
0
12
16
1
0
1
0
12
15
14
0
14
4
14
0
5
5
0
0
4
0
14
0
1
0
13
0
12
0
1
0
1
0
13
0
12
0
1
0
1
0
1
23
1
23
1
0
13
23
0
0
0
0
0
0
0
0
12
6
13
6
12
0
1
0
13
0
12
15
15
0
15
0
15
0
15
0
15
0
15
0
6
0
12
0
13
0
12
0
1
0
1
0
13
0
12
0
1
0
1
0
1
0
1
0
1
0
13
0
0
0
0
0
0
0
0
0
4
6
5
6
12
0
1
0
13
0
12
0
1
0
1
0
1
0
1
0
1
0
1
25
13
0
12
0
13
0
12
0
1
0
1
0
1
0
12
11
1
0
1
0
1
0
1
0
1
0
13
0
0
0
0
0
0
0
0
0
9
8
3
14
14
14
14
0
5
12
12
0
1
0
1
0
1
0
1
0
1
0
1
0
13
0
12
0
13
0
12
0
1
0
1
0
13
0
4
20
14
0
14
0
1
0
14
0
14
0
5
12
0
0
7
0
15
0
15
0
15
0
15
0
15
0
15
0
6
0
12
0
1
0
1
0
1
0
1
0
1
0
1
0
13
0
12
0
13
0
4
0
14
0
14
0
5
0
0
0
0
0
0
0
2
0
0
0
0
0
0
0
0
0
12
0
1
0
1
0
1
0
1
0
1
14
1
0
1
14
4
16
14
0
14
0
14
0
14
0
1
0
14
0
5
0
12
0
13
0
0
0
0
0
0
0
0
0
0
0
0
0
0
0
4
14
3
0
3
0
3
14
3
0
1
0
1
0
1
0
1
14
1
0
1
14
1
0
1
0
13
0
7
19
15
0
15
0
6
0
2
0
9
5
3
14
12
11
13
0
0
0
0
0
0
0
0
0
0
0
0
0
0
0
0
0
0
0
0
0
0
0
0
0
4
14
14
0
14
0
14
0
14
14
14
0
14
0
14
14
5
0
4
0
14
0
14
0
14
0
14
0
3
0
3
0
14
0
5
0
