 170
 27
 1
 192
 78
 1
 213
 24
 1
 238
 59
 3
 219
 66
 3
 176
 163
 4
 222
 145
 12
 290
 143
 12
 223
 49
 12
 267
 118
 12
 275
 130
 12
 274
 62
 12
 207
 95
 12
 215
 49
 7
 248
 106
 7
 196
 124
 10
 301
 77
 1
 192
 24
 1
 183
 47
 3
 243
 51
 1
 285
 91
 10
 291
 124
 10
 279
 145
 10
 177
 159
 4
 230
 130
 10
 230
 86
 12
 193
 42
 6
 171
 68
 1
 198
 73
 7
 226
 67
 6
 269
 85
 1
 169
 59
 1
 187
 36
 6
 266
 140
 10
 181
 145
 10
 193
 91
 8
 234
 51
 12
 221
 38
 12
 192
 25
 1
 231
 14
 7
 212
 42
 7
 231
 60
 7
 257
 102
 7
 220
 108
 7
 288
 99
 10
 295
 67
 1
 276
 58
 12
 221
 44
 10
 193
 78
 1
 181
 54
 6
 190
 39
 6
 178
 24
 1
 171
 77
 1
 210
 99
 12
 272
 62
 12
 283
 64
 1
 300
 144
 12
 268
 21
 1
 218
 24
 1
 248
 128
 10
 222
 145
 12
 278
 145
 15
 186
 163
 4
 180
 18
 7
 264
 66
 10
 201
 143
 8
 194
 77
 1
 293
 76
 1
 288
 94
 10
 299
 145
 12
 187
 24
 1
 279
 66
 1
 221
 44
 10
 243
 51
 1
 239
 44
 10
 219
 60
 7
 275
 59
 12
 249
 107
 7
 269
 85
 1
 287
 91
 10
 236
 64
 3
 207
 70
 3
 219
 66
 3
 203
 50
 10
 195
 124
 10
 230
 130
 10
 222
 145
 12
 267
 121
 12
 193
 78
 1
 169
 27
 1
 219
 24
 1
 283
 45
 1
 248
 129
 10
 207
 94
 12
 217
 95
 12
 226
 81
 12
 197
 40
 1
 197
 53
 10
 226
 60
 7
 226
 66
 6
 246
 74
 10
 270
 62
 12
 207
 95
 12
 210
 89
 12
 216
 99
 12
 230
 130
 12
 274
 128
 12
 299
 145
 12
 290
 143
 12
 222
 145
 12
