 246
 70
 1
 233
 130
 4
 198
 116
 4
 282
 113
 6
 209
 25
 7
 186
 22
 1
 261
 50
 15
 273
 38
 15
 240
 42
 15
 235
 73
 15
 243
 48
 15
 238
 38
 15
 233
 148
 3
 218
 100
 6
 294
 89
 3
 249
 60
 15
 206
 54
 9
 184
 63
 9
 190
 53
 9
 299
 41
 9
 224
 97
 9
 259
 16
 12
 246
 16
 12
 181
 95
 12
 162
 83
 14
 170
 99
 14
 255
 120
 1
 265
 121
 1
 191
 11
 1
 263
 42
 15
 259
 28
 15
 238
 38
 15
 249
 53
 15
 269
 79
 15
 235
 73
 15
 246
 69
 1
 242
 97
 12
 259
 17
 12
 252
 11
 12
 284
 60
 12
 259
 16
 12
 273
 19
 12
 206
 67
 9
 190
 69
 9
 219
 98
 9
 173
 70
 9
 181
 134
 14
 183
 121
 1
 223
 109
 9
 225
 82
 11
 280
 12
 12
 248
 10
 12
 274
 66
 12
 181
 95
 12
 163
 80
 14
 273
 144
 14
 304
 139
 14
 240
 157
 14
 179
 142
 14
 306
 101
 14
 258
 146
 14
 170
 125
 14
 252
 38
 15
 271
 42
 15
 242
 47
 15
 258
 27
 15
 218
 67
 15
 271
 83
 15
 206
 16
 1
 192
 42
 10
 305
 34
 10
 169
 66
 10
 206
 54
 10
 213
 14
 10
 231
 19
 10
 222
 52
 10
 264
 65
 11
 232
 59
 11
 181
 95
 12
 229
 65
 12
 274
 66
 12
 220
 59
 12
 241
 97
 12
 259
 16
 12
 272
 13
 12
 195
 115
 4
 304
 130
 8
 209
 134
 8
 260
 128
 8
 305
 11
 9
 168
 19
 9
 299
 59
 9
 189
 55
 9
 218
 101
 9
 259
 70
 11
 204
 144
 6
 265
 82
 6
 209
 25
 7
 180
 8
 7
 207
 54
 9
 304
 34
 9
 184
 72
 9
 210
 51
 9
 169
 11
 9
 224
 97
 9
 239
 42
 15
 272
 41
 15
 246
 87
 15
 218
 132
 1
 259
 146
 14
