 198
 43
 1
 286
 16
 7
 294
 72
 8
 222
 13
 8
 174
 35
 8
 205
 88
 8
 277
 86
 8
 179
 128
 9
 243
 98
 10
 207
 113
 11
 285
 125
 11
 277
 132
 11
 254
 112
 12
 244
 109
 12
 264
 163
 15
 294
 72
 8
 267
 65
 8
 205
 88
 8
 173
 35
 8
 282
 14
 8
 280
 72
 8
 281
 45
 8
 276
 87
 8
 192
 20
 8
 198
 59
 8
 233
 157
 6
 216
 161
 6
 250
 103
 10
 289
 18
 6
 269
 65
 8
 214
 72
 8
 203
 25
 8
 246
 25
 12
 199
 114
 5
 200
 137
 9
 281
 160
 15
 238
 157
 6
 170
 115
 9
 247
 101
 10
 238
 89
 8
 243
 54
 8
 279
 71
 8
 175
 129
 9
 246
 101
 10
 246
 95
 1
 214
 49
 1
 188
 78
 1
 259
 122
 12
 256
 107
 12
 228
 108
 10
 280
 72
 8
 293
 53
 8
 243
 58
 8
 174
 35
 8
 224
 14
 8
 277
 132
 9
 286
 140
 9
 288
 128
 7
 304
 124
 6
 205
 134
 9
 186
 119
 9
 166
 129
 9
 242
 25
 12
 286
 15
 7
 272
 133
 9
 180
 122
 9
 242
 91
 10
 251
 102
 10
 253
 112
 13
 273
 163
 15
 265
 163
 15
 257
 75
 1
 213
 50
 1
 175
 24
 1
 266
 133
 4
 242
 99
 10
 170
 116
 11
 285
 125
 11
 235
 156
 6
 228
 109
 10
 251
 100
 10
 278
 94
 11
 180
 121
 11
 294
 72
 8
 280
 57
 8
 242
 25
 13
 280
 159
 15
 199
 115
 5
 235
 157
 6
 189
 144
 6
 215
 74
 8
 243
 59
 8
 193
 20
 8
 275
 88
 8
 290
 77
 8
 185
 81
 8
 212
 109
 9
 170
 128
 9
 217
 108
 9
 286
 16
 7
 289
 21
 7
 268
 64
 8
 253
 64
 8
 215
 76
 8
 197
 91
 8
 277
 132
 11
 246
 101
 10
 250
 93
 1
 242
 25
 12
 298
 126
 6
