 205
 16
 1
 212
 109
 5
 266
 155
 7
 300
 95
 7
 242
 49
 8
 263
 26
 8
 170
 19
 8
 172
 45
 8
 247
 72
 9
 275
 63
 10
 216
 86
 10
 278
 58
 10
 209
 69
 10
 276
 101
 10
 274
 50
 10
 173
 134
 7
 176
 94
 7
 270
 160
 7
 288
 68
 13
 206
 60
 10
 208
 70
 10
 202
 64
 10
 206
 86
 10
 267
 54
 10
 290
 30
 13
 257
 89
 6
 246
 97
 7
 202
 121
 10
 180
 115
 11
 287
 68
 13
 288
 67
 13
 299
 26
 3
 302
 9
 8
 227
 17
 8
 233
 45
 8
 180
 78
 9
 218
 66
 10
 278
 58
 10
 212
 96
 10
 234
 92
 10
 208
 69
 10
 206
 86
 10
 221
 95
 10
 259
 106
 10
 267
 59
 10
 205
 60
 10
 250
 88
 6
 178
 17
 1
 290
 104
 13
 269
 100
 13
 294
 100
 13
 288
 68
 13
 174
 149
 5
 212
 109
 5
 253
 92
 6
 167
 121
 7
 266
 155
 7
 299
 95
 7
 181
 96
 7
 299
 21
 8
 226
 17
 8
 250
 26
 8
 173
 45
 8
 209
 69
 10
 268
 50
 10
 215
 98
 10
 275
 61
 10
 202
 65
 10
 207
 86
 10
 215
 86
 10
 205
 86
 10
 267
 60
 10
 206
 60
 10
 213
 96
 10
 279
 76
 10
 295
 101
 13
 270
 100
 13
 288
 67
 13
 256
 90
 6
 176
 93
 7
 181
 110
 7
 179
 136
 7
 269
 159
 7
 294
 72
 7
 173
 46
 8
 168
 28
 8
 219
 17
 8
 303
 9
 8
 248
 72
 9
 172
 78
 9
 172
 78
 9
 207
 68
 10
 276
 61
 10
 220
 64
 10
 267
 53
 10
 270
 104
 13
 290
 104
 13
 270
 80
 14
 206
 86
 10
 206
 60
 10
 205
 60
 10
 206
 86
 10
 212
 105
 10
 174
 122
 11
 287
 68
 13
 197
 16
 1
 174
 155
 5
 211
 109
 6
 254
 85
 7
 197
 116
 6
