 203
 106
 1
 241
 16
 7
 254
 133
 7
 188
 52
 8
 188
 35
 8
 218
 66
 8
 302
 57
 8
 224
 103
 13
 298
 119
 13
 288
 106
 13
 283
 90
 13
 268
 100
 10
 235
 69
 10
 244
 54
 10
 208
 121
 10
 191
 62
 10
 254
 149
 15
 165
 165
 15
 204
 36
 15
 175
 28
 15
 296
 33
 15
 226
 34
 15
 189
 13
 15
 295
 161
 15
 303
 76
 13
 203
 118
 10
 208
 101
 1
 195
 63
 10
 239
 47
 10
 279
 72
 10
 218
 66
 15
 304
 62
 15
 216
 27
 15
 162
 33
 15
 278
 20
 15
 288
 47
 15
 257
 38
 15
 270
 140
 15
 287
 155
 15
 248
 19
 7
 248
 16
 7
 187
 52
 8
 165
 57
 8
 301
 46
 8
 301
 60
 8
 248
 133
 8
 192
 136
 8
 191
 67
 10
 212
 117
 10
 184
 88
 13
 279
 117
 13
 252
 98
 13
 305
 95
 13
 225
 101
 13
 166
 105
 13
 191
 84
 13
 190
 70
 14
 248
 52
 14
 288
 55
 15
 261
 79
 15
 199
 57
 15
 303
 57
 15
 219
 73
 15
 178
 32
 15
 244
 21
 7
 180
 104
 13
 188
 84
 13
 256
 37
 15
 244
 54
 10
 204
 118
 10
 208
 122
 10
 244
 55
 10
 269
 101
 10
 195
 121
 10
 196
 63
 10
 237
 71
 10
 167
 98
 13
 166
 105
 13
 273
 115
 13
 289
 158
 13
 165
 104
 13
 303
 76
 13
 280
 116
 14
 244
 19
 7
 192
 66
 10
 217
 66
 15
 235
 34
 15
 286
 28
 15
 300
 45
 15
 302
 57
 15
 223
 33
 15
 187
 14
 15
 194
 59
 15
 303
 57
 15
 192
 136
 15
 183
 151
 15
 248
 139
 15
 292
 157
 15
 298
 118
 13
 220
 82
 13
 184
 88
 13
 210
 83
 13
 167
 105
 13
 288
 157
 13
 166
 99
 13
 225
 93
 13
 248
 52
 14
 208
 121
 14
 193
 128
 15
 179
 16
 15
