 189
 45
 1
 191
 23
 1
 179
 111
 8
 252
 22
 8
 219
 110
 8
 215
 155
 14
 300
 148
 14
 247
 151
 14
 233
 68
 10
 281
 35
 3
 243
 77
 10
 218
 74
 10
 177
 60
 1
 179
 99
 12
 268
 118
 5
 203
 105
 8
 282
 28
 8
 167
 138
 14
 305
 124
 14
 234
 47
 14
 242
 29
 8
 213
 108
 8
 253
 45
 7
 226
 74
 10
 186
 76
 12
 256
 98
 4
 275
 13
 1
 202
 29
 1
 186
 18
 1
 236
 162
 14
 175
 13
 10
 241
 64
 10
 236
 83
 10
 187
 149
 14
 170
 91
 10
 179
 111
 8
 224
 133
 7
 248
 143
 7
 300
 65
 7
 219
 74
 10
 189
 91
 10
 225
 9
 10
 225
 43
 10
 252
 22
 8
 305
 49
 14
 265
 62
 14
 283
 38
 14
 286
 19
 8
 186
 44
 1
 196
 55
 1
 186
 19
 1
 278
 11
 1
 256
 98
 4
 242
 120
 5
 235
 99
 5
 203
 64
 7
 245
 45
 7
 300
 148
 7
 177
 111
 8
 219
 110
 8
 247
 88
 10
 235
 67
 10
 263
 48
 14
 177
 60
 1
 195
 38
 1
 251
 16
 8
 290
 26
 8
 262
 133
 12
 285
 126
 10
 233
 79
 10
 303
 89
 14
 245
 35
 14
 186
 149
 14
 246
 151
 14
 167
 139
 14
 204
 21
 1
 259
 140
 10
 280
 101
 5
 245
 76
 10
 161
 15
 10
 188
 15
 10
 199
 87
 10
 241
 65
 10
 284
 125
 10
 252
 22
 8
 236
 146
 10
 225
 44
 10
 259
 33
 10
 166
 165
 14
 193
 135
 10
 254
 129
 10
 221
 80
 10
 247
 73
 10
 223
 93
 3
 295
 19
 8
 203
 64
 7
 219
 43
 7
 166
 147
 14
 180
 111
 8
 225
 36
 10
 215
 156
 14
 197
 136
 10
 264
 128
 10
 188
 16
 10
 256
 98
 4
 233
 117
 5
 222
 131
 7
 300
 65
 7
 195
 38
 1
 226
 156
 14
