 188
 81
 1
 206
 60
 1
 289
 124
 7
 244
 131
 7
 210
 123
 7
 263
 124
 13
 289
 15
 15
 213
 27
 15
 177
 27
 15
 206
 41
 15
 167
 41
 15
 200
 49
 15
 189
 109
 15
 306
 136
 15
 290
 89
 15
 253
 24
 15
 215
 11
 15
 249
 46
 15
 228
 84
 3
 250
 86
 3
 233
 83
 3
 253
 77
 3
 227
 40
 6
 190
 76
 1
 188
 88
 1
 281
 23
 1
 244
 53
 2
 233
 121
 13
 271
 114
 13
 170
 64
 15
 231
 70
 15
 187
 41
 15
 245
 27
 15
 286
 44
 15
 304
 73
 15
 184
 140
 15
 204
 163
 15
 174
 152
 15
 239
 90
 3
 255
 72
 3
 233
 90
 3
 250
 85
 3
 257
 134
 7
 236
 129
 7
 293
 108
 7
 264
 112
 13
 230
 119
 13
 227
 18
 15
 173
 21
 15
 281
 19
 1
 268
 86
 1
 199
 67
 1
 187
 88
 1
 228
 83
 8
 221
 12
 15
 252
 26
 15
 292
 31
 15
 178
 75
 15
 177
 124
 15
 244
 115
 13
 221
 118
 13
 269
 130
 13
 250
 126
 13
 242
 104
 13
 225
 68
 13
 197
 39
 13
 199
 49
 15
 287
 44
 15
 272
 71
 15
 200
 62
 1
 195
 82
 1
 205
 59
 1
 276
 22
 1
 244
 51
 2
 233
 90
 3
 287
 116
 1
 269
 100
 14
 186
 38
 14
 214
 33
 15
 189
 99
 15
 198
 110
 15
 174
 152
 15
 211
 153
 15
 207
 40
 15
 219
 35
 15
 293
 90
 15
 211
 107
 15
 217
 10
 15
 305
 71
 15
 200
 62
 1
 201
 57
 1
 187
 88
 1
 245
 115
 13
 235
 121
 13
 212
 114
 13
 254
 123
 13
 260
 103
 14
 193
 114
 15
 191
 33
 15
 231
 22
 15
 254
 24
 15
 179
 26
 15
 199
 49
 15
 286
 86
 15
 293
 105
 15
 273
 93
 15
 200
 85
 15
 215
 154
 15
 198
 66
 1
 189
 88
 1
