 245
 14
 1
 170
 63
 8
 237
 22
 8
 237
 80
 10
 210
 96
 10
 295
 36
 6
 259
 36
 6
 216
 113
 1
 247
 114
 1
 303
 28
 1
 204
 47
 6
 195
 47
 6
 272
 134
 15
 306
 122
 15
 183
 55
 10
 181
 128
 15
 213
 126
 15
 281
 73
 7
 229
 110
 7
 276
 79
 7
 172
 97
 15
 282
 109
 15
 286
 54
 15
 279
 62
 1
 255
 81
 10
 220
 86
 12
 223
 22
 8
 247
 114
 1
 190
 106
 7
 247
 127
 15
 288
 134
 10
 183
 63
 10
 259
 63
 10
 278
 14
 1
 255
 104
 7
 272
 56
 7
 247
 62
 6
 192
 26
 8
 273
 26
 1
 247
 155
 15
 259
 134
 15
 178
 123
 15
 162
 100
 15
 300
 54
 15
 296
 88
 15
 303
 28
 1
 257
 44
 2
 283
 152
 3
 197
 86
 13
 186
 12
 4
 236
 14
 4
 169
 35
 8
 272
 36
 1
 296
 77
 1
 281
 74
 7
 196
 105
 7
 237
 81
 10
 262
 127
 15
 262
 158
 15
 279
 119
 15
 161
 140
 15
 205
 85
 15
 286
 54
 15
 249
 44
 2
 178
 14
 4
 230
 13
 4
 259
 63
 10
 290
 125
 10
 183
 56
 10
 231
 98
 10
 287
 104
 15
 266
 128
 15
 231
 40
 6
 249
 78
 10
 274
 55
 7
 247
 62
 6
 162
 36
 8
 245
 49
 15
 170
 63
 8
 195
 47
 8
 187
 71
 7
 228
 119
 7
 269
 57
 7
 210
 26
 8
 271
 134
 15
 255
 161
 15
 286
 52
 15
 164
 87
 15
 268
 142
 15
 307
 69
 15
 270
 114
 15
 295
 52
 15
 212
 126
 15
 182
 127
 15
 165
 113
 15
 224
 75
 15
 292
 27
 1
 282
 152
 3
 212
 25
 6
 199
 73
 7
 179
 78
 7
 282
 73
 7
 229
 111
 7
 191
 105
 7
 274
 56
 7
 219
 27
 8
 285
 125
 10
 254
 27
 1
 183
 96
 13
 258
 63
 10
