 200
 53
 1
 262
 48
 1
 233
 61
 1
 250
 97
 5
 189
 22
 7
 290
 119
 7
 219
 101
 9
 246
 112
 9
 276
 157
 3
 273
 15
 8
 259
 15
 8
 241
 75
 8
 251
 140
 8
 204
 139
 8
 203
 80
 8
 267
 119
 8
 196
 22
 7
 250
 56
 10
 220
 106
 9
 272
 88
 3
 289
 72
 3
 278
 149
 3
 239
 132
 3
 161
 79
 8
 224
 48
 8
 283
 57
 8
 215
 118
 1
 229
 127
 1
 256
 106
 3
 240
 53
 1
 224
 65
 1
 215
 66
 10
 235
 27
 1
 231
 134
 3
 299
 120
 7
 266
 94
 3
 241
 61
 10
 244
 46
 10
 254
 120
 8
 240
 125
 10
 253
 59
 10
 244
 55
 10
 214
 66
 10
 227
 26
 1
 205
 31
 1
 265
 104
 3
 268
 140
 3
 305
 87
 3
 294
 103
 3
 266
 125
 3
 193
 25
 7
 300
 122
 7
 187
 116
 8
 162
 80
 8
 181
 135
 8
 233
 97
 9
 245
 54
 10
 256
 45
 5
 209
 44
 8
 207
 159
 8
 174
 107
 8
 210
 42
 8
 277
 29
 8
 299
 11
 8
 220
 101
 9
 236
 113
 9
 225
 125
 1
 299
 87
 1
 200
 53
 1
 242
 41
 1
 251
 34
 1
 282
 96
 3
 268
 150
 3
 246
 142
 3
 192
 27
 7
 187
 104
 8
 213
 144
 8
 223
 77
 5
 268
 119
 8
 241
 126
 10
 240
 48
 14
 259
 14
 8
 176
 147
 8
 195
 105
 8
 220
 44
 8
 302
 163
 3
 177
 18
 8
 246
 17
 8
 167
 103
 8
 220
 106
 9
 245
 111
 9
 252
 97
 5
 192
 24
 7
 211
 47
 8
 197
 98
 8
 201
 145
 8
 249
 139
 8
 220
 100
 9
 249
 55
 10
 234
 61
 10
 234
 56
 10
 253
 58
 10
 250
 50
 10
 286
 75
 3
 277
 104
 3
 274
 141
 3
 239
 139
 3
 231
 134
 3
 216
 117
 1
 267
 93
 3
