 284
 151
 1
 201
 114
 3
 199
 84
 3
 288
 80
 3
 244
 86
 6
 178
 70
 8
 181
 12
 8
 274
 56
 8
 227
 143
 10
 253
 145
 10
 237
 156
 10
 223
 149
 10
 210
 86
 12
 202
 98
 12
 263
 112
 12
 168
 83
 14
 289
 151
 1
 298
 65
 2
 175
 101
 3
 282
 115
 3
 293
 108
 3
 167
 96
 3
 248
 105
 6
 168
 14
 8
 255
 40
 8
 176
 73
 8
 211
 69
 8
 163
 83
 8
 221
 94
 12
 207
 80
 12
 169
 88
 14
 250
 110
 6
 169
 14
 8
 281
 42
 8
 231
 45
 8
 226
 144
 10
 247
 66
 10
 251
 45
 14
 187
 85
 11
 271
 151
 7
 281
 162
 7
 293
 159
 7
 218
 159
 7
 172
 158
 7
 165
 80
 8
 306
 53
 8
 301
 45
 8
 239
 30
 8
 217
 17
 8
 252
 61
 10
 180
 87
 11
 210
 85
 12
 175
 101
 3
 248
 104
 6
 180
 12
 8
 271
 59
 8
 197
 82
 8
 260
 116
 12
 270
 134
 12
 201
 98
 12
 205
 85
 12
 264
 111
 12
 223
 125
 12
 169
 83
 14
 161
 103
 3
 175
 113
 3
 244
 83
 5
 251
 111
 6
 187
 105
 7
 178
 49
 8
 176
 73
 8
 274
 56
 8
 289
 14
 8
 188
 78
 8
 267
 160
 7
 253
 154
 7
 301
 46
 8
 247
 67
 10
 260
 66
 11
 218
 106
 12
 212
 92
 12
 264
 111
 12
 271
 134
 12
 168
 83
 14
 179
 111
 3
 292
 107
 3
 249
 100
 6
 167
 96
 3
 247
 67
 10
 227
 144
 10
 252
 61
 10
 253
 144
 10
 220
 145
 10
 281
 162
 7
 278
 148
 7
 239
 160
 7
 175
 153
 7
 188
 22
 8
 223
 26
 8
 273
 56
 8
 187
 78
 8
 169
 14
 8
 180
 52
 8
 270
 64
 8
 248
 66
 10
 201
 97
 12
 264
 111
 12
 254
 145
 10
 226
 144
 10
 299
 64
 2
