 204
 75
 2
 295
 155
 7
 249
 99
 8
 267
 96
 9
 246
 162
 1
 184
 164
 1
 301
 52
 1
 206
 19
 1
 284
 14
 1
 165
 119
 7
 296
 106
 7
 260
 88
 8
 303
 38
 1
 269
 151
 1
 272
 141
 1
 215
 141
 1
 230
 129
 1
 206
 19
 1
 192
 22
 8
 178
 45
 13
 294
 40
 1
 228
 103
 7
 199
 72
 14
 201
 64
 7
 260
 141
 1
 212
 129
 1
 290
 151
 1
 183
 19
 8
 164
 47
 13
 252
 138
 1
 212
 148
 1
 212
 132
 1
 271
 141
 1
 245
 161
 1
 303
 57
 1
 273
 15
 1
 205
 75
 2
 224
 89
 7
 188
 59
 1
 230
 161
 1
 206
 19
 1
 199
 72
 14
 256
 92
 8
 295
 106
 7
 287
 114
 7
 295
 155
 7
 269
 118
 6
 253
 114
 6
 232
 71
 1
 178
 46
 13
 264
 146
 1
 229
 130
 1
 214
 128
 1
 163
 134
 1
 184
 164
 1
 296
 47
 1
 282
 142
 1
 205
 75
 2
 292
 90
 7
 182
 138
 10
 174
 137
 10
 178
 46
 13
 215
 25
 7
 166
 119
 7
 286
 110
 7
 238
 140
 1
 260
 159
 1
 214
 128
 1
 222
 118
 6
 206
 19
 1
 206
 12
 7
 195
 25
 7
 215
 98
 7
 294
 50
 1
 305
 135
 1
 162
 153
 1
 213
 128
 1
 225
 135
 1
 205
 75
 2
 263
 30
 7
 271
 43
 7
 229
 80
 7
 297
 110
 7
 295
 154
 7
 213
 65
 7
 244
 154
 1
 271
 142
 1
 245
 162
 1
 216
 59
 1
 190
 22
 8
 209
 164
 1
 162
 133
 1
 241
 11
 7
 253
 39
 7
 246
 54
 7
 295
 154
 7
 198
 72
 14
 193
 69
 7
 165
 119
 7
 266
 32
 7
 292
 89
 7
 252
 96
 8
 247
 85
 9
 251
 45
 7
 296
 60
 1
 182
 89
 1
 173
 128
 1
 248
 154
 1
 230
 129
 1
 265
 137
 1
