563
1.9
2
2.4
3
3.4
2
4.4
10
4.9
2
5
3
5.1
10
5.2
2
5.4
11
6.4
10
7
2
8.6
2
8.9
10
9.7
2
10.9
2
11.4
2
11.5
2
 11.6 
  2.  
 11.7
 10
 12.96
 15
 13.03
  0
 13.1 
  2
 14.40
 15
 14.70
 10
 18.  
  2
 18.40
 10
 19.90
  2
 20.40
  2
 28.6
 0
 29.1
 11
 30
 15
 31
 11
 32
 15
 33
 11
 34
 11
 39
 15
 39.2
 2
 40
 2
 45
 10
 46.5 
  2
 47.5 
  2
 47.70
  2
 48.5 
  2
 48.70
  1
 49.70
  2
 51.70
 10
 52.5 
 10
 59.90
  2.  
 61.20
  2.  
 62.40
  2.  
 63.6 
  2.  
 65.1 
  2.  
 65.20
 15.  
 65.6 
  2.  
 65.70
  2.  
 67.1 
  2.  
 68.70
 14.  
 70.70
 14.  
 72.5 
 15.  
 74.30
  2.  
 74.70
  2.  
 75.25
  2.  
 75.80
  2.  
 76.1 
  2.  
 76.20
  2.  
 76.40
  2.  
 77.40
  2.  
 77.85
  2.  
 78.30
  2.  
 78.5 
  1.  
 78.6 
  2.  
 78.80
  2.  
 82.70
  2.  
 82.80
 10.  
 82.90
  2.  
 84.6 
  2.  
 84.80
 14.  
 85.6 
 14.  
 86.6 
 14.  
 86.90
 10.  
 87.1 
  2.  
 87.30
  1.  
 87.40
  2.  
 88.1 
  2.  
 88.20
  2.  
 88.30
  2.  
 88.40
 10.  
 90.40
  2.  
 91.40
  2.  
 91.90
  2.  
 93.70
  2.  
 95.20
 14.  
 97.6 
  2.  
 98.30
 14.  
 98.70
  2.  
100.19
 10.  
100.29
 10.  
100.90
  2.  
101.85
  2.  
102.35
  1.  
102.40
 15.  
105.70
 10.  
106.95
  2.  
108.6 
  2.  
111.95
  2.  
113.70
  2.  
114.  
  2.  
116.20
  2.  
117.6 
  2.  
117.70
  2.  
117.80
  2.  
118.80
  2.  
119.92
 10.  
120.1 
 11.  
121.70
  2.  
122.70
  2.  
123.20
  2.  
123.30
  2.  
124.1 
  2.  
124.70
 11.  
125.30
 11.  
125.40
 11.  
126.6 
  2.  
127.70
  2.  
128.6 
 10.  
128.70
  2.  
128.80
  2.  
129.05
 14.  
129.40
  2.  
130.70
  2.  
130.80
  2.  
131.30
  2.  
132.80
  2.  
137.6 
  2.  
138.85
 14.  
139.85
 14.  
144.65
 10.  
144.80
 14.  
145.30
  2.  
146.5 
  2.  
147.7 
  2.  
149.  
  2.  
151.  
  2.  
151.1 
  2.  
152.40
  2.  
152.80
 10.  
153.63
  2.  
157.30
  2.  
157.6 
  2.  
158.80
 10.  
159.17
  2.  
161.1 
  2.  
161.65
 14.  
161.75
  2.  
162.40
 14.  
163.  
  2.  
163.1 
 10.  
163.2 
  2.  
164.80
 10.  
165.1 
 14.  
165.40
  2.  
166.30
  2.  
166.7 
  1.  
167.6 
  2.  
168.2 
 10.  
169.  
  8.  
169.1 
 11.  
170.82
 10.  
171.45
  1.  
171.90
 14.  
172.05
  2.  
172.25
  2.  
172.85
  2.  
173.  
  2.  
173.30
  2.  
173.80
  2.  
176.2 
  2.  
176.30
  2.  
176.40
  2.  
178.2 
  2.  
178.5 
  2.  
180.90
  2.  
181.6 
  2.  
181.85
  2.  
182.  
  2.  
182.2 
  2.  
182.40
  2.  
184.2 
  2.  
185.5 
  2.  
186.30
 14.  
186.5 
  2.  
187.40
  2.  
187.5 
 15.  
187.6 
  2.  
188.45
  2.  
188.90
 10.  
189.1 
  2.  
189.30
 10.  
189.40
 12.  
190.25
  2.  
190.5 
  2.  
191.1 
 10.  
191.2 
 10.  
191.80
 15.  
192.34
 10.  
192.40
  1.  
193.80
 10.  
194.30
  2.  
194.5 
  2.  
194.85
  2.  
194.95
 10.  
195.05
  2.  
195.40
 10.  
195.5 
  2.  
196.1 
 15.  
196.40
  2.  
196.6 
  2.  
197.2 
  2.  
197.5 
  2.  
197.7 
 12.  
199.40
  2.  
200.40
 10.  
200.80
  2.  
201.  
  2.  
201.40
 10.  
201.6 
 12.  
202.  
 10.  
202.2 
  2.  
202.30
  2.  
202.40
  2.  
202.6 
 12.  
202.80
 10.  
202.95
 10.  
203.1 
 10.  
203.30
  7.  
203.6 
 10.  
203.80
 10.  
205.30
  2.  
205.5 
  2.  
205.80
  2.  
206.1 
  2.  
206.5 
  2.  
208.6 
 10.  
208.85
 10.  
209.2 
 10.  
210.40
  2.  
212.30
 10.  
212.6 
  2.  
213.30
 15.  
213.7 
 15.  
213.90
  2.  
214.1 
  2.  
214.40
  2.  
214.5 
  2.  
215.1 
  2.  
215.85
 15.  
216.25
  1.  
216.7 
 10.  
217.05
 10.  
217.30
 10.  
218.15
  2.  
218.6 
  2.  
218.75
 10.  
218.85
 15.  
219.1 
 15.  
221.6 
  2.  
221.90
  2.  
222.  
  2.  
222.1 
  2.  
222.6 
 10.  
223.80
  2.  
224.5 
 15.  
224.6 
 10.  
224.7 
  2.  
225.30
  2.  
225.80
  2.  
227.  
  2.  
228.1 
  2.  
228.7 
  2.  
229.  
  2.  
229.1 
 15.  
229.30
 15.  
229.6 
  1.  
230.2 
 10.  
231.1 
 15.  
231.6 
 11.  
231.80
 12.  
232.5 
  2.  
233.  
  2.  
233.6 
  2.  
234.90
  2.  
235.30
  2.  
235.5 
  2.  
237.80
  2.  
238.30
 10.  
238.5 
  2.  
239.5 
 10.  
239.6 
  2
240.19
 10
240.6 
 10
240.95
 10
241.2 
  2
241.7 
  2
242.1 
 10
242.7 
 15
243.04
  3
243.09
 10
243.8
 10.  
245.  
 15.  
245.2 
  2.  
245.6 
 10.  
245.80
 10.  
246.80
 15.  
247.2 
 10.  
247.30
 10.  
247.80
 15.  
248.1 
  2.  
248.85
 14.  
249.80
 10.  
250.44
  2.  
250.80
 14.  
250.90
  1.  
251.  
 10.  
251.2 
  2.  
252.2 
 10.  
253.2 
 10.  
253.90
 15.  
254.25
  2.  
255.15
 10.  
255.6 
 14.  
256.  
 10.  
256.6 
 14.  
257.30
 12.  
257.6 
  2.  
258.  
 15.  
259.25
  2.  
259.6 
  2.  
260.25
 15.  
260.80
 10.  
261.40
 10.  
262.  
  2.  
262.1 
 15.  
262.6 
 10.  
263.1 
  2.  
264.1 
  2.  
264.5 
  2.  
265.  
  2.  
265.30
  2.  
266.19
 10.  
267.55
 10.  
267.65
  2.  
267.90
 11.  
268.30
  2.  
268.6 
 13.  
269.  
  2.  
269.90
  2.  
271.90
  2.  
273.  
 15.  
274.3 
 10.  
274.5 
  2.  
275.  
  2.  
276.7 
  2.  
277.1 
 10.  
278.6 
  2.  
280.6 
  2.  
281.6 
  2.  
282.29
  2.  
284.2 
  2.  
284.3 
  2.  
284.5 
  2.  
284.95
  2.  
285.05
  2.  
285.15
 10.  
285.2 
  2.  
285.5 
 10.  
288.07
  2.  
289.8 
 10.  
291.07
  2.  
291.13
 10.  
291.45
  2.  
291.87
 10.  
292.7 
  2.  
292.83
  2.  
293.8 
  2.  
294.5 
  1.  
294.95
  2.  
295.  
  2.  
295.25
  2.  
295.8 
 10.  
296.2 
 10.  
296.5 
  1.  
297.7 
  2.  
298.3 
  2.  
298.7 
 10.  
298.95
 10.  
299.1 
 10.  
299.40
 14.  
299.8 
 10.  
300.  
 10.  
300.2 
 10.  
300.40
 10.  
301.7 
  2.  
302.2 
  2.  
302.90
 10.  
303.3 
 10.  
303.5 
 10.  
304.  
  1.  
304.45
  2.  
304.51
  2.  
305.40
 10.  
305.6 
  2.  
306.3 
  2.  
307.6 
  2.  
307.90
  2.  
309.6 
  1.  
309.7 
 15.  
310.  
  2.  
310.6 
  2.  
311.5 
  8.  
311.7 
 10.  
312.40
 15.  
312.5 
  2.  
313.3 
  2.  
314.2 
  8.  
314.6 
  2.  
314.95
  8.  
315.5 
  8.  
315.6 
  6.  
315.85
  2.  
317.6 
  2.  
317.83
 14.  
318.5 
  2.  
319.2 
  2.  
319.3 
 15.  
321.90
  2.  
322.3 
 15.  
322.7 
 15.  
323.1 
 15.  
325.7 
 15.  
325.90
  2.  
326.90
  2.  
327.  
 15.  
327.5 
  2.  
330.40
  2.  
330.8 
  2.  
331.2 
  2.  
331.6 
 15.  
332.59
  2.  
333.4
  2.  
335.8 
  2.  
336.5 
  2.  
337.3 
 10.  
337.6 
  5.  
338.  
  1.  
338.07
 10.  
338.2 
  2.  
340.40
  5.  
340.8 
  2.  
341.07
  2.  
341.35
  2.  
341.5 
  2.  
341.6 
  8.  
342.02
  2.  
342.48
  2.  
343.66
  8.  
344.55
  8.  
345.05
  8.  
345.93
  2.  
346.59
  5.  
346.7 
 10.  
346.8 
  5.  
346.85
 10.  
347.  
  1.  
347.5 
 12.  
348.7
  2.  
349.  
  2.  
349.75
  2.  
350.8 
 12.  
350.90
  8.  
351.2 
  5.  
351.3 
  2.  
351.65
  5.  
351.85
 10.  
352.5 
 10.  
352.90
  2.  
353.35
 10.  
353.45
 12.  
354.2 
  8.  
354.7 
 12.  
355.  
  2.  
356.25
  5.  
356.5 
  2.  
357.1 
  2.  
357.40
  2.  
358.63
  2.  
359.15
  2.  
359.55
  2.  
359.65
  8.  
361.07
  2.  
361.25
 10.  
362.3 
 10.  
363.05
  2.  
365.3 
  1.  
365.40
  2.  
367.40
  2.  
367.6 
  1.  
368.3 
 11.  
368.95
 11.  
369.40
  2.  
369.65
  5.  
370.45
  2.  
371.05
  8.  
371.25
  2.  
371.45
  2.  
372.8 
  2.  
373.88
  8.  
374.1 
  5.  
374.6 
  6
375.1 
  2
377.3 
  2
377.40
  2
377.6 
 10
377.7 
  8
377.8 
  1
378
 12
378.3 
  5
378.40
  8
378.55
  2
380.7 
  1
381.6 
  2
383.75
  5
385.85
 11
386.05
  8
387.2 
 10
387.8 
  8
388.2 
  2
388.65
  8
388.8 
  2
389.1 
 10
389.2 
  8
390
  3
390.05
  5
390.8 
  8
391.05
 10
391.40
 12
392.5 
  2
393.1 
 10
393.3 
  5
393.8 
  8
395.35
  5
395.45
 10
396
  3
396.1 
 10
396.3 
  2
397.2 
  2
397.8 
  2
398.3 
  2
398.40
  2
398.6 
  2
399
  8
400.81
  2
401.1 
  2
401.3 
  2
End
