96
0
0.33
8
256
11
-1
0.33
0.04
32
56
11
1
0.33
0.039
32
124
10
1
0.33
0.038
32
140
2
1
0.6
0.33
64
128
11
-1
2.2
0.03
36
16
2
-1
2.202
0.026
1
64
9
-1
2.2
0.03
36
44
7
-1
2.2
0.03
36
66
0
-1
2.35
0.5
64
128
2
-1
2.5
0.03
36
16
2
1
2.502
0.026
1
64
3
1
2.5
0.03
36
44
7
1
2.5
0.03
36
66
0
1
12.7
0.05
64
120
15
1
102
0.1
64
64
11
1
102.1
0.07
48
32
10
-1
102.6
0.04
32
56
15
1
102.6
0.039
32
124
10
1
102.6
0.038
32
140
2
1
139.4
0.05
32
48
15
-1
165
0.4
16
64
14
1
165.5
0.02
16
32
9
1
165.54
0.02
16
32
9
1
165.58
0.02
16
32
9
1
165.62
0.02
16
32
10
1
165.65
0.02
16
32
9
1
191.5
0.04
32
56
11
1
191.5
0.039
32
124
10
1
191.5
0.038
32
140
2
1
191.6
0.03
36
16
2
1
191.602
0.026
1
64
3
1
191.6
0.03
36
44
7
1
191.6
0.03
36
66
0
1
218.9
0.04
32
56
11
-1
218.9
0.039
32
114
10
-1
218.9
0.038
32
130
2
-1
243.3
0.03
36
16
2
1
243.302
0.026
1
64
3
1
243.3
0.03
36
44
7
1
243.3
0.03
36
66
0
1
262.44
0.04
32
56
11
-1
262.44
0.039
32
114
10
-1
262.44
0.038
32
130
2
-1
267.7
0.04
32
56
15
-1
267.7
0.039
32
124
1
-1
267.7
0.038
32
140
2
-1
274.44
0.04
32
56
11
-1
274.44
0.039
32
114
10
-1
274.44
0.038
32
130
2
-1
280.69
0.04
32
56
15
1
280.69
0.039
32
124
1
1
280.69
0.038
32
140
15
1
304.11
0.04
32
56
11
-1
304.11
0.039
32
114
10
-1
304.11
0.038
32
130
12
-1
318.8
0.04
32
56
11
1
318.8
0.039
32
114
10
1
318.8
0.038
32
130
2
1
351.5
0.1
64
64
10
-1
351.7
0.1
64
64
10
-1
354.8
0.04
32
56
11
1
354.8
0.039
32
114
10
1
354.8
0.038
32
130
2
1
380
0.12
64
128
5
1
384.1
0.04
32
56
11
1
384.1
0.039
32
114
10
1
384.1
0.038
32
130
2
1
388.5
0.2
64
64
15
-1
389.38
0.04
2
96
7
1
389.3
0.2
64
128
15
1
393.75
0.25
68
64
10
-1
394
0.04
32
56
15
-1
394
0.039
32
124
1
-1
394
0.038
32
140
2
-1
394.5
0.03
36
16
2
-1
394.502
0.026
1
64
10
-1
394.5
0.03
36
44
7
-1
394.5
0.03
36
66
0
-1
394.8
0.12
64
120
9
1
395.7
0.04
32
56
11
-1
395.7
0.039
32
114
10
-1
395.7
0.038
32
130
2
-1
396.31
0.01
64
56
7
-1
396.31
0.16
64
64
2
-1
396.5
0.03
36
16
2
-1
396.502
0.026
1
64
1
-1
396.5
0.03
36
44
7
-1
396.5
0.03
36
66
0
-1
397.1
0.1
64
64
15
-1
397.22
0.1
64
64
2
-1
397.34
0.04
32
56
5
-1
397.34
0.039
32
124
0
-1
397.34
0.038
32
140
7
-1
400.3
0.1
64
128
15
-1
400.9
0.1
100
64
11
1
End
