123
 000.2
-045
 0.9
 30
 012.90
-040.  
 016.5 
 040.  
 017.20
-045.  
 017.90
 030.  
 022.1 
-030.  
 022.80
 030.  
 025.40
 030.  
 027.40
-030.  
 028.6 
 030.  
 048.40
-045.  
 050.40
 025.  
 051.20
-036.  
 052.40
 025.  
 053.40
-036.  
 054.40
-043.  
 055.40
 036.  
 056.5 
-030.  
 058.40
 044.  
 059.40
 039.  
 060.40
-031.  
 101.5 
-030.  
 102.40
 030.  
 106.5 
 030.  
 107.2
-045.  
 120.6 
 040.  
 128.  
-040.  
 131.40
-030.  
 132.40
 040.  
 133.40
-040.  
 135.40
 036.  
 136.40
-038.  
 138.40
 035.  
 140.40
-040.  
 141.40
 035.  
 142.40
-040.  
 144.40
 040.  
 147.40
-040.  
 148.7 
 035.  
 150.40
 030.  
 151.30
-030.  
 152.30
 030.  
 153.  
 035.  
 170.5 
-020
 171.2 
 030
 190.90
-030.  
 191.6 
 040.  
 193.2 
-030.  
 193.90
-030.  
 206.7 
-030
 207.5 
 030
 213.40
 030.  
 215.40
-040.  
 218.  
-030.  
 219.  
 030.  
 219.7 
 040.  
 220.7 
 040.  
 262.40
 020.  
 268.2 
-040.  
 268.90
 020.  
 271.40
 025.  
 273.40
 020.  
 298.5 
 030.  
 299.2 
 020.  
 317.3
-030.  
 318.8
 025
 330.6 
-044
 331.3 
 040.
 332
-040
 339.7 
 030
 340.40
-025
 341.1 
-025
 341.8 
 030
 342.7 
 020
 345.2 
-025
 345.90
-025
 346.6 
 030
 347.3 
 020
 348
-025
 348.7 
 040
 349.40
-035
 352.90
 030
 353.90
 030
 356.5 
-031
 357.25
-031
 359.1
 40
 359.8
 39
 360.7
 30
 361.8 
-039.  
 366.8 
-031.  
 367.55
-035.  
 369.1 
 030.  
 369.8 
-031.  
 370.5 
-031.  
 371.2 
-031
 372.5
-040
 373.2
 040
 373.9
-035.  
 375.8 
-031.  
 377.2 
 030.  
 377.90
 030.  
 378.90
 040.  
 379.6 
 040.  
 381
-039.  
 384.2 
 040.
 384.9
 040.
 385.6 
-039.  
 386.3 
-039.  
 387.  
-039.  
 388.1 
-039.  
 390.40
 040.  
 391.1 
 040
 392.90
-039
 393.6 
-039
 395.  
-035
 395.74
-035
 396.95
-035
 397.65
-035
 398.35
 030
 399.1
-050
 399.84
 035
 400.54
-030
End
