 0334
 0000.2
 0231.  
 0000.4
-0245.  
 0000.7
 0132.  
 0000.8
 0220.  
 0000.9
 0177.  
 0001.20
-0177.  
 0001.40
-0400.  
 0002.  
-0217.  
 0002.40
 0268.  
 0002.70
 0000.  
 0002.90
 0274.  
 0003.10
 0000.  
 0003.20
 0630.  
 0003.5 
-0224.  
 0003.80
-0516.  
 0004.10
 0440.  
 0004.30
-0163.  
 0005.40
-0236.  
 0005.80
 0110.  
 0006.10
 0000.  
 0006.40
-0724.  
 0006.80
 0000.  
 0007.20
 0108.  
 0007.70
 0280.  
 0008.20
 0000.  
 0008.40
-0391.  
 0008.60
-0135.  
 0010.6 
-0115.  
 0011.5 
-0178.  
 0011.80
-0132.  
 0012.30
 0000.  
 0012.6 
 0146.  
 0012.80
-0143.  
 0013.30
-0116.  
 0014.1 
-0137.  
 0015.20
-0199.  
 0018.40
-0140.  
 0018.90
-0261.  
 0019.6 
-0098.  
 0021.40
-0129.  
 0023.30
-0190.  
 0024.20
 0190.  
 0024.70
 0000.  
 0025.20
 0204.  
 0026.30
 0453.  
 0027.5 
 0366.  
 0027.90
 0300.  
 0028.40
 0207.  
 0028.80
 0402.  
 0029.  
 0165.  
 0029.40
 0000.  
 0030.30
-0150.  
 0032.40
 0196.  
 0033.40
 0000.  
 0033.70
-0100.  
 0035.20
-1020.  
 0036.6 
 0194.  
 0038.  
 0231.  
 0038.20
 0000.  
 0038.70
 0340.  
 0039.20
 0000.  
 0039.80
-0240.  
 0047.40
-0152.  
 0048.90
 0000.  
 0050.30
-0099.  
 0052.40
 0835.  
 0052.70
 0075.  
 0056.1 
 0069.  
 0056.40
 0076.  
 0057.30
 0074.  
 0058.30
 0079.  
 0059.40
 0081.  
 0060.40
 0088.  
 0062.40
 0202.  
 0066.80
 0000.  
 0067.90
-0330.  
 0068.90
 0366.  
 0071.5 
 0880.  
 0073.30
 0000.  
 0073.5 
-0528.  
 0077.6 
-0200.  
 0080.40
 0203.  
 0084.6 
 0000.  
 0085.5 
-0493.  
 0085.80
 0396.  
 0086.5 
 0000.  
 0086.70
-0190.  
 0087.6 
 0000.  
 0087.70
 0200.  
 0092.90
 0193.  
 0095.20
 0000.  
 0095.6 
-0616.  
 0096.30
-0527.  
 0097.40
 0000.  
 0099.30
-0330.  
 0100.30
 0311.  
 0100.90
 0877.  
 0101.20
 0318.  
 0101.40
 0318.  
 0101.6 
 0000.  
 0102.  
-0100.  
 0102.30
 0000.  
 0102.6 
-0110.  
 0102.70
 0000.  
 0103.30
-0131.  
 0107.1 
-0184.  
 0108.6 
 0000.  
 0109.  
-0228.  
 0111.90
-0164.  
 0114.40
 0000.  
 0116.30
-0186.  
 0117.20
 0539.  
 0117.80
 0000.  
 0119.30
-0616.  
 0120.90
 0191.  
 0121.30
-0193.  
 0122.40
 0000.  
 0124.20
-0125.  
 0130.20
-0142.  
 0131.40
 0000.  
 0132.20
-0130.  
 0133.40
 0000.  
 0134.20
 0075.  
 0138.30
 0146.  
 0139.90
 0000.  
 0141.20
-0425.  
 0142.6 
 0000.  
 0143.20
 0777.  
 0144.30
-0204.  
 0145.30
 0396.  
 0145.5 
 0106.  
 0147.5 
 0131.  
 0149.90
 0124.  
 0150.6 
 0213.  
 0151.  
 0104.  
 0151.80
 0178.  
 0152.80
 0111.2 
 0154.2 
 0392.  
 0154.80
 0193.  
 0155.90
 0173.  
 0158.6 
 0000.  
 0160.6 
-0293.  
 0162.  
 0134.  
 0164.40
 0000.  
 0164.6 
-0369.  
 0165.7 
 0460.  
 0167.40
 0000.  
 0168.30
-0469.  
 0169.80
-0305.  
 0170.80
 0000.  
 0171.2 
 0363.  
 0171.40
-0347.  
 0171.6 
-0098.  
 0172.6 
-0735.  
 0173.40
 0736.  
 0175.30
 0000.  
 0179.2 
 1199.  
 0180.40
 0000.  
 0181.40
 1042.  
 0184.30
 0000.  
 0184.6 
-0644.  
 0187.1 
-1115.  
 0189.30
 0503.  
 0191.7 
 0173.  
 0191.90
 0000.  
 0192.1 
 0101.  
 0192.30
 0240.  
 0192.40
 0240.  
 0192.6 
 0397.  
 0193.30
-0440.  
 0194.2 
-0106.  
 0194.6 
-0314.  
 0196.5 
-0110.  
 0197.2 
-0432.  
 0198.1 
 0936.  
 0199.40
-0114.  
 0200.40
-0235.  
 0200.80
-0106.  
 0201.40
-0246.  
 0202.  
-0197.  
 0202.40
-0596.  
 0203.  
 0119.  
 0203.30
 0242.  
 0203.80
 0366.  
 0205.40
 0104.  
 0207.  
 0360.  
 0207.30
-0200.  
 0207.5 
 0156.  
 0207.7 
 0260.  
 0208.1 
 0705.  
 0209.2 
 0000.  
 0210.30
-0417.  
 0211.80
 0473.  
 0213.6 
 0156.  
 0214.30
 0255.  
 0214.6 
 0470.  
 0215.  
 0132.  
 0215.7 
 0639.  
 0217.2 
-1010
 0218
 0400
 0218.1 
-0460
 0219.5 
-0135
 0220.5 
-0160
 0220.80
 0135
 0222
 0000
 0222.5 
-0567
 0224.2 
-0112
 0224.5 
-0180
 0225.6 
 0
 0225.90
 0330
 0227.2 
 0
 0227.5 
-0330
 0228.80
 0
 0229.6 
-0440
 0230.6 
-1981
 0231.5 
 0360
 0232.5 
 0
 0232.80
-0419
 0234.80
-2220
 0235.80
-0300
 0237
 2485
 0237.80
-0616
 0238.5 
-0411
 0239
 0
 0243.6 
-0330
 0244.6 
-0269
 0248.1 
-0177
 0251.4
-0348
 0253
 0
 0253.5 
 0398
 0256.40
 0590
 0258
 0650
 0260.40
 0509
 0262.40
 0517
 0265.5 
 3910
 0268.1 
-1847
 0268.40
 0846
 0268.90
-0346
 0270.5 
 0351
 0272.2 
-0330
 0273
 0437
 0273.8 
-0815
 0274.2 
-0452
 0274.6 
 0408
 0276.7 
-0381
 0277.5 
 0577
 0278.8 
 0000
 0279.2 
-0317
 0280.1 
-0766
 0282.4
-2707
 0283.7 
 0331
 0286.40
 0463
 0287.40
 0
 0288
 0376
 0288.7 
 1305
 0289.7 
-0359
 0291.1 
 0851
 0291.3 
 0
 0293.1 
-0654
 0294.5 
-0439
 0296.2 
 0888
 0296.7 
-0321
 0298.6 
-0415
 0299.6 
 0645
 0302.4
-0730
 0304.3 
-0320
 0307.7 
-1254
 0309.4
 0330
 0311
 0
 0312.6 
 0530
 0313
-0600
 0313.40
 0395
 0314.40
-0510
 0314.90
 0
 0315.8 
 0330
 0317.2 
 0
 0317.6 
-0365.  
 0319.3 
-0200.  
 0319.7 
-0370.  
 0323.40
-0870.  
 0324.7 
 0000.  
 0325.2 
 0640.  
 0325.8 
 0415.  
 0327.6 
 0350.  
 0330.6 
 0490.  
 0331.5 
-0933.  
 0331.7 
 0310.  
 0332.  
 0330.  
 0332.3 
-0765.  
 0333.40
-1200.  
 0334.2 
 0800.  
 0335.40
-2640.  
 0338.5 
-0320.  
 0340.6 
 0330.  
 0343.3 
 0410.  
 0345.1 
 0326.  
 0346.8 
 0475.  
 0347.3 
 0000.  
 0348.5 
 0350.  
 0349.1 
-0225.  
 0349.40
 0000.  
 0350.40
-0440.  
 0352.7 
 0000.  
 0353.1 
 0892.  
 0354.6 
 0000.  
 0355.2 
-0660.  
 0357.2 
-1683.  
 0360.2 
-0927.  
 0361.40
 1330.  
 0362.40
-0540.  
 0363.40
-0333.  
 0369.5 
 0000.  
 0369.90
 0000.  
 0370.40
 0335.  
 0377.40
-0812.  
 0377.6 
 0338.  
 0379.2 
 0508.  
 0381.40
 1038.  
 0382.90
 0393.  
 0384.2 
 0586.  
 0384.6 
-0708.  
 0385.40
-0337.  
 0385.6 
 0000.  
 0387.  
 0339.  
 0394.40
 0000.  
 0396.90
 0587.  
 0398.2 
-0643.  
 0399.1 
 0000.  
 0399.84
-0300.
 0400.1
 0077.  
 0400.6 
 0112.  
 0400.8 
 0070.  
 0401.  
-0575.  
 0401.18
-0149.  
End
