58
43.7
43.8
40
44.4
44.5
15
52.4
52.5
20
53.1
53.2
15
91.3
91.4
40
92.4
92.5
30
114.9
115
20
115.9
116
20
122.8
122.9
25
123.8
123.9
15
133.5
133.6
15
134.3
134.4
15
144.7
144.8
15
145.4
145.5
10
 170.8
 171
40
 171.31
 171.5
10
 192.25
 192.35
30
 197.3
 197.5
50
 206.68
 206.73
10
 207.6
 207.7
25
215.8
215.9
50
217.8
217.9
25
219.1
219.2
30
236.2
236.3
50
242.67
242.77
50
243.3
243.4
50
244.9
245
25
262.7
262.8
30
267.2
267.3
40
 267.71
 267.8
15
274
274.1
50
277.3
277.4
30
280.1
280.25
60
284.549
284.64
25
285.11
285.2
15
 290.71
 290.8
50
291.45
291.55
30
294.2
294.3
30
294.9
295
30
302.8
302.9
30
303.501
303.59
25
304.2
304.3
25
318.41
318.5
25
318.81
318.9
25
344.8
345
70
352.5
352.7
30
354.9
355.1
15
363
363.2
30
369.2
369.4
25
369.9
370.1
15
376.5
376.7
20
377.3
377.5
20
383.45
383.65
50
384.3
384.5
50
392
392.2
50
395.5
395.6
15
395.8
395.9
15
400.15
400.25
15
End
