 79
 50
  5
  0.000
0202
120120
  0.400
0909
120120
  0.520
0202
077077
  2.000
1414
120120
  3.000
1308
120088
  5.000
0808
077085
 13.000
0808
099099
 23.000
1308
120120
 24.000
0808
088088
 28.000
0808
120120
 29.400
0909
120120
 29.450
1313
120120
 31.000
0605
120120
 32.000
0808
088088
 39.950
0909
120120
 40.000
0813
088120
 41.000
1308
120088
 45.000
0808
088088
 46.000
0909
120120
 46.050
1308
120120
 52.000
1013
120099
 53.000
1313
120120
 57.000
0806
120120
 60.000
0808
088088
 77.000
1306
088088
 79.000
0808
088088
 90.000
0813
088098
 93.000
0808
088088
100.000
0202
099055
104.000
0808
088088
138.500
1413
120098
140.000
0808
099088
165.400
1314
120120
166.500
1314
120120
168.000
0808
088088
170.660
0909
120120
170.800
0202
088088
171.400
0808
088088
192.000
0202
120055
194.000
0808
088088
206.000
0202
088088
209.000
0808
088088
218.000
0202
088088
220.000
0808
088088
221.000
0404
120120
221.200
0808
099077
227.000
0404
120120
227.300
0808
088088
243.000
0214
120120
244.000
0808
088088
267.000
0202
088088
268.000
0808
088088
318.000
0202
088088
319.000
0808
088088
327.000
1008
120088
330.000
0808
088088
348.000
0808
120120
353.900
1410
120120
354.900
0808
120120
357.500
0713
120120
358.000
1308
120120
360.000
1313
120120
367.000
0808
001001
369.600
0208
088088
370.000
0813
088088
376.400
0909
120120
376.530
0808
088088
376.700
0208
088088
377.100
0808
088088
380.300
0208
088088
380.600
0808
120120
385.600
0814
120120
393.400
1408
120120
395.000
0202
120120
396.000
1408
120120
397.000
0000
023022
398.000
0014
011011
399.000
0000
001001
401.000
1010
120120
End
