516
  0.200
   1
W
  0.390
   1
1
  0.600
   0
  0.950
   1
1
  1.200
   1
>
  1.800
   0
  2.400
   0
  3.200
   0
  3.900
   0
  4.600
   0
  5.300
   0
  6.300
   0
  7.050
   0
  8.000
   0
  8.700
   0
  9.900
   0
 10.950
   0
 11.910
   0
 12.810
   0
 13.300
   0
 13.900
   0
 14.850
   0
 15.400
   0
 16.000
   0
 16.800
   0
 17.550
   0
 18.300
   0
 18.800
   0
 19.600
   0
 20.400
   0
 21.400
   0
 22.100
   0
 22.700
   0
 23.600
   0
 24.600
   0
 25.300
   0
 25.900
   0
 26.500
   0
 27.400
   0
 28.200
   0
 28.700
   0
 29.200
   0
 30.000
   0
 30.700
   0
 31.300
   0
 31.900
   0
 32.600
   0
 33.400
   0
 33.900
   0
 34.900
   0
 35.600
   0
 36.200
   0
 36.800
   0
 37.600
   0
 38.100
   0
 38.800
   0
 39.600
   0
 40.200
   0
 41.100
   0
 42.000
   0
 42.700
   0
 43.600
2003
 44.300
   0
 45.100
   0
 45.800
   0
 46.700
   0
 47.700
   0
 48.600
   0
 49.200
   0
 50.000
   0
 50.900
   0
 51.700
   0
 52.300
2003
 53.000
   0
 54.000
   0
 55.000
   0
 56.000
   0
 57.000
   0
 57.900
   0
 58.400
   0
 59.400
   0
 59.900
   0
 60.600
   0
 61.600
   0
 62.100
   0
 62.700
   0
 63.500
   0
 64.000
   0
 64.400
   0
 65.000
   0
 65.700
   0
 66.300
   0
 67.100
   0
 67.700
   0
 68.300
   0
 69.100
   0
 69.700
   0
 70.400
   0
 71.500
   0
 72.300
   0
 73.100
   0
 74.300
   0
 75.400
   0
 76.150
   0
 76.950
   0
 77.900
   0
 79.000
   0
 79.800
   0
 80.600
   0
 81.300
   0
 82.000
   0
 82.900
   0
 83.800
   0
 84.600
   0
 85.300
   0
 86.000
   0
 86.400
   0
 87.100
   0
 87.800
   0
 88.500
   0
 89.000
   0
 89.800
   0
 90.500
   0
 91.100
2003
 92.300
   0
 92.800
   0
 93.400
   0
 94.400
   0
 95.400
   0
 96.100
   0
 97.400
   0
 98.100
   0
 98.600
   0
 99.400
   0
100.300
   0
101.300
   0
101.900
   1
4
102.500
   1
W
102.900
   0
103.300
   0
104.100
   0
105.300
   0
106.400
   0
107.300
   0
108.000
   0
109.000
   0
110.000
   0
111.000
   0
111.900
   0
113.000
   0
114.000
   0
114.800
2003
115.700
   0
116.800
   0
117.800
   0
119.100
   0
120.150
   0
120.600
   0
121.200
   0
121.900
   0
122.600
2003
123.700
   0
124.900
   0
125.800
   0
126.500
   0
127.300
   0
128.100
   0
129.000
   0
130.000
   0
131.500
   0
132.500
   0
133.400
2003
134.200
   0
134.900
   0
135.900
   0
136.500
   0
137.300
   0
138.000
   0
138.800
   0
139.500
   0
140.100
   0
141.100
   0
141.800
   0
142.500
   0
143.100
   0
143.700
   0
144.500
2003
145.300
   0
146.200
   0
146.800
   0
147.400
   0
148.200
   0
149.000
   0
149.700
   0
150.400
   0
151.000
   0
151.600
   0
152.200
   0
153.100
   0
154.000
   0
154.700
   0
155.500
   0
156.200
   0
157.100
   0
158.000
   0
158.700
   0
159.500
   0
160.500
   0
161.300
   0
162.200
   0
162.800
   0
163.700
   0
164.400
   0
165.400
   0
166.200
   0
167.100
   0
168.000
   0
169.000
   0
169.800
   0
170.500
2013
171.310
   0
172.100
   0
172.700
   0
173.400
   0
174.100
   0
175.000
   0
175.800
   0
176.700
   0
177.500
   0
178.400
   0
179.600
   0
180.500
   0
181.400
   0
182.500
   0
183.400
   0
184.300
   0
185.300
   0
186.200
   0
187.100
   0
188.100
   0
188.900
   0
189.800
   0
190.800
   0
191.600
   1
3
192.200
2002
UF
US
192.500
   0
192.800
   0
193.200
   0
193.700
   0
194.700
   0
195.400
   0
196.270
   0
197.220
   0
198.200
   0
199.200
   0
200.200
   0
201.200
   0
202.100
   0
203.100
   0
204.100
   0
205.000
   0
205.700
   0
206.600
2003
207.450
   0
208.300
   0
209.300
   0
210.300
   0
211.500
   0
212.600
   0
213.600
   0
214.400
   0
215.300
2013
216.400
   0
217.300
   0
218.100
   0
219.000
   0
220.100
   0
220.900
   0
221.600
   0
222.500
   0
223.300
   0
224.300
   0
225.000
   0
225.550
   0
226.100
   0
226.700
   0
227.400
   0
228.330
   0
229.050
   0
229.720
   0
230.740
   0
231.750
   0
232.400
   0
232.800
   0
233.500
   0
234.300
   0
235.100
   0
236.050
2013
236.700
   0
237.400
   0
238.100
   0
238.800
   0
239.500
   0
240.200
   0
240.900
   0
241.700
   0
242.500
2013
243.150
2014
244.000
   0
244.850
   0
245.750
   0
246.450
   0
247.200
   0
248.000
   0
248.800
   0
249.550
   0
250.400
   0
251.000
   0
252.000
   0
252.900
   0
253.800
   0
254.500
   0
255.200
   0
256.000
   0
256.940
   0
257.800
   0
258.550
   0
259.500
   0
260.750
   0
261.750
   0
262.600
2004
263.400
   0
264.300
   0
265.100
   0
265.850
   0
266.600
   0
267.100
2013
267.651
2014
268.300
   0
269.050
   0
269.550
   0
270.200
   0
271.050
   0
271.600
   0
272.400
   0
273.300
   0
273.900
2013
274.450
   0
275.250
   0
275.850
   0
276.400
2003
277.100
   0
277.900
   0
278.500
   0
279.100
   0
280.000
   0
280.600
   0
281.600
   0
282.400
   0
283.400
   0
284.300
2003
285.000
   0
285.600
   0
286.450
   0
287.330
   0
288.300
   0
289.050
   0
289.750
   0
290.500
2013
291.200
   0
291.900
   0
292.700
   0
293.400
   0
294.050
2003
294.800
   0
295.800
   0
296.700
   0
297.700
   0
298.300
   0
299.250
   0
299.900
   0
300.700
   0
301.500
   0
302.600
   0
303.300
2003
304.070
2003
304.570
   0
305.100
   0
305.700
   0
306.450
   0
307.050
   0
307.950
   0
308.900
   0
309.950
   0
311.150
   0
312.050
   0
313.000
   0
313.900
   0
314.890
   0
315.900
   0
316.800
   0
317.800
2014
318.300
2004
318.700
   0
319.300
   0
319.900
   0
320.400
   0
321.100
   0
321.700
   0
322.400
   0
323.200
   0
323.900
   0
324.900
   0
325.750
   0
326.700
   0
327.600
   0
328.500
   0
329.300
   0
330.200
   0
331.100
   0
331.800
   0
332.700
   0
333.550
   0
334.400
   0
335.150
   0
335.900
   0
336.600
   0
337.600
   0
338.400
   0
339.000
   0
339.800
   0
340.600
   0
341.350
   0
342.270
   0
342.950
   0
343.900
   0
344.550
2013
345.450
   0
346.400
   0
347.100
   0
347.900
   0
348.670
   0
349.500
   0
350.450
   0
351.390
   0
352.200
2003
353.200
   0
353.800
   0
354.740
   0
355.670
   0
356.600
   0
357.380
   0
358.240
   0
359.050
   0
359.960
   0
360.790
   0
361.300
   0
362.100
   0
362.780
2003
363.550
   0
364.300
   0
365.350
   0
366.120
   0
367.000
   0
367.700
   0
368.500
   0
369.000
2003
369.800
   0
370.750
   0
371.700
   0
372.700
   0
373.500
   0
374.200
   0
375.080
   0
376.100
2003
377.100
   0
377.800
   0
378.800
   0
379.640
   0
380.580
   0
381.250
   0
381.780
   0
382.400
   0
383.300
2013
384.100
   0
385.050
   0
385.780
   0
386.600
   0
387.480
   0
388.500
   0
389.390
   0
390.160
   0
390.920
   0
391.800
2013
392.700
   0
393.400
   0
393.950
   0
394.500
   0
395.130
   0
395.400
   0
395.650
2003
396.050
   0
396.550
   0
397.160
   0
397.600
   0
397.900
   0
398.200
   0
398.600
   0
399.000
   0
399.900
   0
400.100
2004
400.300
   0
400.500
   0
400.700
   0
400.880
 301
7
401.400
 500
End
