516
0.20
1
W
0.39
0
0.60
0
1
0
1.3
0
1.9
0
2.4
0
3.3
0
3.9
0
4.6
0
5.3
0
6.3
0
7.05
0
8
0
8.7
0
9.9
0
10.95
0
11.91
0
12.81
0
13.3
0
13.9
0
14.85
0
 15.4
0
 16
0
 16.8
0
 17.55
0
 18.30
0
 18.80
0
 19.6 
0
 20.40
0
 21.40
0
 22.1 
0
 22.70
0
 23.6 
0
 24.6 
0
 25.30
0
 25.90
0
 26.5 
0
 27.1 
0
 27.7
0
 28.7
0
 29.55
0
 30.1 
0
 30.70
0
 31.30
0
 31.90
0
 32.6 
0
 33.40
0
 33.90
0
 34.90
0
 35.6 
0
 36.20
0
 36.80
0
 37.6 
0
 38.1 
0
 38.80
0
 39.6 
0
 40.20
0
 41.1 
0
 42.  
0
 42.70
0
 43.6 
0
 44.30
1009
 45.1 
9000
 45.80
0
 46.70
0
 47.70
0
 48.6 
0
 49.20
0
 50.  
0
 50.90
0
 51.90
0
 52.3
0
 53
1009
 54
9000
 55
0
 56
0
 57
0
 57.9
0
 58.4
0
 59.4
0
 59.9
0
 60.6 
0
 61.6 
0
 62.1 
0
 62.70
0
 63.5 
0
 64
0
 64.40
0
 65
0
 65.70
0
 66.30
0
 67.1 
0
 67.70
0
 68.30
0
 69.1 
0
 69.70
0
 70.40
0
 71.5 
0
 72.30
0
 73.1 
0
 74.30
0
 75.40
0
 76.15
0
 76.95
0
 77.9
0
 79
0
 79.80
0
 80.6 
0
 81.30
0
 82
0
 82.90
0
 83.80
0
 84.6 
0
 85.30
0
 86
0
 86.40
0
 87.1 
0
 87.80
0
 88.5 
0
 89
0
 89.80
0
90.5
0
91.1
0
92.30
1009
92.80
9000
93.40
0
94.40
0
95.40
0
96.1
0
97.40
0
98.1
0
98.6
0
99.40
0
100.3 
0
101.3 
0
101.9
1
4
102.5
1
M
102.9
0
103.3 
0
104.1 
0
105.3 
0
106.40
0
107.3 
0
108
0
109
0
110
0
111
0
111.90
0
113
0
114
0
114.8 
0
115.7 
1009
116.8 
9000
117.8 
0
119.1 
0
120.15
0
120.6
0
121.2
0
121.9
0
122.6 
0
123.7 
1009
124.9
9000
125.8 
0
126.5 
0
127.3 
0
128.1 
0
129.  
0
130.  
0
131.5 
0
132.5 
0
133.4
0
134.2 
1009
134.9
9000
135.9
0
136.5 
0
137.3 
0
138.  
0
138.8 
0
139.5 
0
140.1 
0
141.1 
0
141.8 
0
142.5 
0
143.1 
0
143.7 
0
144.5 
0
145.3 
1009
146.2 
9000
146.8 
0
147.4 
0
148.2 
0
149.  
0
149.7 
0
150.4 
0
151.  
0
151.6
0
152.2
0
153.1
0
154.  
0
154.7 
0
155.5 
0
156.2 
0
157.1 
0
158.  
0
158.7 
0
159.5 
0
160.5 
0
161.3 
0
162.2 
0
162.8 
0
163.7 
0
164.4 
0
165.4 
0
166.2 
0
167.1 
0
168.  
0
169.  
0
169.8 
0
170.5
2013
171.31
1001
Blank
172.1
9000
172.7 
0
173.4 
0
174.1 
0
175.  
0
175.8 
0
176.7 
0
177.5 
0
178.4 
0
179.6 
0
180.5 
0
181.4 
0
182.5 
0
183.4 
0
184.3 
0
185.3 
0
186.2 
0
187.1 
0
188.1 
0
188.9 
0
189.8 
0
190.8
0
191.6
1
3
192.2
1002
UF
US
192.5
0
192.8 
0
193.2 
0
193.7 
0
194.7 
0
195.4 
0
196.27
0
197.22
1001
F
198.2 
9000
199.2 
0
200.2 
0
201.2 
0
202.1 
0
203.1 
0
204.1 
0
205
0
205.7 
0
206.6
0
207.45
1009
208.3
9000
209.3 
0
210.3 
0
211.5 
0
212.6 
0
213.6
0
214.4
0
215.3 
0
216.4 
0
217.3
0
218.1
0
219
1001
F
220.1 
9000
220.9 
0
221.6 
0
222.5 
0
223.3 
0
224.3 
0
225.  
0
225.55
0
226.1 
0
226.7
0
227.4 
0
228.33
0
229.05
0
229.72
0
230.74
0
231.75
0
232.4 
0
232.8 
0
233.5 
0
234.3 
0
235.1 
0
236.05
0
236.7 
0
237.4
0
238.1
0
238.8
0
239.5
0
240.2
0
240.9
0
241.7
0
242.5
0
243.15
1002
F
S
244
0
244.85
1003
245.75
0
246.45
0
247.2 
0
248
0
248.8 
0
249.55
0
250.4 
0
251
0
252
0
252.9 
0
253.8 
0
254.5 
0
255.2 
0
256
0
256.94
0
257.8 
0
258.55
0
259.5 
0
260.75
0
261.75
0
262.6 
0
263.4 
0
264.3 
0
265.1 
0
265.85
0
266.6 
0
267.1 
1003
267.651
1002
F
S
268.29
1
\
269.05
0
269.55
0
270.15
1001
F
271.05
9000
271.6 
0
272.4 
0
273.3 
0
273.9 
0
274.45
0
275.25
0
275.85
0
276.4 
0
277.1 
1004
277.9 
0
278.5 
0
279.1 
0
280
1001
f
280.6 
9000
281.6 
0
282.4 
0
283.4 
0
284.3
2003
285
1001
f
285.6
9000
286.45
0
287.33
0
288.3 
0
289.05
0
289.75
0
290.5
2013
291.2
1002
>
Blank
291.9 
0
292.7 
0
293.4 
0
294.05
2003
294.8
1004
295.8 
0
296.7 
0
297.7 
0
298.3 
0
299.25
0
299.9 
0
300.7 
0
301.5 
0
302.6 
1004
303.3 
0
304.07
1004
304.57
0
305.1
0
305.7
0
306.45
0
307.05
0
307.95
0
308.9 
0
309.95
0
311.15
0
312.05
0
313
0
313.9 
0
314.89
0
315.9 
0
316.8 
0
317.8 
1002
f
s
318.3
0
318.7
1001
Blank
319.3
9000
319.9 
0
320.4 
0
321.1 
0
321.7 
0
322.4 
0
323.2 
0
323.9 
0
324.9 
0
325.75
0
326.7 
0
327.6 
0
328.5 
0
329.3
0
330.2 
0
331.1 
0
331.8 
0
332.7 
0
333.55
0
334.4 
0
335.15
0
335.9 
0
336.6 
0
337.6 
0
338.4 
0
339.  
0
339.8 
0
340.6 
0
341.35
0
342.27
0
342.95
0
343.9 
0
344.55
0
345.45
0
346.4 
0
347.1 
0
347.9 
0
348.67
0
349.5 
0
350.45
0
351.39
0
352.2
0
353.2
0
353.8
0
354.74
1002
F
Blank
355.67
0
356.6
0
357.38
0
358.24
0
359.05
0
359.96
0
360.79
0
361.3
0
362.2 
0
362.78
1004
363.5
0
364.3
0
365.35
0
366.12
0
367.
0
367.7
0
368.5
0
369.0
0
369.8
1004
370.75
0
371.7
0
372.7
0
373.5
0
374.2
0
375.08
0
376.1
0
377.1
1004
377.8
0
378.8
0
379.64
0
380.58
0
381.25
0
381.78
0
382.4
0
383.3
0
384.1
1014
385.05
0
385.78
0
386.6
0
387.48
0
388.5
0
389.39
0
390.16
0
390.92
0
391.8
0
392.7
0
393.4
0
393.95
0
394.5
0
395.13
0
395.4
1004
395.65
0
396.05
0
396.55
0
397.16
0
397.6
0
397.9
0
398.2
0
398.6
0
399
0
399.8
0
400.1
1003
400.3
0
400.5
0
400.7
0
400.88
1
13
401.4
500
End
