130
  0
 15
  0.20
 20
  0.39
 40
  2.11
 75
  4.40
 80
  7.40
 90
  9.40
 95
 11.40
 90
 12.1 
 80
 13.60
100
 16.90
 60
 17.80
 70
 18.10
 80
 18.60
 90
 19.42
100
 22.5 
 95
 24.40
100
 27.5 
 95
 28.5 
 90
 29.30
100
 29.90
110
 33.20
100
 43.40
 95
 43.7
 40
 44.5
 95
 52.4
 20
 53.2
 95
 56.20
 90
 57.18
100
91.3
40
92.5
100
95.50
60
101.99
 20
103.1 
105
107.30
 85
107.80
105
108.6 
110
114.9
20
116
110
119.70
 75
121.40
 95
122
100
122.8
25
123.9
100
126.70
 80
129.20
 95
133
 90
133.5
15
134.4
105
140.20
100
144.7
15
145.5
100
152.80
100
157
110
169.40
100
170.8
 40
171.32
10
171.5
85
191
100
191.8
 35
192.5
 75
197.3
50
197.5
100
206.7
 10
206.8
25
207.6
25
207.7
75
212.40
100
212.90
 90
213.2 
 80
213.81
100
215.8
50
216
75
217
60
219
30
219.2
90
221
110
236.2
50
237.2
20
241.2
40
242.6
 50
243.85
75
268.35
 30
268.4
50
269
 75
271
 50
272
 90
274
50
274.1
75
280.1
60
282
110
284.55
25
285.1
15
285.2
105
290.7
50
290.8
75
299
60
299.40
75
303.651
30
304.5
75
311
50
311.5
75
317.4
60
318.15
45
318.45
25
319
110
344.8
70
345
75
347.15
90
348.47
70
348.67
75
349.67
90
353.6
75
355
90
373.2
75
373.3
90
377.1
80
377.3
90
380.35
75
381.4
70
381.9
90
382.97
75
384.4
90
385.2
80
385.6
90
393.4
75
393.66
90
395.4
75
399.85
 40
400.89
 20
End
