96
  0
 15
  0.20
 20
  0.39
 40
  2.11
 75
  4.40
 80
  7.40
 90
  9.40
 95
 11.40
 90
 12.1 
 80
 13.60
100
 16.90
 60
 17.80
 70
 18.10
 80
 18.60
 90
 19.42
100
 22.5 
 95
 24.40
100
 27.5 
 95
 28.5 
 90
 29.30
100
 29.90
110
 33.20
100
 43.40
 95
 56.20
 90
 57.18
100
 65.50
110
 76.20
100
 88.80
110
 93.20
105
 96.40
100
101.45
 60
101.99
 20
103.1 
105
107.30
 85
107.80
105
108.6 
110
119.70
 75
121.40
 95
122
100
126.70
 80
129.20
 95
133
 90
134
105
140.20
100
142.40
 90
143.40
 80
145.20
 85
149.30
 90
152.80
100
157
110
169.40
100
170.8
 85
172.40
110
191
100
191.8
 35
192.5
 95
194.40
110
206.7
 75
208
110
212.40
100
212.90
 90
213.2 
 80
213.81
100
215.6
 80
216.1
 90
218.15
100
221
110
242.6
 80
243.85
110
261.02
105
262.15
 90
263
110
268.30
 75
269
 90
274.2 
110
285.1 
105
298.85
 90
299.40
100
299.8 
110
303.65
100
304.8 
110
312.5 
105
314
100
317.65
 75
319.40
110
331
100
332.6 
110
359.4
 90
360.93
110
373.33
100
373.90
110
395.40
 90
397.8
 80
399
 55
399.9
 40
400.89
 20
End
