0000000000000000000000000000000000000000000000000000000000000000000000000000000000
0101010101010101010101010101010101010101010101010101010101010101010101010101000000
0100000000000000000001303030303030303030303030303030303030303030303007050001000000
0100010101010005000001010101010101010101010101070101010101010101010101000001000000
0102010000010000000000323232323232323232323232323232323232323232323200000001000000
0101010000010000000001010101010101010101010101010101010101010101010100000001000000
0000000000010100000001303030303007010000004700000000010007000000050100010101000000
0000000000000100000001010130303007010009010101000000010001000000000100013701000000
0000000000000100000000070707070707010000000001000000010001000100000100010001000000
0000000000000100000001010107010101010000000001000000013701000130300100010001000000
0000000000000100010101000133010000000000000001000000010101000101010100010001000000
0000000000000145010000000133011000000009000001000000120012000000000000010001000000
0000000000000000000000000133010000090000000001010101010101010101000001010001000000
0000000000000000000000000133010100000000090000000047000001303001010101000001000000
0000000000000000000000000136360101010100000000010101010001000001530000000001000000
0000000000000000000000000101360101010101010101010000000001001201010101014501000000
0000000000000000000000000001363636360100000014000005000001000000000001000000000000
0000000000000000000000000001010101360100000000000000000001010100120001000000000000
0000000000000000000000000000000001360100050000050000000000470000000001000000000000
0000000000000000000000000000000001360100000000000000000001010101010101000000000000
0000000000000000000000000000000001360105000014000001010101000000000000000000000000
0000000000000000000000000000000001360107010101010001000000000000000000000000000000
0000000000000000000000000000000001360100000000010001010101000000000000000000000000
0000000000000000000000000001010101620101010100010000001449000000000000000000000000
0000000000000000000000000001000000000000000100010001010101000000000000000000000000
0000000000000000000000000001303130003031300100014701000000000000000000000000000000
0000000000000000000000000001303030303030300100010001000000000000000000000000000000
0000000000000000000000000001010101340101010100010501010101010000000000000000000000
0000000000000000000000000000000001030100000000010000303030010000000000000000000000
0000000000000000000000000000000001010107010101010000303030010000000000000000000000
0000000000000000000000000000000000010300000000000000303030010000000000000000000000
0000000000000000000000000000000000010101010101010101010101010000000000000000000000
0000000000000000000000000000000000000000000000000000000000000000000000000000000000
