0000000000000000000000000000000000000000000000000000000000000000000000000000000000
0000000000000000000000000000000000000000000000000001010100000000000000000000000000
0000000000000000000000000000000000000000000000000001300100000000000000000000000000
0000000000000000000101010101000001010101010101010101000100000000000000000000000000
0000000000000000000100000001010101000000000000001000000100000000000000000000000000
0000000000000000010100000000000600000000000000001000000100000000000000000000000000
0101010101010101010000000000010101010101000000000000000100000000000000000000000000
0130300100000006000001010100010000000001001000000000000100000000000000000000000000
3700000800000101010101450100010000000001000000001000000101010101010100000000000000
0100000800000000010500000000010000000001000000000000000006000030300100000000000000
0130000110000005010101000101010000000001010101010001010101010000300100000000000000
0101010101010101010001090100000000000000000000010601000000010000000101010000000000
0000000000000000000001060100000000000000000000011201000000010000000037010000000000
0000000000000000000001000101010100000000000000010301000000010101010101010000000000
0000000000000000000001000000030100000000000000010101000000000000000000000000000000
0000000000000000000001000101010100000000000000000000000000000000000000000000000000
0000000000000000000101000101000000000000000000000000000000000000000000000000000000
0000000000000000000105000501000000000000000000000000000000000000000000000000000000
0000000000000000000100000001000000000000000000000000000000000000000000000000000000
0000000000000000000100000001000000000000000000000000000000000000000000000000000000
0000000000000000000100020001000000000000000000000000000000000000000000000000000000
0000000000000000000101010101000000000000000000000000000000000000000000000000000000
0000000000000000000000000000000000000000000000000000000000000000000000000000000000
0000000000000000000000000000000000000000000000000000000000000000000000000000000000
0000000000000000000000000000000000000000000000000000000000000000000000000000000000
0000000000000000000000000000000000000000000000000000000000000000000000000000000000
0000000000000000000000000000000000000000000000000000000000000000000000000000000000
0000000000000000000000000000000000000000000000000000000000000000000000000000000000
0000000000000000000000000000000000000000000000000000000000000000000000000000000000
0000000000000000000000000000000000000000000000000000000000000000000000000000000000
0000000000000000000000000000000000000000000000000000000000000000000000000000000000
0000000000000000000000000000000000000000000000000000000000000000000000000000000000
0000000000000000000000000000000000000000000000000000000000000000000000000000000000
