0101010101010101010101010101010101010101010101010101010101010101010101010101010100
0145010101010101010101010101010101010000000000001200000101010101010000310101010100
0100010000000001013030000101010101010000000800080008000001010101010000000101010100
0100000000000001013000000005010101010100000000000000001200000600000000003001010100
0100010000000001010100000005000001010101000800080008000000010101000000003001010100
0100010000000000030101010005000001010101000000000000000012010101010101303001010100
0102010000000001010101010101000000010101000800080008000800010101010101010101010100
0101010101010001010101010100000000010101000000001200000000000101010101010101010100
0101010101010601010101010000000000010101000800080008000000010101010101010101010100
0108080808010001000101010000130000000612000000000012000001010101010101323201010100
0101303001010000000101010100000000010101010101010101010001010101010332323232000100
0101303001010000150101010101010001010101010101010101010601010152010101323201000100
0101000001011508000101010101010301010101010101010101010001010100010101010101060100
0101010101010000000001010101010101430143010101010101010000060000000101010101000100
0101010044000000000000015401010101000000000101010101010101010100000101010101000100
0101013701010101001500010001010101000014000006000000000001010100000101000000000000
0139010101010101000800000001010101000000000101010100150042010100000000000015000100
0100010101010100000000000000060000140000000101010100000001010100000101000000000100
0100000000010100010101000001010143014301430101010100000029060015000101010000000100
0100000000010106010101010101010101010101010101010100150001010101010101010101000100
0100000000010100010101070707070707070707013001010100000001010101070707073001010100
0101000000000000000807070101010101300107070707010100000001070707070101010101010100
0101010001010101010101010101010101010101010107010105000501070701010101013030010100
0101010101013701010101010101303230323001010107010101030101010701010130303030300100
0101010100010001010101010130003032303230010107070707070707070701010130303038300100
0000000100000000000001010130303230323032010101010101010101070101010101303030303000
0038000100000000010001010101323032003200000612000600000001080101010101013030300100
0000000100000000010001010101010101000000010101010101000001000101010101010100010100
0100010100000000010001010101010101000000010101010100001200000001010101010100010100
0100010808080808010000061506150600000000005301010100000000120001010101010100010100
0100010001010101010101010101010101010101010101010101000000000000030101010139010100
3000000001010101010101010101010101010101010101010101010101010101010101010101010100
0000000000000000000000000000000000000000000000000000000000000000000000000000000000
