0000000000000000000000000000000000000000000000000000000000000000000000000000000000
0000000000000000000101010101010101010101010101010101010101000000000000000000000000
0000000000000000000100000000000000000000000000000032000001000000000000000000000000
0000000000000000000100000000000932000005000000000009000001000000000000000000000000
0000000000000000000100000005050000000000000500110000000001000000000000000000000000
0000000000000000000105000000000000000009000000000000320001000000000000000000000000
0000000000010101010101090000000101000000000000000005000001000000000000000000000000
0000000000013000000001010101010105000000000000000000000001000000000000000000000000
0000000000013010000000060000000600003200000500000000120001010101010101000000000000
0000000101010101000001010100010105000000000000000000000001300707073001000000000000
0000000100000001000001100100000101000000000000321100003201300701070101000000000000
0000000100000001303001000100000100000000320000000000000901300701303001000000000000
0000000101000001010101000100000101010101010012000000000001300701303001000000000000
0000000101000000000000000000000100000000010000000000050001010101000001000000000000
0000000001000000000101010101010100000000010032093200000000060600000045000000000000
0000000001000000000100000000000000000000010101010101010001010101010101000000000000
0000000001303001000100000000000000000000000001000000010601000000000000000000000000
0000000001303001060100000000000000000000000000000000010601000000000000000000000000
0000000001010101000101010100000000000000000000000000010001010101010000000000000000
0000000000000001000000000100000000000000000000000101010000000003010000000000000000
0000000000000001000000000100000000000000000000000100000000000101010000000000000000
0000000000000001000002000100000000000000000000000100100000000003010000000000000000
0000000000000001010101010100000000000000000000000101010101010101010000000000000000
0000000000000000000000000000000000000000000000000000000000000000000000000000000000
0000000000000000000000000000000000000000000000000000000000000000000000000000000000
0000000000000000000000000000000000000000000000000000000000000000000000000000000000
0000000000000000000000000000000000000000000000000000000000000000000000000000000000
0000000000000000000000000000000000000000000000000000000000000000000000000000000000
0000000000000000000000000000000000000000000000000000000000000000000000000000000000
0000000000000000000000000000000000000000000000000000000000000000000000000000000000
0000000000000000000000000000000000000000000000000000000000000000000000000000000000
0000000000000000000000000000000000000000000000000000000000000000000000000000000000
0000000000000000000000000000000000000000000000000000000000000000000000000000000000
