0000000000000000000000000000000000000000000000000000000000000000000000000000000000
0000000000010101010101010101450100000000000000000000000000000000000000000000000000
0101010101010000323232323200000101010101010101010101010101000000000000000000000000
0130300000070001010101010101000006000000060000001400000001000000000101010101000000
0130300000070001300500000001010101010001010101010101010001010101013030303001000000
0101010101010001300000000000100505010501303030010000000001303030013030303001000000
0000000000010001010100000000000005010001000505010001010101303030010101303001000000
0000000000010000000800003800000000000000000005010001000900000000004901303001000000
0000000000010101000100000000000005000011000000010601000000000000010101303001000000
0000000000000001060100000000050505050000000000010001000000000900073030303001000000
0000000000000001000100000000000505050000000101010001003800000000010101010101000000
0000000000000001000101010000000005000000000005000001000000090000010001000000000000
0000000000000001000005000000000011000000000101010001000000000000010001000000000000
0000000000000001000101010101000000000000000000080001010808080101010001000000000000
0000000000000001000100004901000000000500003700010000001400000006000001000000000000
0000000000000001000114010101000005050505000000010101000108080101010001000000000000
0101010101010101000100010000000000050500000011050508000100000030010001000000000000
0100000600000000000100080000100000000000000505050501000100370030010001000000000000
0100010101010001010100010500000000000001010108010101000100000030010201000000000000
0100010000010001000000010505000000010101001400000600000109000030010101000000000000
0100010000010601000101010105000000000500000101010101010101000101010000000000000000
0100010000010001000100000101080108010101000100000000000001530100000000000000000000
0103010000013201000700000100001400000001060100000000000000000000000000000000000000
0101010000013201000100000100010101010001000100000000000000000000000000000000000000
0000000000013201000130300100010000010000000100000000000000000000000000000000000000
0000000000013201000101010100010000010001010100000000000000000000000000000000000000
0000000000013201000006000000010000013001000000000000000000000000000000000000000000
0000000000010001000101010101010000013001000000000000000000000000000000000000000000
0000000000010001000100000000000000010101000000000000000000000000000000000000000000
0000000000010001000101010000000000000000000000000000000000000000000000000000000000
0000000000010000000000010000000000000000000000000000000000000000000000000000000000
0000000000010101010101010000000000000000000000000000000000000000000000000000000000
0000000000000000000000000000000000000000000000000000000000000000000000000000000000
