0000000000000000000000000000000000000000000000000000000000000000000000000000000000
0101010101010101010101010101010101010101010101434343434301434343010143014343010100
0149013001300103010000000000000000000000015200363636366161363636363636363636360100
0100010000000100010008000800080008000800010101366115616136366161366161616136610100
0100010101000000010000000000000000000000000001366136363636363661363636361536360100
0100220600000101010008000800080008000800000001366161616136610061616161366161610100
0101010101220100000000000000000000000000000001363636003636613636363636363636360100
0100000001060100000000000001010101010001010101363636613615613661613661616161010100
0100010001000100000000000043303030010001363636366161613661613636613636363661010100
0100010000000100000001010101303030010001360005366136363636613636616161361536010100
0100010101010100000001300030303030010001360515366136616161616136003661366136010100
0100000600000000000001300030303030010001360000366136613636363636363636366136365300
0101010101010101010001300030303030010001360000363636613615364536363645366101010100
0101010100000000000001300030303030010001010101010101010101363636363636363601010100
0101010100010101010101010001010101010001010101010101010101010001010100010101010100
0101010000010101010101010001000000000001010101010101010101010601420106010101010100
0100000000010101010101010001000000000001010101010101010101010001000100010101010100
0100000000010101010101016201000022000001010101010100000000000000000000010101010100
0100000000010101010101010501010101010101010101010100020000000000000000010101010100
0100010101010101010101010000004700470000000000000100000001010101600101010101010100
0100010101010101010101010000010101010100000000000100000001010101000000000001010100
0100010101010101010101012200010000060000000000000100000001010101014301010000550100
0144010101010101010101010000010001010100000000000100000001010100000000010143010100
0144010101010101010101010000010000013000000000000100000000060000000000000000006000
0144010101010100000000000000010000013000050005000101000001010100000000000000050100
0100010101010100010101010101010000013000000000000101000101010100000000000000006000
0100010101010000010000000000000000010101010101010101000101014300000000000000050100
0100000006000000010000000000000000000600002206000001060101010100000000000000006000
0100010101010101010001010101010001010101010101010001000101014300010101010101010100
0100010101010101010001303030300001010101010101010000000101030000000000000000156000
0152010101010101015201303030300001010101010101010101010101010100000000000000050100
0101010101010101010101010101010101010101010101010101010101014301600160016001014300
0000000000000000000000000000000000000000000000000000000000000000000000000000000000
