0000000000000000000000000000000000000000000000000000000000000000000000000000000000
0000000000000101010101010100000000000101010101010101010101010101010101010000000000
0000000000000130303030300100000000000100000000000600000000000000000000010000000000
0000000000000100000000000101010101010100000000010101000000000000000000010000000000
0000000000000100000000000000004400000000000000013001000012000000000000010100000000
0000000000000100010101010808010101010101000101010001000000000000000000000100000000
0000000000000100120000013030010000000001060100120001000100010001000101000100000000
0000000000000101011200013232010000010001000100010001010152015501030100000100000000
0000000101010149000000013232430000010000000000010000000108010801080100010100000000
0000000100050101013030013232010001010105010101010101000000000000000100000100000000
0000000100120000010101013232430000000000120000013001010101010101000101000100000000
0000000100000000000600000000010101000000000000010000000000013001120001060100000000
0101010105000000010101320000000001010001010100010101010100000001000101000101000000
4300000000000012000600000032000000010001000000000000000500010001000005000001010000
4300000000000000010101000000003700431201000101010101000100011201000101010000010000
4300000012000000000600003832000000010001000000000001000000010000000000010100010000
4300050000000000010101000000003200430001010101010001010101010001000100000100010000
4305000000120000000600003232000000010000000000010000120000000001000101010100010000
4300000000000000010101003200320500430101010100000001010101010101120000000000010000
4300000000050000000600000000390000010010060000013001000000000600000100010100010000
4300120000000000010101000000000000430001010100010101000100010101000100000106010000
4300000000000012000600000005320032010001300000120000000101010001010101000112010000
4300000005000000010101000005000000000001010001010101000100000000060000000100010100
4312000000000000000600003200370032010001300000000001490100000101010100010100000100
4300000012000012010101000000000000430001010101010001010100000100011200000101004300
4300000000000000000600000032000000010010060000010032323200000100010101000000000100
4300000012000000010101000000000000010101010110010001010101000100000000000000004300
0130010101010130300100390000050000000000320100010001003001000100010000000000000100
0130010000000130304300003200000038003200000100010001000101010100430000000000004300
0130010000000130300105000000320000000101010100010001000000000000010000000000000100
0130010000000130304305050000320032000000060000000001050000000000430000000200004300
0103010000000101010101010101010101010101010101010101010101010101010101010101010100
0000000000000000000000000000000000000000000000000000000000000000000000000000000000
