0000000000000000000000000000000000000000000000000000000000000000000000000000000000
0000000001010101010101010101010145010101010101010101010101010101010101010000000000
0000000001000906000000000000000000070707070707070107070707070707070703010000000000
0000000001000101010000303001010112010101010101070107010101010101010101010000000000
0000000001000103010001010101490100010500010001070107010101000000000000000000000000
0000000001000100010001550105000106010000080001070707015401000000000000000000000000
0000000001000100000001000100000100010000010801010101010001010100000000000000000000
0000000001000100000001000100000000000000080000000000000000490100000000000000000000
0000000001000100100001000105000000000000010800080008000801010100000000000000000000
0000000001000100000001000105050000000000080000000000000001010100000000000000000000
0000000001000101010101000101010101010100010800080008000801370100000000000000000000
0000000001000000010000000000000000000100080000000000010101000101000000000000000000
0000000001000000010000080008000800080100010800080008010000100001010100000000000000
0000000001001200010000000000000000000100010000000000010000000000530100000000000000
0000000001001201010101080100000800080100010800080008010010000001010100000000000000
0000000001000000000600000100000000000137010000000000010001010101000000000000000000
0000000001000000010101000100000800080101010800080008010601000000000000000000000000
0101010101000000000501060100000000000000000000000101010001000000000000000000000000
0100000000000000010101000101000100080008000800080100000001000000000000000000000000
0100000012000000010909090901000100000000000000000800010101000000000000000000000000
0100000101010100010909090901380100080008010101010100010000000000000000000000000000
0111000130340106010909090901010101010101013663360100010000000000000000000000000000
0130300130340100010000000000060000003030073636360800010000000000000000000000000000
0107010130340100010101010101010100003030013663360800010000000000000000000808080000
0130303030340100000000000032000101010101013636360100010000000000000000000838080000
0101010101010132000032320032323230300000013663360100010000000000000000000800080000
0130320000000000320000003200000032300000013636360102010000000000000000000800080000
0130320000323200000000320000320000320000013663360101010000000000000000000800080000
0130303200003232323200003232000032000000013636360103010000000000000000000800080000
0130303200000032000000320032000032320000010101010100010808080808080808080800080000
0130300000003030320000000000000000323200000600100000070000000000000000000000080000
0143014301430143014301430143014301430143010101010101010808080808080808080808080000
0000000000000000000000000000000000000000000000000000000000000000000000000000000000
