0000000000000000000000000000000000000000000000000000000000000000000000000000000000
0505050505050505050505050505010101010101010101010101010101010101010101010101010100
0505050505050505050505050101010000003030303030343401050505050505300500000000054300
0505050505050505050505050100070701010101010101013401050505050505303000000500050100
0505014301010101010101420107010101050505050505013001050505050505303005000000004300
0505010001370000010000000100014901050000000005013001050505050505050505000005000100
0101010001010100000001000100011501050039000005013001050505050505000500000500004300
0138000000370100010001470100010001050000003405013001050505050505050000050000000100
0101010001010100010001000100150001050000343405013001050505050505050000000000004300
0153010501490100000001000100010001050505050505010001050505050505050505000005050100
0100010001000100010001001500010001010101010101016001010101010105050505000005004300
0100000000000100014701000100011501303005050800080008000800080105050500000000000100
0100000000000100010001000100010001303005000000050000000000050105000000000500004300
0100000200000100010000000100010301303008000800080008000800080105050500000000000100
0100000000000101010001000100010701303000160000000005000000000105050500050000004300
0101010101010101150001001500010730303008000800080008000800080105050000000005000100
0100000000003801000101010101010130303000000000050500000000050707070005050505054300
0100010101010101540105050505050143303008000800080008050805080105050500050500000100
0147010505050501010105050505050543434301434343010005000000000105050500000005004300
0100010505050505050505050505050505050505050505430008000800080105050505000500000100
0112010505050505050505050505050505050505050505430000000500000105050500000505004300
0100010505050505050505050505050505050505050505430508000800080105050000000500050100
0100010505050505050505050505050505050505050505010000000000000105050500000000054300
0147010505050505050505050505050505050505050505430000000000004305050500050505000100
0100010101010101050505050505050505050505050505434300010101434305000500000000004300
0100000000000001010505050505050505050505050505430000430505050505050000000000050100
0100630000630001010105050505050101010505050505010043430500050505000500390000004300
0100000000000000000101050505050130010505050505430000430500000005000500000000000100
0100000000000000000001010505050130010505050505434300010500050505050505050005054300
0100630000630000630000010143434330014343434301430000450505000505050030303030050100
0100000000000000000000290015151515151515151515000001010500000500303030303030054300
0143434343434343434301014343434301434343430143434301010101010101010101010101010100
0000000000000000000000000000000000000000000000000000000000000000000000000000000000
