0000000000000000000000000000000000000000000000000000000000000000000000000000000000
0000000000000000000000000000000101010000000000000000000000000000000000000000000000
0000000000000000000101010100000100010000000000000000000000000000000000000000000000
0000000000000000000130300100000100010101010101010101000000000000000000000000000000
0000000000000000000100000100000106010000000000000001000000000000000000000000000000
0000000000000000000100000100010100010000000009000001000000000000000000000000000000
0000000000000001010100000101010000000000010001000001000000000000000000000000000000
0000000000000001490000000000000000000009010601000101000000000000000000000000000000
0000000000000001010101010101010101010000010001000100000000000000000000000000000000
0000000000000000000001000006000000010101010001010100000000000000000000000000000000
0000000000000000000001000101010000000006000001030100000000000000000000000000000000
0000000000000101010101000000080000010101010001000145010000000000000000000000000000
0000000000000130100000000000080000013030010601000000010000000000000000000000000000
0000000000000130300000000000080000013030010001000000010000000000000000000000000000
0000000000000130303000100101010100010000010000000000010000000000000000000000000000
0000000000000101010100000100000106010900010000000200010000000000000000000000000000
0000000000000000000101010100000100010000010101010101010000000000000000000000000000
0000000000000000000000000000000100000000010000000000000000000000000000000000000000
0000000000000000000000000000000100090000010000000000000000000000000000000000000000
0000000000000000000000000000000100000000010000000000000000000000000000000000000000
0000000000000000000000000000000101010101010000000000000000000000000000000000000000
0000000000000000000000000000000000000000000000000000000000000000000000000000000000
0000000000000000000000000000000000000000000000000000000000000000000000000000000000
0000000000000000000000000000000000000000000000000000000000000000000000000000000000
0000000000000000000000000000000000000000000000000000000000000000000000000000000000
0000000000000000000000000000000000000000000000000000000000000000000000000000000000
0000000000000000000000000000000000000000000000000000000000000000000000000000000000
0000000000000000000000000000000000000000000000000000000000000000000000000000000000
0000000000000000000000000000000000000000000000000000000000000000000000000000000000
0000000000000000000000000000000000000000000000000000000000000000000000000000000000
0000000000000000000000000000000000000000000000000000000000000000000000000000000000
0000000000000000000000000000000000000000000000000000000000000000000000000000000000
0000000000000000000000000000000000000000000000000000000000000000000000000000000000
